3345.0, 3381.0, 3649.0, 3603.0, 3119.0, 9.06, 5.03, -0.42, 0.83, 0.31, 0.19
3328.0, 3393.0, 3659.0, 3611.0, 3125.0, 8.59, 4.86, -0.03, 1.28, 0.34, 0.11
3326.0, 3389.0, 3701.0, 3583.0, 3124.0, 8.55, 5.08, -0.28, 2.22, 0.76, 0.0
3327.0, 3393.0, 3663.0, 3605.0, 3124.0, 8.22, 5.63, -0.39, 2.75, 1.08, -0.06
3326.0, 3392.0, 3664.0, 3611.0, 3123.0, 8.12, 6.08, -0.76, 2.8, 1.24, -0.04
3329.0, 3391.0, 3662.0, 3610.0, 3122.0, 7.86, 6.48, -0.1, 1.97, 0.75, 0.01
3314.0, 3390.0, 3643.0, 3616.0, 3120.0, 7.5, 6.47, 0.3, 0.66, 0.46, -0.04
3327.0, 3393.0, 3732.0, 3614.0, 3131.0, 7.8, 5.95, 0.53, -0.43, 0.14, -0.19
3325.0, 3394.0, 3659.0, 3601.0, 3121.0, 7.54, 6.17, 1.36, -1.73, -0.3, -0.32
3341.0, 3389.0, 3651.0, 3600.0, 3124.0, 7.74, 5.75, 1.97, -2.42, -0.04, -0.44
3327.0, 3391.0, 3685.0, 3583.0, 3120.0, 7.58, 7.0, 4.07, -2.78, -0.2, -0.21
3328.0, 3391.0, 3671.0, 3599.0, 3120.0, 7.97, 6.2, 4.27, -3.51, -0.44, -0.02
3329.0, 3392.0, 3667.0, 3583.0, 3120.0, 8.17, 4.83, 4.2, -3.65, -0.74, 0.13
3328.0, 3378.0, 3670.0, 3600.0, 3121.0, 8.6, 3.59, 3.91, -2.42, -0.75, 0.23
3327.0, 3389.0, 3664.0, 3598.0, 3122.0, 8.52, 2.74, 3.75, -1.16, -0.8, 0.08
3327.0, 3382.0, 3664.0, 3600.0, 3120.0, 8.57, 2.58, 2.94, -0.25, -0.59, -0.18
3319.0, 3408.0, 3663.0, 3570.0, 3106.0, 9.43, 1.95, 1.2, 2.81, 0.48, -0.38
3327.0, 3389.0, 3663.0, 3583.0, 3123.0, 8.84, 3.16, 0.62, 3.57, 0.42, -0.07
3341.0, 3397.0, 3664.0, 3600.0, 3125.0, 8.74, 4.04, -2.01, 4.37, 1.41, -0.3
3335.0, 3392.0, 3663.0, 3601.0, 3124.0, 7.92, 5.65, -0.22, 4.17, 0.93, 0.06
3341.0, 3395.0, 3671.0, 3583.0, 3124.0, 8.18, 7.03, -0.19, 2.51, 0.44, 0.25
3339.0, 3395.0, 3661.0, 3607.0, 3127.0, 7.87, 7.12, 1.15, 0.96, -0.05, 0.26
3341.0, 3394.0, 3657.0, 3600.0, 3123.0, 7.63, 7.06, 1.17, -1.04, -0.78, 0.16
3344.0, 3392.0, 3661.0, 3600.0, 3123.0, 8.03, 6.16, 1.04, -2.44, -0.96, 0.02
3343.0, 3392.0, 3664.0, 3583.0, 3123.0, 8.11, 5.85, 1.38, -4.1, -1.68, 0.19
3345.0, 3391.0, 3664.0, 3583.0, 3124.0, 7.75, 5.92, 1.73, -2.92, -1.12, 0.04
3351.0, 3392.0, 3660.0, 3583.0, 3123.0, 8.22, 5.29, 1.18, -2.38, -1.1, 0.02
3361.0, 3408.0, 3673.0, 3605.0, 3137.0, 9.11, 5.18, 0.22, -1.69, -0.76, -0.12
3337.0, 3398.0, 3658.0, 3599.0, 3122.0, 9.03, 4.73, -0.06, -1.11, -0.53, -0.17
3343.0, 3392.0, 3653.0, 3583.0, 3124.0, 9.22, 4.24, -0.08, 0.78, 0.22, -0.22
3340.0, 3392.0, 3710.0, 3600.0, 3120.0, 8.98, 4.51, -0.44, 2.7, 0.86, -0.38
3341.0, 3391.0, 3657.0, 3583.0, 3122.0, 8.23, 6.06, -0.79, 2.91, 0.71, -0.22
3336.0, 3393.0, 3655.0, 3583.0, 3122.0, 8.74, 5.33, -1.76, 2.08, 0.29, -0.13
3337.0, 3390.0, 3661.0, 3600.0, 3123.0, 8.4, 6.63, -1.77, 1.22, -0.06, -0.11
3337.0, 3391.0, 3657.0, 3599.0, 3122.0, 8.65, 5.68, -1.57, 0.53, -0.29, -0.14
3337.0, 3391.0, 3657.0, 3599.0, 3124.0, 8.28, 6.27, -2.09, 0.47, -0.02, -0.13
3341.0, 3391.0, 3664.0, 3597.0, 3123.0, 8.53, 5.49, -1.36, 0.04, 0.09, -0.01
3335.0, 3392.0, 3655.0, 3601.0, 3122.0, 8.26, 5.32, -0.99, -0.32, 0.17, -0.04
3339.0, 3391.0, 3643.0, 3583.0, 3123.0, 8.23, 4.87, -0.56, -0.53, 0.11, -0.16
3338.0, 3392.0, 3656.0, 3583.0, 3122.0, 7.94, 5.77, -0.54, -0.22, 0.2, -0.25
3333.0, 3390.0, 3655.0, 3583.0, 3120.0, 8.09, 5.89, -0.8, 0.03, 0.17, -0.18
3318.0, 3388.0, 3653.0, 3600.0, 3121.0, 8.12, 6.07, -1.11, 0.25, 0.03, -0.11
3334.0, 3388.0, 3655.0, 3598.0, 3122.0, 8.17, 5.99, -1.17, 0.33, 0.08, -0.1
3338.0, 3387.0, 3657.0, 3583.0, 3121.0, 8.01, 6.28, -1.15, 0.18, 0.22, -0.19
3335.0, 3392.0, 3655.0, 3583.0, 3121.0, 7.92, 6.66, -0.62, -0.1, 0.3, -0.19
3331.0, 3387.0, 3655.0, 3583.0, 3109.0, 8.0, 6.72, -0.04, -0.22, 0.37, -0.13
3334.0, 3393.0, 3652.0, 3583.0, 3121.0, 7.95, 6.8, 0.18, -0.12, 0.19, 0.03
3333.0, 3389.0, 3655.0, 3583.0, 3123.0, 8.06, 6.11, -0.13, 0.08, 0.32, 0.1
3333.0, 3387.0, 3693.0, 3598.0, 3121.0, 8.17, 5.38, -0.05, 0.11, 0.27, 0.13
3332.0, 3382.0, 3657.0, 3583.0, 3122.0, 7.46, 5.45, 0.84, 0.22, 0.17, 0.06
