3599.0, 3867.0, 3883.0, 3455.0, 3510.0, 9.39, 2.18, -2.88, 0.05, -0.04, -0.0
3600.0, 3856.0, 3879.0, 3461.0, 3478.0, 9.38, 2.04, -2.84, 0.04, -0.02, -0.03
3583.0, 3839.0, 3874.0, 3454.0, 3476.0, 9.6, 2.09, -2.8, 0.02, -0.02, -0.06
3583.0, 3813.0, 3879.0, 3459.0, 3474.0, 9.67, 2.29, -2.89, 0.02, 0.02, -0.14
3583.0, 3857.0, 3874.0, 3454.0, 3474.0, 9.45, 2.6, -2.6, 0.05, -0.07, -0.05
3596.0, 3854.0, 3875.0, 3456.0, 3473.0, 9.2, 2.72, -2.67, 0.06, -0.01, -0.03
3583.0, 3863.0, 3870.0, 3451.0, 3473.0, 9.46, 2.32, -2.72, 0.08, 0.09, -0.02
3583.0, 3901.0, 3861.0, 3453.0, 3473.0, 9.84, 2.01, -2.65, 0.03, 0.03, 0.06
3583.0, 3871.0, 3863.0, 3459.0, 3471.0, 9.42, 2.17, -2.47, 0.01, -0.03, 0.07
3597.0, 3872.0, 3873.0, 3455.0, 3472.0, 9.56, 2.12, -2.5, -0.01, -0.01, -0.03
3583.0, 3878.0, 3874.0, 3456.0, 3471.0, 9.45, 2.3, -2.61, -0.08, -0.15, 0.04
3583.0, 3874.0, 3876.0, 3451.0, 3466.0, 9.46, 2.33, -2.68, -0.06, -0.16, -0.01
3583.0, 3879.0, 3872.0, 3451.0, 3470.0, 9.37, 2.29, -2.79, -0.03, -0.05, -0.03
3583.0, 3809.0, 3868.0, 3454.0, 3462.0, 9.47, 2.26, -2.98, -0.01, -0.03, -0.04
3583.0, 3798.0, 3867.0, 3456.0, 3461.0, 9.54, 2.38, -2.79, 0.03, -0.04, -0.03
3583.0, 3798.0, 3866.0, 3451.0, 3463.0, 9.44, 2.29, -2.65, 0.04, -0.01, -0.07
3583.0, 3798.0, 3862.0, 3453.0, 3468.0, 9.3, 2.54, -2.86, 0.03, -0.04, -0.05
3583.0, 3795.0, 3867.0, 3450.0, 3463.0, 9.37, 2.43, -2.72, 0.03, -0.06, -0.01
3583.0, 3794.0, 3868.0, 3451.0, 3462.0, 9.34, 2.4, -2.78, -0.01, 0.02, -0.0
3583.0, 3795.0, 3862.0, 3447.0, 3459.0, 9.65, 2.36, -2.78, -0.03, 0.04, -0.01
3595.0, 3820.0, 3866.0, 3462.0, 3461.0, 9.64, 2.37, -2.69, -0.01, 0.02, 0.01
3583.0, 3795.0, 3866.0, 3446.0, 3462.0, 9.44, 2.4, -2.51, -0.02, 0.03, 0.01
3583.0, 3798.0, 3860.0, 3449.0, 3462.0, 9.44, 2.4, -2.41, 0.0, -0.0, 0.0
3583.0, 3793.0, 3862.0, 3445.0, 3461.0, 9.36, 2.5, -2.39, 0.03, -0.04, -0.02
3582.0, 3795.0, 3860.0, 3452.0, 3461.0, 9.35, 2.42, -2.61, 0.05, -0.06, -0.04
3582.0, 3758.0, 3869.0, 3459.0, 3474.0, 9.5, 2.46, -2.77, 0.04, -0.06, -0.03
3583.0, 3792.0, 3861.0, 3447.0, 3450.0, 9.45, 2.47, -2.6, 0.0, -0.05, -0.02
3583.0, 3793.0, 3862.0, 3446.0, 3461.0, 9.52, 2.44, -2.67, -0.0, 0.01, -0.05
3582.0, 3795.0, 3862.0, 3447.0, 3457.0, 9.46, 2.55, -2.59, 0.04, -0.03, -0.02
3579.0, 3792.0, 3863.0, 3445.0, 3457.0, 9.39, 2.61, -2.65, 0.01, -0.02, -0.04
3618.0, 3814.0, 3903.0, 3451.0, 3461.0, 9.45, 2.48, -2.63, 0.03, -0.02, -0.01
3579.0, 3792.0, 3856.0, 3442.0, 3456.0, 9.38, 2.57, -2.57, 0.01, -0.01, 0.01
3579.0, 3796.0, 3869.0, 3447.0, 3456.0, 9.57, 2.48, -2.41, -0.01, 0.01, 0.02
3582.0, 3792.0, 3861.0, 3443.0, 3457.0, 9.62, 2.37, -2.29, 0.01, 0.01, 0.04
3582.0, 3795.0, 3863.0, 3445.0, 3458.0, 9.54, 2.35, -2.22, -0.01, 0.0, 0.02
3579.0, 3787.0, 3863.0, 3446.0, 3455.0, 9.5, 2.39, -2.32, -0.0, -0.01, -0.03
3577.0, 3792.0, 3856.0, 3447.0, 3454.0, 9.45, 2.46, -2.35, -0.0, -0.08, 0.0
3581.0, 3792.0, 3861.0, 3440.0, 3456.0, 9.39, 2.53, -2.6, 0.03, -0.07, -0.01
3574.0, 3789.0, 3856.0, 3449.0, 3456.0, 9.54, 2.43, -2.59, 0.03, -0.05, -0.03
3581.0, 3792.0, 3835.0, 3445.0, 3459.0, 9.59, 2.5, -2.61, 0.03, -0.05, -0.03
3575.0, 3792.0, 3856.0, 3450.0, 3456.0, 9.52, 2.45, -2.44, 0.01, -0.05, -0.03
3573.0, 3787.0, 3856.0, 3442.0, 3456.0, 9.53, 2.5, -2.56, 0.05, -0.07, -0.04
3574.0, 3783.0, 3860.0, 3441.0, 3453.0, 9.39, 2.58, -2.73, 0.02, -0.06, -0.02
3571.0, 3789.0, 3855.0, 3441.0, 3454.0, 9.37, 2.55, -2.59, -0.02, -0.02, 0.01
3571.0, 3790.0, 3856.0, 3446.0, 3449.0, 9.46, 2.57, -2.55, -0.01, -0.01, 0.01
3575.0, 3781.0, 3856.0, 3442.0, 3445.0, 9.49, 2.47, -2.54, 0.0, 0.02, 0.01
3571.0, 3793.0, 3851.0, 3441.0, 3452.0, 9.59, 2.37, -2.48, -0.0, -0.0, 0.02
3571.0, 3776.0, 3856.0, 3441.0, 3451.0, 9.47, 2.38, -2.37, 0.01, -0.03, 0.01
3571.0, 3786.0, 3856.0, 3444.0, 3451.0, 9.45, 2.37, -2.35, -0.0, -0.01, 0.01
3573.0, 3790.0, 3856.0, 3441.0, 3447.0, 9.56, 2.3, -2.32, -0.0, -0.05, 0.02
