3675.0, 3890.0, 3893.0, 3857.0, 3473.0, 9.75, 3.32, -0.91, 0.19, -0.17, -0.15
3674.0, 3904.0, 3891.0, 3856.0, 3471.0, 9.45, 3.5, -1.3, 0.3, -0.27, -0.24
3682.0, 3917.0, 3890.0, 3856.0, 3467.0, 8.86, 3.89, -1.5, 0.33, -0.13, -0.2
3670.0, 3852.0, 3888.0, 3850.0, 3468.0, 9.18, 3.61, -1.95, 0.3, 0.06, -0.09
3671.0, 3845.0, 3891.0, 3847.0, 3463.0, 9.33, 3.56, -1.9, 0.23, 0.04, 0.0
3676.0, 3846.0, 3889.0, 3855.0, 3467.0, 9.12, 3.76, -1.68, 0.19, 0.15, -0.12
3675.0, 3841.0, 3891.0, 3855.0, 3465.0, 9.12, 4.16, -1.64, 0.13, 0.07, -0.09
3670.0, 3840.0, 3888.0, 3856.0, 3465.0, 8.85, 4.65, -1.12, 0.19, 0.03, 0.01
3671.0, 3839.0, 3888.0, 3852.0, 3467.0, 9.41, 4.65, -1.66, 0.13, -0.08, 0.1
3667.0, 3841.0, 3887.0, 3851.0, 3462.0, 9.33, 4.71, -2.38, 0.29, -0.22, 0.13
3664.0, 3834.0, 3881.0, 3852.0, 3461.0, 8.91, 4.24, -2.6, 0.35, -0.13, 0.19
3667.0, 3835.0, 3882.0, 3851.0, 3456.0, 8.89, 3.6, -2.45, 0.27, -0.14, 0.2
3665.0, 3833.0, 3875.0, 3856.0, 3457.0, 8.93, 3.22, -2.35, 0.28, -0.16, 0.15
3663.0, 3843.0, 3883.0, 3858.0, 3456.0, 9.06, 3.58, -2.83, 0.42, -0.15, -0.04
3663.0, 3859.0, 3877.0, 3854.0, 3449.0, 9.04, 3.75, -2.71, 0.48, -0.15, -0.08
3663.0, 3825.0, 3879.0, 3854.0, 3456.0, 8.93, 3.72, -3.04, 0.52, -0.03, 0.02
3664.0, 3824.0, 3873.0, 3855.0, 3455.0, 8.88, 3.47, -2.91, 0.48, 0.1, 0.11
3661.0, 3823.0, 3875.0, 3851.0, 3454.0, 9.27, 2.79, -2.37, 0.25, 0.2, 0.06
3651.0, 3818.0, 3866.0, 3841.0, 3444.0, 9.56, 2.42, -2.38, 0.18, 0.07, 0.04
3648.0, 3818.0, 3877.0, 3841.0, 3445.0, 9.46, 2.64, -2.48, 0.12, 0.01, -0.08
3649.0, 3811.0, 3866.0, 3852.0, 3442.0, 9.52, 2.9, -2.91, 0.02, 0.0, -0.13
3651.0, 3818.0, 3865.0, 3844.0, 3443.0, 9.2, 3.22, -3.19, -0.06, 0.04, -0.13
3648.0, 3810.0, 3861.0, 3840.0, 3435.0, 9.2, 3.18, -2.62, -0.1, 0.16, -0.09
3655.0, 3819.0, 3872.0, 3854.0, 3452.0, 9.36, 3.04, -2.4, -0.07, 0.17, -0.1
3654.0, 3823.0, 3872.0, 3852.0, 3451.0, 9.31, 3.06, -2.22, -0.07, 0.18, -0.17
3651.0, 3818.0, 3868.0, 3855.0, 3447.0, 9.13, 3.47, -2.26, -0.1, 0.18, -0.15
3651.0, 3819.0, 3873.0, 3855.0, 3449.0, 9.07, 3.96, -1.89, -0.08, 0.17, -0.17
3649.0, 3819.0, 3870.0, 3847.0, 3447.0, 9.33, 3.67, -1.66, -0.12, 0.06, -0.12
3648.0, 3817.0, 3858.0, 3853.0, 3452.0, 9.71, 3.92, -1.73, 0.0, 0.08, -0.14
3638.0, 3801.0, 3856.0, 3846.0, 3437.0, 9.59, 3.54, -1.33, -0.02, -0.06, -0.1
3648.0, 3811.0, 3863.0, 3847.0, 3443.0, 8.57, 3.71, -1.21, -0.09, -0.1, -0.2
3647.0, 3810.0, 3866.0, 3853.0, 3443.0, 8.4, 4.17, -1.9, 0.03, -0.09, -0.28
3641.0, 3810.0, 3859.0, 3852.0, 3443.0, 8.57, 4.48, -2.3, -0.0, -0.05, -0.25
3643.0, 3809.0, 3860.0, 3853.0, 3442.0, 8.77, 4.44, -2.34, -0.03, 0.13, -0.27
3641.0, 3811.0, 3863.0, 3851.0, 3441.0, 8.86, 4.82, -2.04, -0.11, 0.19, -0.18
3640.0, 3808.0, 3857.0, 3847.0, 3440.0, 9.08, 5.08, -1.32, -0.11, 0.24, -0.15
3642.0, 3811.0, 3863.0, 3850.0, 3442.0, 9.18, 4.79, -0.85, -0.08, 0.15, -0.12
3632.0, 3804.0, 3852.0, 3841.0, 3438.0, 9.0, 5.27, -1.0, -0.08, 0.01, -0.1
3633.0, 3802.0, 3856.0, 3845.0, 3437.0, 8.51, 5.26, -0.81, 0.03, -0.0, -0.12
3632.0, 3803.0, 3856.0, 3837.0, 3435.0, 8.42, 5.23, -0.74, 0.09, -0.01, -0.06
3631.0, 3802.0, 3856.0, 3839.0, 3434.0, 8.69, 4.9, -0.98, 0.15, 0.04, -0.08
3632.0, 3798.0, 3853.0, 3847.0, 3434.0, 8.98, 4.97, -0.66, 0.15, 0.04, -0.08
3632.0, 3811.0, 3856.0, 3844.0, 3453.0, 9.01, 5.27, -0.56, 0.13, -0.0, -0.02
3637.0, 3810.0, 3860.0, 3855.0, 3440.0, 8.49, 5.02, -0.94, 0.22, 0.06, 0.01
3634.0, 3804.0, 3857.0, 3849.0, 3439.0, 8.52, 4.56, -1.8, 0.05, -0.07, 0.11
3632.0, 3805.0, 3856.0, 3849.0, 3440.0, 8.82, 4.55, -1.97, -0.0, 0.04, -0.17
3638.0, 3805.0, 3856.0, 3850.0, 3441.0, 8.69, 5.17, -1.5, -0.06, 0.05, -0.18
3632.0, 3802.0, 3858.0, 3849.0, 3440.0, 8.51, 5.32, -0.57, 0.05, 0.06, -0.08
3632.0, 3799.0, 3857.0, 3847.0, 3439.0, 8.8, 4.82, -0.67, 0.06, 0.04, -0.08
3632.0, 3805.0, 3856.0, 3853.0, 3433.0, 8.82, 5.06, -1.11, -0.02, 0.01, -0.07
3632.0, 3798.0, 3856.0, 3845.0, 3440.0, 8.58, 5.21, -0.98, 0.05, 0.04, -0.05
3632.0, 3802.0, 3856.0, 3844.0, 3440.0, 8.62, 4.94, -0.91, 0.01, 0.02, -0.04
3631.0, 3798.0, 3855.0, 3850.0, 3438.0, 8.75, 5.07, -0.65, 0.02, 0.05, -0.07
3633.0, 3798.0, 3853.0, 3842.0, 3437.0, 8.98, 5.0, -0.28, -0.12, 0.02, 0.08
3631.0, 3797.0, 3854.0, 3843.0, 3434.0, 8.77, 5.07, -0.79, -0.07, 0.01, 0.14
3635.0, 3799.0, 3850.0, 3844.0, 3437.0, 8.49, 5.19, -1.27, 0.04, 0.02, 0.09
3631.0, 3795.0, 3855.0, 3845.0, 3438.0, 8.6, 4.58, -1.68, 0.03, -0.08, -0.03
3631.0, 3795.0, 3855.0, 3840.0, 3441.0, 8.44, 4.71, -1.2, 0.02, -0.02, -0.1
3618.0, 3792.0, 3845.0, 3835.0, 3426.0, 8.85, 5.01, -1.17, 0.2, 0.0, -0.25
3627.0, 3793.0, 3854.0, 3806.0, 3426.0, 8.59, 5.94, -0.47, 0.17, 0.02, -0.13
3630.0, 3792.0, 3846.0, 3837.0, 3429.0, 8.84, 5.85, -0.56, 0.17, 0.07, 0.02
3625.0, 3792.0, 3855.0, 3842.0, 3431.0, 9.13, 4.83, -0.47, 0.1, -0.01, 0.05
3623.0, 3791.0, 3849.0, 3841.0, 3431.0, 8.9, 5.24, -1.25, 0.25, -0.19, 0.05
3622.0, 3792.0, 3849.0, 3838.0, 3427.0, 8.38, 4.91, -1.54, 0.32, -0.24, -0.06
3575.0, 3791.0, 3849.0, 3840.0, 3427.0, 8.04, 5.5, -1.62, 0.36, -0.14, -0.03
3619.0, 3792.0, 3845.0, 3838.0, 3428.0, 8.43, 4.86, -1.12, 0.32, -0.05, -0.02
3637.0, 3789.0, 3844.0, 3843.0, 3427.0, 8.61, 4.59, -0.5, 0.07, -0.1, 0.01
