3312.0, 3400.0, 3409.0, 3241.0, 3397.0, -6.15, -2.24, 6.61, 0.02, -0.07, -0.14
3311.0, 3394.0, 3411.0, 3239.0, 3394.0, -6.43, -2.28, 6.96, 0.07, -0.0, -0.09
3310.0, 3392.0, 3408.0, 3239.0, 3391.0, -6.01, -2.3, 6.48, -0.06, -0.12, -0.09
3329.0, 3394.0, 3415.0, 3243.0, 3380.0, -5.9, -2.41, 6.83, -0.02, 0.03, -0.11
3310.0, 3393.0, 3409.0, 3236.0, 3392.0, -6.02, -2.56, 6.89, 0.02, -0.1, -0.06
3311.0, 3398.0, 3408.0, 3243.0, 3392.0, -6.32, -2.08, 6.98, 0.01, -0.0, 0.06
3299.0, 3406.0, 3422.0, 3232.0, 3387.0, -5.88, -2.08, 6.74, 0.1, -0.03, 0.01
3309.0, 3393.0, 3418.0, 3243.0, 3387.0, -6.43, -2.22, 7.32, 0.22, 0.07, 0.02
3297.0, 3402.0, 3427.0, 3247.0, 3389.0, -5.98, -1.86, 6.66, 0.01, -0.1, 0.15
3305.0, 3402.0, 3427.0, 3248.0, 3387.0, -6.01, -1.98, 7.03, 0.02, -0.01, 0.12
3302.0, 3403.0, 3428.0, 3247.0, 3387.0, -6.0, -2.24, 7.22, 0.01, -0.03, 0.12
3307.0, 3395.0, 3424.0, 3238.0, 3379.0, -5.8, -2.82, 6.83, -0.15, -0.16, 0.08
3299.0, 3405.0, 3431.0, 3246.0, 3383.0, -6.49, -1.9, 6.75, 0.1, 0.04, -0.01
3297.0, 3405.0, 3419.0, 3243.0, 3387.0, -6.16, -2.09, 6.53, 0.22, -0.09, 0.14
3297.0, 3406.0, 3423.0, 3246.0, 3383.0, -6.07, -2.58, 6.72, 0.15, 0.02, 0.05
3298.0, 3405.0, 3424.0, 3247.0, 3385.0, -6.28, -2.02, 6.92, 0.03, 0.11, -0.02
3298.0, 3405.0, 3422.0, 3246.0, 3387.0, -6.14, -2.1, 6.95, 0.0, 0.12, -0.06
3299.0, 3401.0, 3423.0, 3245.0, 3392.0, -6.33, -1.81, 7.02, 0.05, 0.03, -0.0
3295.0, 3409.0, 3447.0, 3250.0, 3399.0, -6.33, -1.66, 6.77, 0.09, 0.04, -0.08
3299.0, 3402.0, 3418.0, 3239.0, 3390.0, -6.27, -1.98, 6.95, 0.04, -0.08, 0.04
3298.0, 3399.0, 3414.0, 3243.0, 3387.0, -6.57, -1.92, 6.85, 0.05, 0.08, -0.04
3298.0, 3398.0, 3411.0, 3241.0, 3390.0, -6.15, -1.92, 6.59, 0.04, 0.05, -0.08
3294.0, 3396.0, 3415.0, 3244.0, 3387.0, -6.51, -1.9, 6.62, -0.04, 0.02, 0.01
3299.0, 3398.0, 3411.0, 3244.0, 3390.0, -6.56, -1.85, 6.7, 0.01, -0.01, -0.0
3297.0, 3387.0, 3411.0, 3245.0, 3387.0, -6.35, -2.3, 6.76, 0.0, 0.01, -0.02
3297.0, 3393.0, 3421.0, 3218.0, 3387.0, -6.48, -2.01, 6.88, 0.04, 0.02, -0.07
3295.0, 3393.0, 3413.0, 3242.0, 3386.0, -6.47, -2.03, 6.67, 0.12, 0.04, -0.09
3297.0, 3395.0, 3410.0, 3239.0, 3386.0, -6.56, -1.95, 6.45, 0.02, -0.05, -0.03
3297.0, 3394.0, 3414.0, 3237.0, 3386.0, -6.42, -1.94, 6.56, 0.03, 0.01, -0.06
3297.0, 3397.0, 3411.0, 3237.0, 3382.0, -6.71, -1.71, 6.41, 0.02, 0.04, -0.04
3297.0, 3391.0, 3408.0, 3237.0, 3385.0, -6.68, -1.79, 6.67, -0.03, -0.0, 0.02
3296.0, 3395.0, 3408.0, 3237.0, 3366.0, -6.39, -1.98, 6.66, -0.11, -0.18, 0.15
3292.0, 3386.0, 3405.0, 3235.0, 3381.0, -6.49, -2.04, 6.51, 0.01, 0.01, -0.05
3297.0, 3389.0, 3411.0, 3223.0, 3381.0, -6.76, -1.65, 6.74, 0.01, -0.02, -0.01
3296.0, 3387.0, 3408.0, 3232.0, 3378.0, -6.47, -1.88, 6.59, 0.05, 0.01, -0.06
3298.0, 3390.0, 3408.0, 3235.0, 3377.0, -6.51, -2.1, 6.47, 0.02, -0.02, -0.01
3297.0, 3389.0, 3408.0, 3246.0, 3379.0, -6.71, -1.86, 6.45, 0.03, 0.01, -0.07
3297.0, 3397.0, 3406.0, 3237.0, 3376.0, -6.7, -1.99, 6.62, 0.01, -0.0, -0.03
3297.0, 3390.0, 3409.0, 3234.0, 3377.0, -6.65, -1.89, 6.52, 0.01, 0.02, -0.05
3298.0, 3381.0, 3408.0, 3238.0, 3378.0, -6.6, -2.0, 6.6, -0.03, -0.03, 0.03
3297.0, 3381.0, 3408.0, 3235.0, 3376.0, -6.59, -1.88, 6.59, 0.02, 0.0, 0.01
3312.0, 3387.0, 3407.0, 3234.0, 3376.0, -6.79, -1.93, 6.63, 0.04, -0.04, -0.01
3298.0, 3383.0, 3408.0, 3232.0, 3376.0, -6.62, -2.02, 6.53, 0.04, -0.0, -0.03
3297.0, 3378.0, 3405.0, 3231.0, 3376.0, -6.66, -2.02, 6.54, 0.02, -0.06, -0.01
3296.0, 3382.0, 3408.0, 3227.0, 3377.0, -6.57, -2.22, 6.35, 0.01, -0.0, -0.01
3297.0, 3387.0, 3408.0, 3234.0, 3376.0, -6.88, -1.76, 6.11, 0.03, -0.02, 0.0
3297.0, 3383.0, 3408.0, 3237.0, 3376.0, -6.78, -2.05, 6.31, -0.01, 0.01, -0.06
3300.0, 3382.0, 3408.0, 3233.0, 3376.0, -6.7, -1.84, 6.41, -0.02, 0.01, 0.02
3299.0, 3382.0, 3408.0, 3231.0, 3344.0, -6.77, -1.97, 6.56, 0.03, 0.04, -0.05
3297.0, 3380.0, 3408.0, 3234.0, 3374.0, -6.62, -2.15, 6.47, -0.02, 0.01, -0.01
