3600.0, 3398.0, 3569.0, 3716.0, 3264.0, -7.37, -0.4, 7.01, 0.39, 0.35, -1.04
3601.0, 3392.0, 3553.0, 3707.0, 3319.0, -8.54, -0.75, 5.62, -0.53, -0.49, -0.62
3574.0, 3405.0, 3558.0, 3751.0, 3394.0, -7.39, -1.77, 6.13, -0.76, -0.07, -0.26
3530.0, 3414.0, 3579.0, 3803.0, 3440.0, -5.79, -4.4, 6.09, -0.64, -0.2, -0.26
3487.0, 3414.0, 3543.0, 3839.0, 3476.0, -5.99, -4.21, 5.09, 0.11, 0.11, -0.54
3462.0, 3409.0, 3526.0, 3860.0, 3511.0, -6.51, -4.34, 5.45, 0.07, -0.0, -0.4
3434.0, 3407.0, 3505.0, 3881.0, 3536.0, -6.69, -4.25, 5.71, 0.27, 0.43, -0.31
3438.0, 3393.0, 3483.0, 3869.0, 3521.0, -6.65, -3.85, 6.26, 0.32, 0.27, -0.12
3435.0, 3378.0, 3457.0, 3882.0, 3521.0, -6.46, -3.41, 6.02, 0.39, 0.01, 0.05
3438.0, 3376.0, 3446.0, 3870.0, 3517.0, -6.75, -3.11, 6.03, 0.28, 0.03, 0.05
3435.0, 3374.0, 3436.0, 3855.0, 3507.0, -6.84, -3.17, 5.76, 0.34, -0.18, 0.13
3439.0, 3376.0, 3430.0, 3855.0, 3504.0, -6.68, -3.3, 6.43, 0.14, -0.23, 0.13
3427.0, 3378.0, 3429.0, 3837.0, 3504.0, -6.6, -3.23, 6.22, 0.27, -0.27, 0.07
3423.0, 3378.0, 3426.0, 3850.0, 3487.0, -6.26, -3.39, 5.63, 0.22, -0.35, 0.08
3414.0, 3390.0, 3424.0, 3849.0, 3497.0, -6.15, -3.08, 5.81, 0.19, -0.27, -0.03
3409.0, 3383.0, 3423.0, 3846.0, 3490.0, -6.28, -2.95, 6.51, 0.01, -0.33, 0.02
3401.0, 3376.0, 3419.0, 3841.0, 3478.0, -6.17, -3.24, 6.49, 0.03, 0.05, -0.05
3393.0, 3375.0, 3419.0, 3839.0, 3483.0, -5.98, -3.04, 6.65, 0.13, -0.11, -0.03
3392.0, 3371.0, 3415.0, 3839.0, 3482.0, -6.3, -2.97, 6.46, 0.07, -0.03, 0.03
3387.0, 3367.0, 3416.0, 3839.0, 3479.0, -6.11, -3.08, 6.12, 0.04, 0.03, -0.01
3386.0, 3515.0, 3413.0, 3839.0, 3479.0, -6.02, -3.19, 6.4, -0.04, 0.06, -0.04
3385.0, 3370.0, 3415.0, 3835.0, 3477.0, -6.44, -2.16, 6.5, 0.14, 0.1, 0.05
3377.0, 3365.0, 3417.0, 3840.0, 3477.0, -6.45, -1.95, 6.72, -0.0, 0.15, 0.32
3379.0, 3363.0, 3420.0, 3837.0, 3472.0, -6.49, -3.23, 6.37, 0.26, 0.17, 0.08
3376.0, 3355.0, 3409.0, 3830.0, 3472.0, -7.2, -2.38, 5.36, -0.11, 0.08, 0.25
3365.0, 3358.0, 3411.0, 3836.0, 3472.0, -6.8, -2.34, 5.56, -0.7, 0.02, 0.33
3376.0, 3357.0, 3411.0, 3839.0, 3471.0, -7.15, -1.95, 5.61, -0.95, 0.06, 0.49
3375.0, 3354.0, 3410.0, 3815.0, 3466.0, -6.67, -3.79, 6.64, -0.17, 0.56, 0.03
3396.0, 3378.0, 3423.0, 3826.0, 3487.0, -6.7, -3.37, 5.76, -0.1, 0.21, -0.11
3382.0, 3355.0, 3409.0, 3840.0, 3465.0, -7.05, -3.03, 5.66, 0.15, 0.18, -0.13
3391.0, 3431.0, 3409.0, 3839.0, 3461.0, -7.1, -3.11, 5.88, 0.11, 0.07, -0.09
3385.0, 3382.0, 3410.0, 3843.0, 3461.0, -7.07, -3.24, 5.53, 0.39, 0.11, -0.23
3383.0, 3491.0, 3409.0, 3843.0, 3459.0, -7.01, -3.22, 4.78, 0.23, 0.15, -0.23
3389.0, 3353.0, 3411.0, 3846.0, 3456.0, -7.18, -3.11, 5.28, 0.18, 0.1, -0.17
3385.0, 3349.0, 3414.0, 3850.0, 3460.0, -6.98, -3.03, 5.1, 0.18, 0.21, -0.05
3376.0, 3345.0, 3408.0, 3851.0, 3458.0, -7.62, -2.94, 5.11, 0.47, 0.35, -0.16
