3346.0, 3408.0, 3431.0, 3860.0, 3472.0, -6.61, -2.54, 6.08, 0.21, -0.12, 0.13
3348.0, 3478.0, 3431.0, 3863.0, 3469.0, -6.31, -2.38, 6.17, 0.2, -0.17, 0.12
3344.0, 3409.0, 3422.0, 3864.0, 3459.0, -6.57, -2.27, 6.1, 0.05, 0.01, -0.0
3344.0, 3411.0, 3429.0, 3859.0, 3461.0, -6.17, -2.32, 6.34, 0.07, -0.04, 0.05
3344.0, 3461.0, 3423.0, 3863.0, 3460.0, -6.67, -2.13, 6.76, -0.04, 0.0, 0.02
3343.0, 3456.0, 3426.0, 3858.0, 3456.0, -7.02, -2.24, 7.05, -0.45, -0.28, 0.19
3339.0, 3469.0, 3427.0, 3858.0, 3451.0, -6.19, -2.53, 7.03, -0.36, -0.5, 0.21
3345.0, 3455.0, 3425.0, 3856.0, 3452.0, -6.04, -2.99, 6.55, 0.0, -0.25, -0.05
3341.0, 3449.0, 3425.0, 3843.0, 3452.0, -6.22, -2.27, 6.03, 0.13, -0.07, -0.13
3350.0, 3443.0, 3431.0, 3856.0, 3449.0, -6.22, -2.03, 6.36, 0.14, -0.01, -0.05
3341.0, 3446.0, 3419.0, 3855.0, 3450.0, -6.36, -1.88, 6.76, 0.05, 0.01, -0.05
3337.0, 3453.0, 3422.0, 3856.0, 3447.0, -5.71, -2.72, 7.42, -0.25, -0.24, 0.06
3335.0, 3435.0, 3422.0, 3855.0, 3446.0, -5.92, -2.59, 6.51, -0.06, -0.16, -0.09
3333.0, 3440.0, 3417.0, 3856.0, 3450.0, -6.26, -2.78, 6.83, -0.1, -0.14, -0.05
3336.0, 3445.0, 3415.0, 3855.0, 3446.0, -5.99, -2.37, 6.71, -0.07, -0.03, -0.04
3334.0, 3438.0, 3422.0, 3854.0, 3448.0, -5.86, -2.48, 7.15, 0.03, -0.08, 0.0
3333.0, 3429.0, 3418.0, 3850.0, 3444.0, -5.98, -2.91, 6.62, -0.05, -0.1, -0.02
3331.0, 3424.0, 3419.0, 3856.0, 3443.0, -6.09, -2.57, 6.79, 0.06, -0.02, -0.12
3337.0, 3423.0, 3415.0, 3850.0, 3441.0, -5.72, -2.64, 6.9, 0.03, -0.02, -0.12
3331.0, 3420.0, 3419.0, 3853.0, 3440.0, -6.08, -2.15, 6.67, 0.03, -0.02, 0.01
3333.0, 3427.0, 3415.0, 3855.0, 3443.0, -6.04, -2.81, 6.72, -0.09, -0.02, 0.1
3334.0, 3407.0, 3414.0, 3851.0, 3443.0, -5.82, -3.17, 6.98, -0.14, -0.01, 0.03
3334.0, 3398.0, 3415.0, 3855.0, 3442.0, -5.99, -2.55, 6.75, 0.02, -0.02, -0.01
3330.0, 3387.0, 3414.0, 3851.0, 3442.0, -6.04, -2.79, 6.69, 0.0, 0.09, -0.08
3331.0, 3374.0, 3412.0, 3857.0, 3443.0, -6.27, -2.46, 6.77, 0.04, 0.12, 0.02
3369.0, 3406.0, 3414.0, 3853.0, 3442.0, -6.35, -2.32, 6.52, 0.05, 0.2, 0.06
3339.0, 3434.0, 3417.0, 3850.0, 3441.0, -6.13, -3.24, 6.87, -0.21, 0.05, 0.22
3337.0, 3458.0, 3413.0, 3855.0, 3441.0, -6.15, -2.94, 6.77, -0.14, -0.03, 0.13
3345.0, 3411.0, 3423.0, 3858.0, 3454.0, -6.2, -3.11, 6.59, 0.02, -0.0, -0.05
3344.0, 3414.0, 3423.0, 3859.0, 3455.0, -6.2, -2.94, 6.28, -0.04, -0.01, -0.09
3340.0, 3451.0, 3410.0, 3853.0, 3443.0, -6.42, -2.58, 6.31, -0.03, 0.02, -0.05
3329.0, 3455.0, 3426.0, 3856.0, 3440.0, -6.5, -2.58, 6.56, 0.0, 0.01, -0.07
3344.0, 3431.0, 3423.0, 3854.0, 3457.0, -6.2, -2.93, 6.47, 0.01, -0.02, -0.03
3346.0, 3429.0, 3424.0, 3855.0, 3456.0, -6.31, -2.79, 6.49, 0.04, -0.03, -0.02
3344.0, 3439.0, 3425.0, 3855.0, 3454.0, -6.46, -2.77, 6.29, 0.08, -0.05, -0.03
3344.0, 3430.0, 3425.0, 3847.0, 3453.0, -6.49, -2.7, 6.33, 0.03, -0.0, -0.06
3344.0, 3431.0, 3424.0, 3849.0, 3451.0, -6.3, -2.86, 6.45, 0.02, -0.04, -0.02
3331.0, 3410.0, 3412.0, 3839.0, 3440.0, -6.27, -2.81, 6.51, 0.01, -0.02, -0.03
3341.0, 3425.0, 3422.0, 3844.0, 3450.0, -6.34, -2.81, 6.44, 0.05, -0.04, -0.07
3343.0, 3418.0, 3422.0, 3847.0, 3447.0, -6.33, -2.71, 6.43, 0.02, -0.04, -0.0
3338.0, 3423.0, 3422.0, 3847.0, 3446.0, -6.4, -2.75, 6.49, 0.05, -0.02, -0.01
3343.0, 3419.0, 3423.0, 3847.0, 3449.0, -6.31, -2.73, 6.46, 0.07, -0.02, -0.05
3331.0, 3410.0, 3414.0, 3840.0, 3440.0, -6.28, -2.82, 6.28, 0.04, -0.03, -0.02
3331.0, 3408.0, 3414.0, 3839.0, 3435.0, -6.27, -2.77, 6.44, 0.0, -0.0, 0.02
3339.0, 3405.0, 3415.0, 3842.0, 3437.0, -6.42, -2.71, 6.36, -0.06, 0.02, 0.05
3335.0, 3406.0, 3411.0, 3843.0, 3439.0, -6.33, -2.91, 6.57, -0.01, -0.03, -0.02
3337.0, 3399.0, 3413.0, 3839.0, 3438.0, -6.38, -2.82, 6.35, 0.02, -0.01, -0.03
3341.0, 3399.0, 3412.0, 3862.0, 3438.0, -6.53, -2.62, 6.39, 0.06, 0.04, 0.0
3341.0, 3398.0, 3414.0, 3843.0, 3437.0, -6.57, -2.57, 5.97, 0.19, 0.19, -0.03
3340.0, 3398.0, 3414.0, 3840.0, 3438.0, -6.48, -2.78, 6.46, 0.01, 0.04, 0.08
3341.0, 3399.0, 3412.0, 3843.0, 3434.0, -6.34, -3.17, 6.45, 0.0, -0.01, 0.0
