3291.0, 3727.0, 3818.0, 3423.0, 2960.0, 9.26, 1.17, -3.81, 0.01, 0.02, -0.02
3295.0, 3730.0, 3817.0, 3426.0, 2963.0, 9.29, 1.32, -3.81, 0.0, 0.03, -0.02
3291.0, 3728.0, 3805.0, 3426.0, 2962.0, 9.37, 1.36, -3.68, 0.0, 0.02, -0.0
3291.0, 3729.0, 3817.0, 3426.0, 2960.0, 9.4, 1.4, -3.54, 0.02, 0.0, -0.0
3299.0, 3728.0, 3822.0, 3431.0, 2972.0, 9.42, 1.33, -3.47, 0.01, 0.0, 0.02
3291.0, 3734.0, 3819.0, 3426.0, 2962.0, 9.4, 1.23, -3.58, 0.02, -0.01, 0.01
3292.0, 3729.0, 3814.0, 3425.0, 2960.0, 9.42, 1.22, -3.57, 0.03, -0.01, -0.0
3294.0, 3728.0, 3817.0, 3429.0, 2965.0, 9.31, 1.29, -3.64, 0.01, 0.01, 0.0
3293.0, 3728.0, 3819.0, 3424.0, 2962.0, 9.49, 1.36, -3.39, 0.02, -0.0, 0.0
3294.0, 3728.0, 3817.0, 3425.0, 2960.0, 9.46, 1.17, -3.2, 0.03, -0.08, 0.02
3293.0, 3728.0, 3819.0, 3424.0, 2963.0, 9.52, 1.24, -3.86, 0.02, -0.13, 0.03
3293.0, 3728.0, 3813.0, 3421.0, 2967.0, 9.28, 0.97, -3.83, 0.0, -0.14, -0.0
3295.0, 3729.0, 3820.0, 3425.0, 2964.0, 9.33, 1.02, -3.92, -0.02, -0.1, -0.02
3284.0, 3727.0, 3813.0, 3425.0, 2963.0, 9.3, 1.29, -3.68, -0.03, -0.02, -0.05
3296.0, 3730.0, 3814.0, 3426.0, 2965.0, 9.16, 1.49, -3.69, -0.01, -0.0, -0.06
3293.0, 3727.0, 3815.0, 3429.0, 2961.0, 9.31, 1.52, -3.77, -0.0, 0.05, -0.03
3294.0, 3728.0, 3815.0, 3429.0, 2963.0, 9.47, 1.49, -3.39, -0.03, 0.1, 0.01
3293.0, 3727.0, 3815.0, 3424.0, 2961.0, 9.69, 1.34, -2.83, 0.0, 0.02, 0.06
3294.0, 3728.0, 3820.0, 3430.0, 2965.0, 9.73, 0.8, -3.17, -0.01, -0.15, 0.07
3293.0, 3727.0, 3815.0, 3427.0, 2965.0, 9.26, 0.56, -4.16, 0.03, -0.27, -0.07
3293.0, 3729.0, 3821.0, 3429.0, 2962.0, 8.92, 1.22, -4.45, -0.02, -0.13, -0.15
3294.0, 3725.0, 3819.0, 3426.0, 2963.0, 9.1, 1.95, -4.12, -0.06, 0.06, -0.09
3294.0, 3729.0, 3813.0, 3427.0, 2963.0, 9.55, 1.96, -3.41, -0.03, 0.06, -0.01
3294.0, 3755.0, 3814.0, 3426.0, 2963.0, 9.5, 1.54, -3.36, 0.02, -0.04, 0.07
3291.0, 3728.0, 3815.0, 3424.0, 2963.0, 9.42, 0.91, -3.45, 0.02, -0.04, 0.06
3293.0, 3728.0, 3811.0, 3423.0, 2961.0, 9.42, 0.97, -3.57, 0.02, -0.09, -0.01
3293.0, 3729.0, 3811.0, 3425.0, 2961.0, 9.37, 1.33, -3.7, -0.01, -0.1, -0.04
3291.0, 3719.0, 3817.0, 3422.0, 2963.0, 9.26, 1.44, -3.62, -0.0, -0.08, -0.02
3295.0, 3724.0, 3811.0, 3424.0, 2963.0, 9.36, 1.41, -3.87, 0.03, -0.08, 0.01
3292.0, 3728.0, 3814.0, 3429.0, 2963.0, 9.23, 1.26, -3.92, 0.01, -0.05, 0.01
3294.0, 3728.0, 3814.0, 3422.0, 2969.0, 9.25, 1.19, -3.87, 0.02, -0.05, -0.0
3291.0, 3729.0, 3813.0, 3425.0, 2963.0, 9.31, 1.3, -3.9, 0.01, 0.0, -0.03
3294.0, 3727.0, 3813.0, 3427.0, 2972.0, 9.38, 1.47, -3.69, 0.01, -0.04, -0.02
3291.0, 3728.0, 3812.0, 3415.0, 2963.0, 9.35, 1.43, -3.54, 0.01, -0.02, -0.01
3292.0, 3726.0, 3811.0, 3426.0, 2964.0, 9.29, 1.36, -3.71, -0.0, -0.03, -0.01
3291.0, 3731.0, 3825.0, 3430.0, 2966.0, 9.32, 1.39, -3.76, 0.01, -0.01, -0.01
3294.0, 3728.0, 3815.0, 3424.0, 2967.0, 9.37, 1.43, -3.69, 0.01, -0.01, -0.0
3290.0, 3727.0, 3814.0, 3425.0, 2965.0, 9.36, 1.46, -3.61, 0.0, -0.03, 0.01
3291.0, 3728.0, 3811.0, 3427.0, 2970.0, 9.46, 1.27, -3.59, 0.01, -0.06, 0.0
3291.0, 3728.0, 3805.0, 3422.0, 2966.0, 9.33, 1.29, -3.67, 0.0, -0.03, -0.0
3291.0, 3744.0, 3822.0, 3423.0, 2970.0, 9.35, 1.39, -3.61, 0.01, -0.02, -0.01
3291.0, 3730.0, 3815.0, 3420.0, 2966.0, 9.45, 1.29, -3.66, 0.02, -0.03, 0.0
3291.0, 3728.0, 3810.0, 3424.0, 2969.0, 9.25, 1.32, -3.68, 0.02, -0.08, -0.02
3293.0, 3728.0, 3813.0, 3428.0, 2971.0, 9.17, 1.35, -3.93, 0.01, -0.06, -0.03
3293.0, 3729.0, 3814.0, 3427.0, 2977.0, 9.35, 1.52, -3.77, -0.01, 0.02, -0.01
3310.0, 3728.0, 3812.0, 3420.0, 2971.0, 9.48, 1.39, -3.5, 0.02, 0.03, 0.03
3291.0, 3728.0, 3814.0, 3427.0, 2970.0, 9.41, 1.06, -3.65, 0.01, 0.0, -0.01
3295.0, 3728.0, 3813.0, 3429.0, 2971.0, 9.43, 1.15, -3.57, 0.01, -0.08, -0.04
3295.0, 3728.0, 3814.0, 3408.0, 2973.0, 9.2, 1.43, -3.75, -0.01, -0.08, -0.05
3293.0, 3728.0, 3814.0, 3428.0, 2959.0, 9.36, 1.62, -3.88, -0.03, -0.01, -0.01
