3423.0, 3514.0, 3801.0, 3659.0, 3132.0, 7.86, 5.57, 2.62, 0.03, -0.07, -0.02
3421.0, 3485.0, 3807.0, 3663.0, 3131.0, 7.83, 5.57, 2.42, 0.02, -0.03, -0.01
3426.0, 3485.0, 3799.0, 3663.0, 3133.0, 7.86, 5.55, 2.66, 0.02, -0.03, -0.0
3421.0, 3477.0, 3798.0, 3663.0, 3130.0, 7.92, 5.45, 2.57, 0.02, -0.04, -0.01
3421.0, 3485.0, 3799.0, 3664.0, 3130.0, 7.92, 5.45, 2.57, 0.01, -0.04, -0.02
3420.0, 3479.0, 3803.0, 3664.0, 3130.0, 7.92, 5.48, 2.6, 0.02, -0.03, -0.02
3426.0, 3482.0, 3799.0, 3661.0, 3130.0, 7.85, 5.59, 2.64, 0.01, -0.05, -0.0
3418.0, 3478.0, 3805.0, 3661.0, 3133.0, 7.91, 5.53, 2.6, 0.02, -0.03, -0.01
3421.0, 3483.0, 3802.0, 3663.0, 3131.0, 7.93, 5.46, 2.53, 0.01, -0.04, -0.01
3422.0, 3478.0, 3799.0, 3662.0, 3130.0, 7.87, 5.44, 2.51, 0.01, -0.04, -0.03
3423.0, 3479.0, 3802.0, 3666.0, 3131.0, 7.81, 5.63, 2.59, 0.02, -0.05, -0.01
3438.0, 3479.0, 3802.0, 3661.0, 3126.0, 7.82, 5.59, 2.48, 0.02, -0.04, -0.01
3419.0, 3477.0, 3806.0, 3664.0, 3131.0, 7.9, 5.5, 2.58, 0.02, -0.02, -0.01
3419.0, 3475.0, 3797.0, 3663.0, 3125.0, 7.94, 5.57, 2.56, 0.0, -0.03, -0.01
3422.0, 3474.0, 3797.0, 3647.0, 3125.0, 7.92, 5.5, 2.7, 0.03, -0.05, -0.01
3422.0, 3474.0, 3794.0, 3661.0, 3139.0, 7.91, 5.44, 2.52, 0.02, -0.03, -0.02
3417.0, 3474.0, 3796.0, 3655.0, 3127.0, 7.89, 5.5, 2.54, 0.02, -0.05, -0.02
3417.0, 3473.0, 3805.0, 3664.0, 3130.0, 7.9, 5.49, 2.57, 0.02, -0.06, -0.02
3421.0, 3474.0, 3795.0, 3662.0, 3129.0, 7.86, 5.6, 2.56, 0.05, -0.09, 0.0
3421.0, 3473.0, 3794.0, 3659.0, 3127.0, 7.96, 5.55, 2.37, 0.03, -0.07, 0.01
3422.0, 3472.0, 3794.0, 3659.0, 3127.0, 7.93, 5.53, 2.42, 0.04, -0.07, 0.01
3419.0, 3472.0, 3797.0, 3661.0, 3131.0, 7.85, 5.62, 2.33, 0.02, -0.02, 0.0
3420.0, 3476.0, 3800.0, 3660.0, 3129.0, 8.01, 5.37, 2.51, 0.03, -0.01, -0.0
3423.0, 3471.0, 3792.0, 3661.0, 3127.0, 7.95, 5.34, 2.59, 0.02, -0.03, -0.02
3421.0, 3473.0, 3795.0, 3659.0, 3128.0, 8.02, 5.44, 2.61, 0.01, -0.05, -0.05
3419.0, 3481.0, 3794.0, 3665.0, 3126.0, 7.86, 5.62, 2.4, 0.02, -0.12, -0.04
3419.0, 3475.0, 3792.0, 3666.0, 3122.0, 7.78, 5.73, 2.22, -0.0, -0.07, -0.03
3422.0, 3472.0, 3793.0, 3658.0, 3124.0, 7.86, 5.62, 2.12, 0.02, -0.05, -0.01
3418.0, 3472.0, 3793.0, 3658.0, 3126.0, 7.97, 5.53, 2.38, 0.03, -0.01, -0.0
3418.0, 3472.0, 3792.0, 3654.0, 3126.0, 7.93, 5.58, 2.49, -0.01, -0.03, -0.01
3418.0, 3472.0, 3793.0, 3658.0, 3127.0, 7.99, 5.63, 2.39, -0.02, -0.05, -0.02
3422.0, 3471.0, 3797.0, 3659.0, 3127.0, 7.91, 5.57, 2.37, 0.02, -0.09, 0.02
3421.0, 3471.0, 3798.0, 3659.0, 3127.0, 7.95, 5.54, 2.21, 0.04, -0.07, 0.0
3423.0, 3472.0, 3792.0, 3662.0, 3127.0, 8.04, 5.35, 2.27, 0.01, -0.02, -0.0
3419.0, 3471.0, 3798.0, 3657.0, 3125.0, 8.02, 5.5, 2.4, 0.02, -0.03, -0.02
3419.0, 3472.0, 3797.0, 3658.0, 3129.0, 8.0, 5.64, 2.51, 0.01, -0.03, -0.02
3421.0, 3472.0, 3792.0, 3659.0, 3126.0, 7.97, 5.54, 2.45, 0.02, -0.03, -0.02
3423.0, 3467.0, 3792.0, 3660.0, 3130.0, 7.99, 5.54, 2.54, 0.02, -0.03, -0.02
