3670.0, 3799.0, 3874.0, 3485.0, 3445.0, 9.04, 3.87, -2.94, 0.19, 0.01, 0.32
3667.0, 3774.0, 3856.0, 3454.0, 3442.0, 9.52, 2.96, -3.28, 0.2, 0.11, 0.24
3664.0, 3731.0, 3858.0, 3452.0, 3455.0, 9.39, 2.54, -3.21, 0.16, -0.04, 0.29
3662.0, 3774.0, 3854.0, 3447.0, 3441.0, 9.29, 2.35, -3.26, 0.13, 0.01, 0.19
3664.0, 3769.0, 3847.0, 3446.0, 3441.0, 9.42, 2.35, -3.44, 0.07, 0.06, 0.09
3638.0, 3748.0, 3846.0, 3472.0, 3441.0, 9.22, 2.44, -3.08, 0.03, -0.01, 0.08
3658.0, 3776.0, 3850.0, 3449.0, 3440.0, 9.39, 2.45, -3.09, 0.03, 0.06, 0.03
3660.0, 3773.0, 3845.0, 3446.0, 3440.0, 9.36, 2.49, -3.22, 0.11, -0.01, 0.0
3659.0, 3769.0, 3835.0, 3446.0, 3436.0, 9.09, 2.45, -3.3, 0.14, -0.07, -0.01
3664.0, 3770.0, 3847.0, 3444.0, 3434.0, 9.13, 2.49, -3.46, 0.08, -0.04, 0.03
3664.0, 3786.0, 3843.0, 3452.0, 3429.0, 9.16, 2.42, -3.15, 0.01, 0.05, 0.0
3659.0, 3783.0, 3854.0, 3451.0, 3429.0, 9.55, 2.19, -3.26, -0.02, 0.03, -0.04
3661.0, 3776.0, 3851.0, 3450.0, 3425.0, 9.42, 2.47, -3.12, -0.01, -0.12, -0.0
3659.0, 3776.0, 3845.0, 3442.0, 3423.0, 9.21, 2.56, -3.26, 0.02, -0.06, -0.01
3657.0, 3776.0, 3845.0, 3442.0, 3424.0, 9.24, 2.58, -3.25, 0.02, -0.06, 0.05
3669.0, 3785.0, 3853.0, 3450.0, 3438.0, 9.34, 2.53, -3.34, -0.01, -0.01, 0.07
3657.0, 3770.0, 3840.0, 3449.0, 3424.0, 9.31, 2.33, -3.2, 0.07, -0.01, 0.06
3661.0, 3770.0, 3845.0, 3441.0, 3421.0, 9.26, 2.23, -3.14, 0.08, 0.01, 0.03
3654.0, 3774.0, 3841.0, 3442.0, 3421.0, 9.44, 2.16, -3.21, 0.0, 0.01, 0.02
3655.0, 3770.0, 3840.0, 3447.0, 3424.0, 9.34, 2.23, -3.08, 0.06, -0.04, -0.0
3653.0, 3771.0, 3840.0, 3441.0, 3418.0, 9.37, 2.27, -3.19, 0.13, -0.0, -0.08
3645.0, 3767.0, 3835.0, 3440.0, 3418.0, 9.38, 2.2, -3.47, 0.08, -0.04, -0.04
3655.0, 3766.0, 3830.0, 3443.0, 3419.0, 9.27, 2.3, -3.37, 0.07, -0.06, -0.04
3654.0, 3769.0, 3835.0, 3441.0, 3415.0, 9.31, 2.33, -3.26, 0.04, -0.02, -0.04
3660.0, 3760.0, 3833.0, 3440.0, 3418.0, 9.44, 2.29, -3.21, -0.01, -0.01, -0.03
3657.0, 3769.0, 3840.0, 3442.0, 3417.0, 9.33, 2.47, -3.16, 0.0, -0.04, -0.03
3653.0, 3767.0, 3834.0, 3440.0, 3414.0, 9.24, 2.56, -3.19, 0.04, -0.02, -0.03
3653.0, 3763.0, 3833.0, 3445.0, 3421.0, 9.28, 2.36, -3.21, -0.0, -0.01, 0.02
3652.0, 3765.0, 3835.0, 3440.0, 3414.0, 9.39, 2.29, -3.37, 0.04, 0.01, 0.03
3652.0, 3764.0, 3831.0, 3443.0, 3417.0, 9.42, 2.21, -3.22, 0.01, 0.01, 0.05
3683.0, 3763.0, 3824.0, 3438.0, 3403.0, 9.55, 2.04, -3.1, 0.03, 0.03, 0.01
3653.0, 3775.0, 3827.0, 3440.0, 3418.0, 9.51, 2.25, -3.03, -0.02, 0.01, -0.02
3633.0, 3765.0, 3830.0, 3439.0, 3419.0, 9.43, 2.35, -2.96, 0.0, -0.04, -0.02
3649.0, 3766.0, 3828.0, 3440.0, 3412.0, 9.34, 2.36, -2.97, 0.04, -0.04, -0.02
3659.0, 3762.0, 3827.0, 3408.0, 3413.0, 9.39, 2.27, -3.1, 0.05, -0.02, -0.02
3658.0, 3767.0, 3831.0, 3440.0, 3418.0, 9.31, 2.27, -3.1, 0.04, -0.07, -0.02
3648.0, 3762.0, 3831.0, 3439.0, 3416.0, 9.24, 2.24, -3.09, 0.07, 0.01, -0.06
3649.0, 3760.0, 3831.0, 3428.0, 3415.0, 9.31, 2.12, -3.08, -0.03, 0.0, -0.04
3654.0, 3765.0, 3830.0, 3441.0, 3414.0, 9.27, 2.38, -3.1, -0.01, -0.0, -0.04
3648.0, 3760.0, 3831.0, 3438.0, 3412.0, 9.5, 2.39, -2.88, -0.02, 0.03, -0.05
3651.0, 3763.0, 3830.0, 3419.0, 3412.0, 9.5, 2.56, -2.96, 0.02, -0.0, -0.03
3646.0, 3760.0, 3821.0, 3438.0, 3411.0, 9.34, 2.54, -3.04, 0.03, -0.02, 0.02
3653.0, 3760.0, 3825.0, 3438.0, 3395.0, 9.36, 2.47, -2.89, 0.05, 0.06, 0.03
3648.0, 3760.0, 3827.0, 3456.0, 3409.0, 9.51, 2.23, -2.85, 0.01, 0.04, 0.07
3648.0, 3760.0, 3826.0, 3439.0, 3376.0, 9.51, 2.19, -2.77, 0.02, -0.01, 0.07
3648.0, 3763.0, 3827.0, 3435.0, 3410.0, 9.5, 2.12, -2.72, -0.01, -0.02, 0.02
3650.0, 3763.0, 3827.0, 3463.0, 3408.0, 9.47, 2.14, -2.82, -0.0, -0.03, -0.0
3649.0, 3760.0, 3827.0, 3439.0, 3408.0, 9.46, 2.23, -2.74, -0.02, -0.08, 0.0
3648.0, 3760.0, 3827.0, 3440.0, 3413.0, 9.36, 2.28, -2.96, 0.05, -0.06, -0.03
3648.0, 3756.0, 3839.0, 3427.0, 3421.0, 9.37, 2.22, -3.02, 0.06, -0.02, -0.03
