3664.0, 3822.0, 3894.0, 3457.0, 3474.0, 9.34, 3.08, -2.18, 0.13, 0.2, -0.02
3661.0, 3815.0, 3891.0, 3473.0, 3476.0, 9.97, 2.93, -2.42, 0.17, 0.18, -0.03
3660.0, 3815.0, 3888.0, 3470.0, 3472.0, 9.42, 3.15, -1.82, 0.2, 0.07, 0.13
3661.0, 3802.0, 3902.0, 3463.0, 3470.0, 9.37, 3.15, -1.7, 0.21, 0.18, 0.07
3660.0, 3819.0, 3888.0, 3459.0, 3466.0, 9.75, 2.57, -1.85, 0.2, 0.07, 0.05
3655.0, 3822.0, 3895.0, 3462.0, 3460.0, 9.56, 2.45, -1.59, 0.11, 0.1, 0.04
3654.0, 3822.0, 3893.0, 3471.0, 3454.0, 9.88, 2.57, -1.62, -0.02, 0.09, 0.03
3657.0, 3819.0, 3898.0, 3469.0, 3444.0, 9.73, 2.73, -1.5, -0.05, -0.07, 0.02
3648.0, 3816.0, 3895.0, 3469.0, 3451.0, 9.47, 2.76, -1.41, 0.03, -0.0, -0.0
3647.0, 3810.0, 3890.0, 3465.0, 3454.0, 9.54, 2.82, -1.58, 0.1, 0.02, 0.01
3647.0, 3810.0, 3893.0, 3469.0, 3450.0, 9.79, 2.46, -1.86, 0.06, -0.08, 0.0
3658.0, 3815.0, 3901.0, 3472.0, 3461.0, 9.5, 2.53, -1.61, 0.08, -0.1, -0.05
3652.0, 3810.0, 3895.0, 3472.0, 3456.0, 9.32, 2.73, -1.55, -0.02, 0.0, -0.06
3651.0, 3808.0, 3897.0, 3471.0, 3456.0, 9.55, 3.0, -1.5, -0.07, -0.03, -0.03
3652.0, 3805.0, 3893.0, 3470.0, 3451.0, 9.52, 2.88, -1.58, -0.04, -0.02, -0.05
3648.0, 3806.0, 3889.0, 3464.0, 3455.0, 9.62, 2.92, -1.58, -0.01, 0.05, -0.03
3650.0, 3806.0, 3889.0, 3468.0, 3454.0, 9.71, 2.91, -1.66, 0.04, -0.0, 0.04
3633.0, 3793.0, 3885.0, 3463.0, 3440.0, 9.62, 2.49, -1.58, 0.04, 0.01, 0.02
3641.0, 3799.0, 3889.0, 3469.0, 3448.0, 9.71, 2.16, -1.35, 0.01, 0.03, -0.05
3646.0, 3798.0, 3890.0, 3467.0, 3445.0, 9.69, 2.65, -1.46, -0.03, -0.03, -0.12
3644.0, 3803.0, 3871.0, 3473.0, 3443.0, 9.61, 2.88, -1.28, -0.12, -0.03, -0.13
3644.0, 3799.0, 3888.0, 3463.0, 3445.0, 9.42, 3.24, -1.07, -0.11, -0.0, -0.14
3642.0, 3798.0, 3888.0, 3463.0, 3443.0, 9.54, 3.3, -1.44, -0.04, -0.09, -0.08
3641.0, 3795.0, 3887.0, 3464.0, 3441.0, 9.39, 3.26, -1.54, 0.05, -0.09, -0.05
3642.0, 3793.0, 3886.0, 3466.0, 3447.0, 9.29, 3.07, -1.55, 0.12, -0.02, -0.05
3643.0, 3792.0, 3887.0, 3462.0, 3441.0, 9.48, 2.93, -1.52, 0.11, -0.02, -0.04
3642.0, 3792.0, 3886.0, 3465.0, 3440.0, 9.38, 2.71, -1.41, 0.09, -0.05, 0.0
3634.0, 3789.0, 3877.0, 3459.0, 3429.0, 9.5, 2.86, -1.76, 0.05, -0.02, -0.09
3636.0, 3780.0, 3885.0, 3456.0, 3434.0, 9.61, 3.09, -1.97, -0.01, -0.01, -0.1
3634.0, 3795.0, 3874.0, 3456.0, 3439.0, 9.24, 3.44, -1.64, 0.0, 0.04, -0.08
3633.0, 3787.0, 3871.0, 3456.0, 3434.0, 9.52, 3.5, -1.32, 0.01, 0.12, -0.11
3633.0, 3790.0, 3874.0, 3458.0, 3435.0, 9.73, 3.37, -1.17, 0.02, 0.11, -0.05
3633.0, 3786.0, 3879.0, 3460.0, 3431.0, 9.56, 3.39, -0.79, 0.02, 0.01, 0.01
3632.0, 3781.0, 3888.0, 3456.0, 3427.0, 9.53, 3.46, -0.66, -0.03, -0.05, -0.01
3633.0, 3783.0, 3874.0, 3457.0, 3430.0, 9.55, 3.38, -1.16, -0.0, -0.09, -0.02
3638.0, 3790.0, 3874.0, 3454.0, 3430.0, 9.39, 3.46, -1.35, 0.04, -0.16, 0.05
3632.0, 3787.0, 3869.0, 3461.0, 3429.0, 9.33, 3.22, -1.43, 0.07, -0.1, 0.04
3632.0, 3797.0, 3875.0, 3456.0, 3430.0, 9.35, 3.11, -1.61, 0.08, -0.08, -0.02
3632.0, 3786.0, 3875.0, 3456.0, 3427.0, 9.28, 3.1, -1.44, 0.05, -0.05, -0.02
3632.0, 3783.0, 3871.0, 3451.0, 3431.0, 9.51, 3.12, -1.2, -0.03, -0.01, -0.06
3634.0, 3783.0, 3873.0, 3455.0, 3427.0, 9.57, 3.43, -1.45, -0.02, -0.09, -0.04
3632.0, 3787.0, 3869.0, 3459.0, 3425.0, 9.52, 3.6, -1.67, -0.02, -0.09, -0.01
3632.0, 3783.0, 3869.0, 3459.0, 3424.0, 9.58, 3.71, -1.5, 0.02, -0.05, 0.09
3623.0, 3781.0, 3860.0, 3458.0, 3427.0, 9.44, 3.47, -1.45, 0.1, -0.07, 0.14
3633.0, 3785.0, 3871.0, 3457.0, 3426.0, 9.42, 3.11, -1.45, 0.08, -0.04, 0.15
3631.0, 3786.0, 3874.0, 3458.0, 3427.0, 9.5, 2.91, -1.44, 0.1, -0.04, 0.15
3632.0, 3790.0, 3871.0, 3456.0, 3424.0, 9.55, 2.49, -1.17, 0.06, -0.05, 0.07
3634.0, 3786.0, 3871.0, 3455.0, 3424.0, 9.64, 2.85, -1.32, 0.03, -0.09, 0.02
3632.0, 3789.0, 3868.0, 3455.0, 3421.0, 9.6, 3.08, -1.5, 0.03, -0.18, 0.06
3632.0, 3781.0, 3871.0, 3441.0, 3425.0, 9.59, 2.91, -1.76, 0.08, -0.14, 0.07
