2797.0, 2640.0, 3207.0, 3214.0, 2973.0, 9.11, 4.27, -1.88, 0.1, -0.19, -0.01
2795.0, 2640.0, 3209.0, 3210.0, 2975.0, 8.82, 4.07, -1.82, -0.08, 0.02, -0.07
2790.0, 2640.0, 3214.0, 3205.0, 2971.0, 8.8, 4.77, -1.5, 0.01, 0.13, -0.04
2789.0, 2638.0, 3213.0, 3202.0, 2966.0, 8.94, 4.44, -1.03, 0.02, -0.02, 0.03
2786.0, 2639.0, 3210.0, 3203.0, 2963.0, 8.99, 4.38, -0.9, 0.1, 0.07, -0.04
2791.0, 2639.0, 3209.0, 3200.0, 2967.0, 9.14, 4.47, -1.38, 0.05, -0.02, 0.03
2787.0, 2637.0, 3206.0, 3201.0, 2962.0, 8.99, 4.24, -1.23, 0.07, -0.04, -0.01
2789.0, 2635.0, 3207.0, 3200.0, 2963.0, 9.04, 4.22, -1.36, 0.04, 0.0, -0.01
2786.0, 2637.0, 3209.0, 3200.0, 2963.0, 9.09, 4.1, -1.11, 0.03, -0.02, -0.01
2785.0, 2633.0, 3205.0, 3200.0, 2953.0, 9.11, 4.22, -1.15, 0.04, -0.12, 0.04
2783.0, 2637.0, 3207.0, 3201.0, 2962.0, 9.04, 4.43, -1.35, 0.07, 0.03, -0.02
2784.0, 2635.0, 3209.0, 3202.0, 2960.0, 9.12, 4.23, -1.16, 0.01, -0.15, 0.01
2782.0, 2636.0, 3211.0, 3200.0, 2960.0, 8.99, 4.31, -1.25, 0.01, -0.07, -0.01
2782.0, 2633.0, 3204.0, 3200.0, 2960.0, 9.06, 4.27, -1.46, 0.02, -0.03, -0.02
2782.0, 2631.0, 3203.0, 3200.0, 2960.0, 9.03, 4.29, -1.46, 0.0, -0.03, -0.0
2774.0, 2636.0, 3209.0, 3210.0, 2955.0, 9.19, 4.21, -1.46, 0.05, -0.02, -0.0
2779.0, 2617.0, 3210.0, 3202.0, 2957.0, 9.03, 4.31, -1.44, -0.01, -0.04, -0.0
2781.0, 2635.0, 3207.0, 3199.0, 2955.0, 9.1, 4.22, -1.22, 0.01, 0.04, 0.02
2788.0, 2640.0, 3216.0, 3210.0, 2963.0, 9.18, 4.16, -1.26, -0.01, -0.04, 0.02
2790.0, 2640.0, 3223.0, 3213.0, 2962.0, 8.97, 4.22, -1.22, -0.01, -0.03, 0.0
2790.0, 2641.0, 3246.0, 3216.0, 2962.0, 9.16, 4.15, -1.46, -0.02, 0.03, 0.02
2790.0, 2642.0, 3265.0, 3223.0, 2961.0, 9.13, 4.24, -1.3, -0.02, -0.1, -0.01
2787.0, 2640.0, 3297.0, 3233.0, 2960.0, 8.99, 4.2, -1.17, -0.03, 0.02, -0.01
2790.0, 2640.0, 3280.0, 3235.0, 2960.0, 9.07, 4.35, -1.27, -0.01, -0.04, -0.02
2787.0, 2642.0, 3239.0, 3205.0, 2961.0, 9.01, 4.13, -1.18, 0.04, -0.09, -0.04
2791.0, 2641.0, 3225.0, 3198.0, 2961.0, 9.1, 4.03, -1.37, -0.02, -0.05, -0.03
2791.0, 2641.0, 3225.0, 3206.0, 2960.0, 9.06, 4.23, -1.12, -0.02, -0.01, -0.02
2777.0, 2631.0, 3215.0, 3199.0, 2950.0, 9.17, 4.41, -1.3, -0.01, -0.11, -0.01
2789.0, 2641.0, 3223.0, 3206.0, 2960.0, 9.05, 4.13, -1.19, 0.0, -0.04, -0.03
2789.0, 2642.0, 3222.0, 3204.0, 2962.0, 8.99, 4.29, -1.32, -0.0, 0.0, -0.04
2789.0, 2640.0, 3228.0, 3206.0, 2960.0, 9.06, 4.2, -1.18, -0.04, -0.03, -0.03
2791.0, 2644.0, 3226.0, 3202.0, 2960.0, 9.09, 4.36, -1.21, 0.03, -0.04, -0.01
2790.0, 2641.0, 3226.0, 3207.0, 2960.0, 9.01, 4.32, -1.13, -0.03, -0.06, -0.0
2793.0, 2643.0, 3225.0, 3207.0, 2960.0, 9.11, 4.29, -1.27, 0.03, -0.05, -0.0
2779.0, 2631.0, 3217.0, 3199.0, 2948.0, 9.02, 4.26, -1.37, -0.05, -0.05, -0.0
2781.0, 2634.0, 3217.0, 3199.0, 2963.0, 9.01, 4.48, -1.22, 0.02, -0.07, -0.02
2774.0, 2630.0, 3216.0, 3206.0, 2950.0, 9.06, 4.35, -1.16, -0.0, -0.05, -0.01
2779.0, 2629.0, 3216.0, 3194.0, 2948.0, 9.02, 4.24, -1.33, 0.05, -0.02, -0.01
2775.0, 2633.0, 3216.0, 3200.0, 2950.0, 9.1, 4.27, -1.2, -0.01, -0.04, 0.0
2781.0, 2632.0, 3216.0, 3199.0, 2951.0, 9.09, 4.29, -1.09, 0.02, -0.04, 0.01
2778.0, 2630.0, 3216.0, 3195.0, 2948.0, 9.04, 4.49, -1.12, 0.01, -0.05, 0.02
2779.0, 2624.0, 3216.0, 3197.0, 2950.0, 9.06, 4.25, -1.3, 0.06, -0.02, -0.03
2773.0, 2629.0, 3216.0, 3189.0, 2947.0, 8.99, 4.49, -1.37, 0.01, -0.03, 0.01
2780.0, 2630.0, 3216.0, 3191.0, 2947.0, 9.05, 4.34, -1.21, 0.01, -0.03, 0.0
2778.0, 2630.0, 3216.0, 3191.0, 2948.0, 9.03, 4.3, -1.17, 0.02, -0.01, -0.03
2781.0, 2624.0, 3216.0, 3191.0, 2949.0, 9.13, 4.19, -1.19, 0.04, -0.04, -0.0
2798.0, 2634.0, 3216.0, 3193.0, 2947.0, 9.08, 4.2, -1.18, 0.01, -0.04, -0.0
2775.0, 2633.0, 3216.0, 3196.0, 2949.0, 9.07, 4.36, -1.26, 0.01, -0.06, 0.02
2773.0, 2624.0, 3211.0, 3186.0, 2945.0, 9.05, 4.03, -1.23, 0.01, -0.05, -0.01
2791.0, 2631.0, 3216.0, 3191.0, 2947.0, 9.09, 4.17, -1.26, -0.03, -0.09, 0.03
