3312.0, 3477.0, 3479.0, 3871.0, 3410.0, 8.89, 2.26, -4.73, 0.11, -0.06, -0.03
3312.0, 3471.0, 3483.0, 3867.0, 3421.0, 8.95, 1.98, -4.69, 0.07, -0.06, 0.02
3310.0, 3472.0, 3477.0, 3863.0, 3421.0, 8.6, 1.97, -4.64, 0.11, -0.07, -0.02
3308.0, 3472.0, 3482.0, 3863.0, 3417.0, 8.77, 1.87, -4.71, 0.17, -0.04, -0.03
3309.0, 3467.0, 3472.0, 3858.0, 3420.0, 8.64, 1.87, -4.6, 0.1, -0.08, -0.03
3306.0, 3457.0, 3472.0, 3859.0, 3418.0, 8.67, 2.19, -4.93, 0.09, -0.05, -0.09
3306.0, 3461.0, 3472.0, 3859.0, 3414.0, 8.74, 1.89, -4.64, 0.04, -0.05, -0.06
3306.0, 3463.0, 3472.0, 3858.0, 3414.0, 8.73, 1.98, -4.7, 0.06, -0.03, -0.05
3322.0, 3473.0, 3504.0, 3874.0, 3430.0, 8.87, 1.81, -4.89, -0.02, -0.01, -0.03
3307.0, 3481.0, 3444.0, 3859.0, 3414.0, 8.77, 2.08, -4.72, 0.03, -0.02, -0.07
3305.0, 3492.0, 3472.0, 3857.0, 3408.0, 8.71, 2.25, -4.71, 0.11, -0.01, -0.19
3305.0, 3486.0, 3472.0, 3856.0, 3410.0, 8.88, 2.02, -4.92, -0.03, -0.0, -0.08
3299.0, 3490.0, 3472.0, 3856.0, 3408.0, 9.05, 2.3, -5.0, -0.06, 0.03, -0.07
3293.0, 3446.0, 3487.0, 3843.0, 3414.0, 8.75, 2.18, -4.67, -0.05, 0.06, -0.08
3299.0, 3459.0, 3469.0, 3856.0, 3408.0, 8.76, 2.43, -4.57, -0.05, -0.03, 0.06
3297.0, 3457.0, 3471.0, 3891.0, 3408.0, 8.54, 2.52, -4.64, 0.04, -0.06, 0.01
3301.0, 3460.0, 3472.0, 3859.0, 3408.0, 8.6, 2.24, -4.77, 0.05, -0.06, -0.02
3299.0, 3460.0, 3472.0, 3856.0, 3407.0, 8.73, 2.1, -4.75, -0.0, -0.03, 0.01
3302.0, 3459.0, 3470.0, 3856.0, 3407.0, 8.76, 2.23, -4.62, 0.01, -0.02, -0.02
3305.0, 3456.0, 3472.0, 3856.0, 3406.0, 8.81, 2.33, -4.76, 0.0, -0.02, -0.01
3301.0, 3456.0, 3468.0, 3858.0, 3405.0, 8.79, 2.05, -4.7, 0.02, -0.03, -0.09
3302.0, 3458.0, 3467.0, 3857.0, 3403.0, 8.66, 2.24, -4.71, 0.03, -0.05, -0.03
3298.0, 3456.0, 3465.0, 3856.0, 3402.0, 8.64, 2.43, -4.74, 0.07, 0.0, 0.02
3301.0, 3456.0, 3463.0, 3856.0, 3401.0, 8.88, 1.97, -4.54, 0.08, 0.03, 0.01
3298.0, 3456.0, 3469.0, 3855.0, 3402.0, 8.73, 2.48, -4.31, 0.12, -0.05, 0.03
3297.0, 3461.0, 3469.0, 3856.0, 3399.0, 8.78, 2.3, -4.68, 0.12, -0.1, 0.02
3296.0, 3451.0, 3465.0, 3876.0, 3392.0, 8.65, 1.74, -4.87, 0.03, -0.05, 0.03
3301.0, 3465.0, 3469.0, 3856.0, 3402.0, 8.65, 1.82, -4.83, -0.02, 0.02, -0.06
3312.0, 3466.0, 3468.0, 3856.0, 3397.0, 8.68, 2.31, -4.62, -0.04, 0.04, -0.09
3296.0, 3465.0, 3462.0, 3860.0, 3401.0, 8.76, 2.45, -4.4, -0.05, 0.02, 0.01
3295.0, 3469.0, 3470.0, 3863.0, 3402.0, 8.98, 2.31, -4.58, -0.05, -0.04, 0.05
3297.0, 3465.0, 3471.0, 3856.0, 3401.0, 8.96, 2.03, -4.69, -0.05, -0.09, 0.09
3298.0, 3462.0, 3467.0, 3856.0, 3397.0, 8.8, 2.09, -4.72, 0.02, -0.05, -0.02
3299.0, 3462.0, 3471.0, 3856.0, 3399.0, 8.9, 2.19, -4.54, 0.01, -0.05, -0.03
3298.0, 3459.0, 3472.0, 3856.0, 3398.0, 8.62, 2.32, -4.5, 0.04, -0.05, 0.02
3298.0, 3462.0, 3470.0, 3856.0, 3399.0, 8.76, 2.17, -4.61, 0.06, -0.01, -0.03
3299.0, 3464.0, 3468.0, 3856.0, 3401.0, 8.86, 2.16, -4.82, -0.05, -0.03, 0.11
3296.0, 3463.0, 3471.0, 3856.0, 3401.0, 8.96, 2.09, -4.67, -0.03, -0.11, 0.12
3297.0, 3463.0, 3467.0, 3850.0, 3399.0, 8.81, 2.08, -4.66, 0.04, -0.12, 0.03
3297.0, 3461.0, 3465.0, 3851.0, 3402.0, 8.83, 1.95, -4.77, 0.07, -0.1, 0.01
3295.0, 3467.0, 3469.0, 3849.0, 3398.0, 8.33, 2.23, -4.76, 0.16, 0.02, -0.04
3295.0, 3461.0, 3467.0, 3847.0, 3398.0, 8.91, 1.85, -4.77, 0.05, 0.07, 0.08
3295.0, 3442.0, 3476.0, 3851.0, 3398.0, 8.94, 1.89, -4.56, 0.02, 0.01, 0.05
3305.0, 3465.0, 3465.0, 3855.0, 3393.0, 8.86, 1.74, -4.58, 0.03, -0.06, -0.01
3295.0, 3467.0, 3462.0, 3851.0, 3398.0, 8.79, 1.8, -4.76, -0.03, -0.09, 0.03
3307.0, 3459.0, 3461.0, 3830.0, 3414.0, 8.61, 1.8, -4.66, -0.01, -0.03, -0.02
3294.0, 3463.0, 3466.0, 3846.0, 3398.0, 8.79, 1.88, -4.73, 0.01, -0.02, -0.03
3295.0, 3472.0, 3470.0, 3847.0, 3394.0, 8.87, 1.8, -4.69, 0.01, -0.03, -0.04
3295.0, 3459.0, 3467.0, 3852.0, 3396.0, 8.96, 1.7, -4.64, 0.0, -0.03, -0.04
3296.0, 3469.0, 3482.0, 3851.0, 3395.0, 8.84, 2.15, -4.76, 0.07, -0.09, 0.05
