3354.0, 3504.0, 3491.0, 3865.0, 3452.0, 9.16, 1.32, -4.01, -0.03, -0.02, 0.02
3354.0, 3504.0, 3493.0, 3858.0, 3451.0, 9.08, 0.94, -4.26, -0.1, -0.14, 0.05
3360.0, 3506.0, 3503.0, 3868.0, 3458.0, 8.53, 0.86, -4.84, 0.03, -0.14, -0.12
3358.0, 3510.0, 3504.0, 3872.0, 3456.0, 8.66, 1.06, -5.13, 0.24, -0.06, -0.44
3357.0, 3509.0, 3502.0, 3867.0, 3447.0, 8.95, 2.03, -4.6, -0.04, -0.07, -0.28
3354.0, 3525.0, 3502.0, 3865.0, 3463.0, 9.35, 1.95, -4.44, 0.01, -0.04, -0.28
3354.0, 3542.0, 3502.0, 3862.0, 3443.0, 9.22, 2.32, -4.45, -0.01, 0.05, -0.08
3350.0, 3519.0, 3501.0, 3866.0, 3445.0, 9.04, 1.81, -4.25, 0.03, 0.13, -0.06
3346.0, 3418.0, 3495.0, 3870.0, 3441.0, 8.92, 1.99, -4.31, -0.03, 0.05, 0.03
3346.0, 3422.0, 3493.0, 3863.0, 3440.0, 9.12, 1.89, -4.23, 0.0, 0.01, -0.02
3344.0, 3422.0, 3510.0, 3859.0, 3441.0, 9.02, 2.06, -3.97, 0.03, -0.03, -0.02
3345.0, 3422.0, 3498.0, 3863.0, 3440.0, 8.98, 1.97, -4.07, 0.05, -0.05, -0.06
3343.0, 3422.0, 3495.0, 3863.0, 3439.0, 8.97, 1.85, -4.08, -0.06, 0.0, -0.01
3344.0, 3426.0, 3495.0, 3858.0, 3437.0, 9.07, 2.06, -4.23, -0.08, 0.09, 0.01
3344.0, 3425.0, 3498.0, 3859.0, 3437.0, 9.34, 2.09, -4.26, -0.04, 0.05, -0.03
3341.0, 3422.0, 3491.0, 3859.0, 3434.0, 9.2, 2.24, -4.19, 0.07, -0.05, -0.09
3344.0, 3423.0, 3494.0, 3858.0, 3437.0, 8.97, 2.3, -4.07, 0.14, -0.12, -0.02
3334.0, 3419.0, 3487.0, 3847.0, 3426.0, 8.93, 2.04, -4.07, 0.23, -0.07, -0.05
3338.0, 3420.0, 3488.0, 3856.0, 3424.0, 9.21, 1.51, -4.13, 0.16, -0.01, -0.03
3338.0, 3419.0, 3481.0, 3879.0, 3427.0, 9.23, 1.68, -4.13, 0.15, -0.04, -0.08
3332.0, 3417.0, 3489.0, 3849.0, 3422.0, 8.88, 1.82, -4.26, 0.15, -0.06, -0.15
3331.0, 3418.0, 3487.0, 3855.0, 3424.0, 8.68, 2.08, -4.17, 0.14, -0.02, -0.18
3335.0, 3420.0, 3488.0, 3854.0, 3426.0, 8.86, 2.18, -3.74, 0.09, 0.04, -0.15
3322.0, 3419.0, 3488.0, 3856.0, 3417.0, 9.49, 1.76, -3.74, -0.0, 0.05, -0.14
3331.0, 3388.0, 3485.0, 3850.0, 3419.0, 9.39, 2.31, -3.97, 0.0, -0.01, -0.11
3349.0, 3418.0, 3485.0, 3855.0, 3422.0, 9.32, 2.44, -3.94, -0.06, -0.06, 0.04
3319.0, 3423.0, 3485.0, 3846.0, 3421.0, 9.18, 2.3, -4.22, 0.01, -0.11, 0.11
3330.0, 3417.0, 3486.0, 3850.0, 3427.0, 8.94, 2.07, -4.34, 0.07, -0.16, 0.06
3329.0, 3418.0, 3487.0, 3853.0, 3422.0, 8.75, 1.99, -4.51, 0.08, -0.12, -0.01
3328.0, 3415.0, 3488.0, 3845.0, 3422.0, 8.86, 1.8, -4.55, 0.06, -0.04, -0.03
3329.0, 3415.0, 3487.0, 3843.0, 3421.0, 8.79, 1.94, -4.44, 0.08, 0.04, -0.11
3334.0, 3411.0, 3485.0, 3847.0, 3422.0, 9.07, 1.94, -4.35, -0.03, 0.06, -0.01
3329.0, 3413.0, 3487.0, 3843.0, 3414.0, 9.11, 2.18, -4.26, -0.03, 0.05, -0.04
3327.0, 3413.0, 3485.0, 3842.0, 3421.0, 9.04, 2.32, -4.11, -0.02, -0.01, -0.03
3327.0, 3412.0, 3487.0, 3849.0, 3417.0, 9.06, 2.11, -4.36, 0.01, -0.03, 0.0
3329.0, 3413.0, 3488.0, 3842.0, 3431.0, 9.04, 1.79, -4.3, 0.04, 0.01, -0.06
3327.0, 3409.0, 3498.0, 3842.0, 3430.0, 8.94, 2.38, -4.11, 0.07, -0.02, -0.07
3327.0, 3413.0, 3483.0, 3847.0, 3415.0, 9.16, 2.45, -4.11, 0.09, -0.05, -0.03
3328.0, 3409.0, 3486.0, 3845.0, 3418.0, 9.18, 2.37, -3.68, 0.15, -0.09, 0.11
3331.0, 3414.0, 3489.0, 3862.0, 3419.0, 9.05, 2.6, -3.88, 0.22, -0.13, 0.31
3328.0, 3420.0, 3491.0, 3837.0, 3420.0, 9.05, 1.49, -4.37, 0.11, -0.08, 0.23
3326.0, 3423.0, 3491.0, 3836.0, 3421.0, 9.3, 1.02, -4.58, -0.11, -0.09, 0.24
3325.0, 3419.0, 3494.0, 3835.0, 3422.0, 9.05, 1.51, -4.35, -0.06, -0.06, 0.05
3325.0, 3422.0, 3491.0, 3830.0, 3422.0, 8.95, 1.54, -4.36, -0.01, 0.04, -0.08
3317.0, 3426.0, 3493.0, 3839.0, 3424.0, 9.03, 1.61, -4.36, 0.03, 0.03, -0.1
3321.0, 3429.0, 3490.0, 3836.0, 3421.0, 9.01, 1.95, -4.14, -0.01, -0.0, -0.06
3321.0, 3425.0, 3489.0, 3827.0, 3421.0, 9.26, 1.91, -4.19, -0.01, -0.05, -0.03
