2879.0, 2759.0, 3837.0, 3543.0, 3181.0, 6.1, 3.7, 4.83, -1.68, -3.23, -1.52
2881.0, 2759.0, 3843.0, 3542.0, 3200.0, 6.91, 4.25, 0.99, -1.83, -2.57, -1.67
2881.0, 2754.0, 3845.0, 3553.0, 3201.0, 6.1, 4.41, 3.22, -1.55, -0.61, -1.3
2864.0, 2741.0, 3855.0, 3543.0, 3205.0, 5.23, 4.58, 5.74, -0.83, -0.24, -0.42
2879.0, 2745.0, 3851.0, 3545.0, 3200.0, 5.45, 4.67, 7.35, -0.33, -0.53, 0.36
2877.0, 2741.0, 3851.0, 3542.0, 3197.0, 6.73, 4.29, 6.33, 0.17, -0.6, 0.58
2874.0, 2739.0, 3839.0, 3532.0, 3194.0, 8.3, 3.02, 4.85, 0.4, -0.49, 0.65
2870.0, 2736.0, 3827.0, 3533.0, 3186.0, 8.96, 2.18, 4.43, -0.06, -0.76, 0.67
2869.0, 2731.0, 3824.0, 3519.0, 3184.0, 9.47, 1.81, 2.22, -0.37, -0.66, 0.58
2864.0, 2733.0, 3824.0, 3531.0, 3184.0, 8.51, 1.58, 2.36, -0.51, -0.8, 0.44
2894.0, 2749.0, 3824.0, 3522.0, 3180.0, 8.77, 0.82, -0.05, 0.26, -0.1, 0.6
2873.0, 2736.0, 3822.0, 3525.0, 3178.0, 9.42, 0.6, -0.14, 0.27, -0.0, -0.01
2864.0, 2732.0, 3813.0, 3511.0, 3177.0, 10.09, 2.01, 1.74, 0.08, 0.67, -0.19
2862.0, 2720.0, 3813.0, 3511.0, 3175.0, 10.14, 2.23, 3.25, -0.12, 0.4, -0.07
2870.0, 2737.0, 3810.0, 3513.0, 3170.0, 9.96, 1.83, 3.35, -0.21, 0.03, 0.1
2863.0, 2730.0, 3809.0, 3513.0, 3170.0, 9.67, 1.3, 3.3, -0.17, -0.03, 0.07
2865.0, 2731.0, 3804.0, 3507.0, 3169.0, 9.29, 1.45, 3.31, -0.12, -0.14, -0.1
2849.0, 2726.0, 3808.0, 3504.0, 3170.0, 9.14, 1.49, 3.27, 0.03, -0.15, -0.11
2867.0, 2736.0, 3809.0, 3503.0, 3135.0, 9.27, 1.68, 3.09, -0.08, -0.13, -0.11
2864.0, 2735.0, 3802.0, 3505.0, 3168.0, 9.21, 1.68, 3.22, -0.05, -0.01, -0.07
2864.0, 2736.0, 3799.0, 3504.0, 3166.0, 9.16, 1.72, 3.33, -0.16, -0.01, -0.11
2864.0, 2734.0, 3796.0, 3502.0, 3158.0, 9.22, 1.69, 3.34, -0.15, 0.02, -0.11
2864.0, 2736.0, 3795.0, 3502.0, 3165.0, 9.33, 1.79, 3.33, -0.25, 0.01, -0.13
2864.0, 2735.0, 3796.0, 3501.0, 3162.0, 9.18, 1.63, 3.57, -0.22, 0.01, -0.16
2864.0, 2733.0, 3792.0, 3499.0, 3161.0, 9.08, 1.8, 3.54, -0.2, -0.02, -0.16
2859.0, 2732.0, 3792.0, 3498.0, 3161.0, 9.11, 1.82, 3.55, -0.07, -0.04, -0.14
2860.0, 2729.0, 3789.0, 3501.0, 3158.0, 9.16, 1.89, 3.32, -0.18, 0.02, -0.12
2859.0, 2729.0, 3792.0, 3495.0, 3158.0, 9.03, 1.99, 3.78, -0.13, 0.04, -0.08
2860.0, 2730.0, 3792.0, 3499.0, 3158.0, 8.97, 1.89, 3.77, -0.09, 0.07, -0.05
2862.0, 2733.0, 3792.0, 3499.0, 3155.0, 9.2, 1.8, 3.69, -0.11, 0.0, -0.06
2859.0, 2731.0, 3787.0, 3494.0, 3152.0, 9.16, 1.99, 3.54, -0.08, 0.01, -0.09
2857.0, 2734.0, 3782.0, 3494.0, 3156.0, 8.8, 1.93, 4.23, 0.04, -0.01, -0.04
2858.0, 2730.0, 3785.0, 3493.0, 3153.0, 8.9, 2.07, 3.78, -0.01, 0.0, -0.04
2870.0, 2736.0, 3782.0, 3493.0, 3155.0, 8.99, 2.0, 3.82, 0.07, -0.09, -0.04
2870.0, 2733.0, 3781.0, 3494.0, 3153.0, 8.89, 2.02, 3.94, -0.0, 0.03, -0.0
2853.0, 2723.0, 3785.0, 3508.0, 3157.0, 8.91, 1.96, 3.99, -0.0, -0.01, 0.02
2853.0, 2727.0, 3779.0, 3485.0, 3152.0, 9.04, 1.92, 3.79, 0.0, -0.03, -0.01
2853.0, 2725.0, 3787.0, 3488.0, 3152.0, 9.0, 1.86, 3.84, -0.01, 0.01, 0.01
2861.0, 2729.0, 3780.0, 3487.0, 3152.0, 9.02, 1.98, 3.65, -0.04, -0.06, -0.02
2851.0, 2723.0, 3776.0, 3489.0, 3152.0, 8.94, 1.97, 3.81, -0.0, -0.03, 0.06
2853.0, 2723.0, 3776.0, 3487.0, 3151.0, 9.03, 1.77, 3.89, 0.02, 0.02, 0.05
2850.0, 2724.0, 3776.0, 3485.0, 3150.0, 9.03, 1.64, 4.02, 0.07, 0.02, 0.0
2855.0, 2727.0, 3775.0, 3486.0, 3152.0, 8.94, 1.94, 3.89, 0.07, 0.04, -0.03
2849.0, 2721.0, 3776.0, 3489.0, 3151.0, 8.83, 2.05, 3.98, 0.05, -0.04, -0.02
2855.0, 2732.0, 3773.0, 3486.0, 3149.0, 8.87, 1.93, 4.05, -0.02, 0.01, -0.01
2849.0, 2725.0, 3774.0, 3493.0, 3150.0, 8.78, 1.98, 4.19, 0.02, -0.02, -0.01
2850.0, 2726.0, 3777.0, 3487.0, 3147.0, 8.95, 1.92, 4.01, 0.05, 0.04, 0.01
2849.0, 2723.0, 3775.0, 3489.0, 3149.0, 8.91, 1.9, 4.06, -0.02, 0.03, -0.02
2848.0, 2725.0, 3775.0, 3485.0, 3149.0, 8.91, 1.78, 4.26, 0.02, -0.04, 0.0
2850.0, 2725.0, 3775.0, 3489.0, 3147.0, 8.89, 1.86, 4.03, 0.06, -0.06, 0.0
