2698.0, 2672.0, 3251.0, 2992.0, 2795.0, 2.41, 3.06, 8.91, 0.02, -0.02, -0.02
2695.0, 2674.0, 3254.0, 2992.0, 2799.0, 2.47, 3.06, 9.0, 0.0, -0.05, -0.01
2699.0, 2672.0, 3249.0, 2992.0, 2797.0, 2.51, 2.94, 8.81, 0.02, -0.03, -0.02
2693.0, 2672.0, 3253.0, 2992.0, 2796.0, 2.41, 3.12, 9.0, 0.01, -0.03, -0.01
2698.0, 2672.0, 3254.0, 2992.0, 2796.0, 2.41, 2.89, 8.93, 0.04, -0.04, -0.02
2698.0, 2673.0, 3254.0, 2992.0, 2798.0, 2.46, 2.94, 8.88, 0.03, -0.03, -0.02
2698.0, 2672.0, 3254.0, 2995.0, 2798.0, 2.36, 3.06, 9.07, 0.02, -0.09, -0.0
2695.0, 2677.0, 3265.0, 3002.0, 2800.0, 1.96, 3.7, 10.36, 0.4, -0.43, -0.03
2703.0, 2706.0, 3295.0, 3024.0, 2803.0, 3.47, 4.01, 13.56, 0.08, -1.55, 0.51
2709.0, 2735.0, 3324.0, 3052.0, 2814.0, 4.49, 4.27, 14.25, 1.23, -2.75, 0.25
2725.0, 2752.0, 3389.0, 3083.0, 2831.0, 5.69, 2.22, 10.49, -0.71, -3.25, 0.64
2727.0, 2753.0, 3380.0, 3098.0, 2828.0, 5.23, 3.1, 8.01, -2.01, -3.95, -0.35
2726.0, 2763.0, 3392.0, 3093.0, 2829.0, 4.58, 2.17, 4.44, -3.0, -4.37, -0.48
2722.0, 2765.0, 3387.0, 3104.0, 2800.0, 6.57, 3.38, 0.42, -3.29, -3.6, -0.6
2711.0, 2768.0, 3559.0, 3151.0, 2821.0, 6.11, 3.44, -0.44, -2.05, -2.98, -0.95
2705.0, 2761.0, 3437.0, 3109.0, 2819.0, 7.18, 3.94, -1.21, -1.96, -1.63, -0.66
2699.0, 2752.0, 3398.0, 3086.0, 2818.0, 7.67, 5.27, -2.83, -1.21, -1.38, -0.43
2694.0, 2748.0, 3397.0, 3071.0, 2816.0, 8.17, 4.86, -2.14, -0.6, -0.63, -0.49
2701.0, 2742.0, 3392.0, 3047.0, 2818.0, 9.08, 4.46, -2.83, -0.4, -0.12, -0.13
2689.0, 2737.0, 3385.0, 3061.0, 2816.0, 7.73, 5.0, -2.74, -0.11, -0.05, -0.01
2693.0, 2733.0, 3378.0, 3056.0, 2818.0, 8.13, 5.63, -3.12, 0.48, 0.57, 0.02
2690.0, 2725.0, 3378.0, 3054.0, 2815.0, 9.1, 5.51, -2.43, 0.91, 0.73, 0.29
2694.0, 2725.0, 3368.0, 3052.0, 2816.0, 8.54, 5.24, -1.41, 1.25, 1.02, 0.42
2690.0, 2718.0, 3365.0, 3050.0, 2817.0, 8.47, 4.83, 0.36, 1.76, 1.27, 0.69
2694.0, 2719.0, 3363.0, 3046.0, 2818.0, 10.28, 0.27, 2.92, 1.32, 0.72, 0.53
2692.0, 2716.0, 3348.0, 3035.0, 2822.0, 10.86, -0.65, 2.36, 0.94, 0.13, 0.01
2692.0, 2717.0, 3333.0, 3027.0, 2827.0, 10.52, 0.7, 0.87, 0.25, 0.18, -0.02
2693.0, 2715.0, 3327.0, 3024.0, 2821.0, 10.22, 1.81, 0.43, -0.06, -0.02, 0.02
2693.0, 2717.0, 3325.0, 3024.0, 2819.0, 9.83, 2.57, -0.11, -0.0, -0.09, -0.12
2690.0, 2717.0, 3325.0, 3023.0, 2821.0, 9.49, 2.39, -0.17, -0.11, -0.09, 0.08
2691.0, 2714.0, 3325.0, 3021.0, 2818.0, 9.67, 2.54, -0.14, 0.12, 0.06, -0.12
2692.0, 2715.0, 3325.0, 3024.0, 2817.0, 9.98, 1.92, 0.25, 0.05, -0.12, -0.07
2694.0, 2714.0, 3319.0, 3020.0, 2818.0, 9.78, 2.37, -0.01, 0.01, 0.01, -0.01
2695.0, 2718.0, 3327.0, 3024.0, 2817.0, 9.78, 2.6, -0.18, 0.09, -0.0, -0.11
2691.0, 2714.0, 3326.0, 3024.0, 2815.0, 9.6, 2.4, 0.0, 0.01, -0.07, -0.02
2690.0, 2712.0, 3320.0, 3021.0, 2815.0, 9.68, 2.21, 0.24, -0.02, 0.05, -0.08
2690.0, 2711.0, 3321.0, 3022.0, 2815.0, 9.59, 2.84, -0.46, 0.03, -0.01, -0.03
2691.0, 2714.0, 3324.0, 3020.0, 2815.0, 10.16, 2.17, 0.28, -0.01, 0.05, -0.07
2693.0, 2717.0, 3321.0, 3020.0, 2814.0, 9.56, 2.61, 0.08, -0.01, 0.11, -0.01
2692.0, 2708.0, 3323.0, 3006.0, 2809.0, 9.91, 2.58, 0.13, 0.03, -0.0, -0.06
2690.0, 2712.0, 3323.0, 3022.0, 2815.0, 9.8, 2.73, 0.12, 0.01, -0.01, -0.04
2691.0, 2711.0, 3319.0, 3021.0, 2815.0, 9.53, 2.59, 0.09, -0.01, 0.02, 0.02
2691.0, 2714.0, 3323.0, 3022.0, 2815.0, 9.79, 2.71, 0.32, 0.03, -0.01, -0.1
2689.0, 2714.0, 3323.0, 3024.0, 2815.0, 9.69, 2.68, 0.05, 0.03, 0.01, -0.01
2694.0, 2713.0, 3329.0, 3024.0, 2814.0, 9.75, 2.71, 0.24, 0.11, -0.0, -0.1
2704.0, 2728.0, 3339.0, 3038.0, 2828.0, 9.96, 2.52, 0.34, -0.0, -0.08, 0.0
2692.0, 2711.0, 3324.0, 3022.0, 2815.0, 9.57, 2.74, 0.17, 0.01, 0.02, -0.03
2690.0, 2709.0, 3322.0, 3020.0, 2814.0, 9.7, 2.76, 0.3, 0.03, -0.02, -0.02
2690.0, 2709.0, 3323.0, 3022.0, 2812.0, 9.91, 2.63, 0.34, 0.03, -0.02, -0.04
2674.0, 2711.0, 3329.0, 3035.0, 2819.0, 9.63, 2.82, 0.01, 0.1, -0.03, 0.02
