2955.0, 2863.0, 3783.0, 3481.0, 3201.0, 7.19, 3.1, 2.38, 0.54, 0.73, 0.39
2960.0, 2864.0, 3790.0, 3502.0, 3200.0, 7.77, 2.54, 3.06, 0.59, 0.6, -0.09
2956.0, 2864.0, 3785.0, 3490.0, 3201.0, 8.47, 3.36, 3.51, 0.37, 0.22, -0.16
2965.0, 2900.0, 3778.0, 3499.0, 3200.0, 9.25, 4.32, 2.96, 0.24, 0.01, -0.39
2950.0, 2863.0, 3779.0, 3491.0, 3201.0, 8.97, 5.11, 2.21, 0.15, -0.05, -0.22
2954.0, 2864.0, 3781.0, 3498.0, 3201.0, 8.81, 5.22, 1.87, 0.12, 0.06, -0.17
2963.0, 2862.0, 3772.0, 3482.0, 3202.0, 8.64, 5.04, 1.71, -0.21, -0.04, 0.04
2952.0, 2862.0, 3777.0, 3489.0, 3200.0, 8.6, 5.36, 1.7, 0.12, -0.11, 0.06
2954.0, 2861.0, 3774.0, 3488.0, 3198.0, 8.47, 4.65, 1.74, 0.15, -0.17, 0.31
2947.0, 2865.0, 3775.0, 3482.0, 3183.0, 8.86, 4.37, 1.4, -0.11, 0.1, -0.07
2959.0, 2864.0, 3775.0, 3472.0, 3203.0, 8.94, 4.19, 1.84, 0.04, -0.03, 0.04
2960.0, 2867.0, 3774.0, 3491.0, 3198.0, 8.69, 4.61, 1.74, 0.07, -0.02, -0.06
2960.0, 2866.0, 3771.0, 3483.0, 3199.0, 8.82, 4.77, 1.45, 0.02, 0.08, -0.09
2960.0, 2867.0, 3776.0, 3485.0, 3200.0, 8.84, 4.71, 1.68, 0.1, -0.07, -0.02
2960.0, 2869.0, 3771.0, 3483.0, 3197.0, 8.69, 4.54, 1.78, 0.13, 0.06, -0.07
2960.0, 2871.0, 3776.0, 3477.0, 3197.0, 8.74, 4.66, 1.73, 0.01, 0.05, -0.05
2959.0, 2867.0, 3770.0, 3476.0, 3198.0, 8.77, 4.7, 1.72, 0.05, -0.01, 0.0
2960.0, 2867.0, 3768.0, 3481.0, 3199.0, 8.79, 4.65, 1.69, 0.11, 0.06, 0.08
2925.0, 2865.0, 3767.0, 3488.0, 3198.0, 8.6, 4.46, 1.79, -0.02, 0.05, -0.04
2959.0, 2868.0, 3763.0, 3483.0, 3199.0, 8.69, 4.8, 1.66, -0.01, 0.06, -0.08
2960.0, 2867.0, 3773.0, 3483.0, 3198.0, 8.47, 4.53, 2.03, 0.07, -0.14, 0.07
2960.0, 2870.0, 3767.0, 3474.0, 3197.0, 8.58, 4.7, 1.8, 0.05, -0.01, -0.0
2960.0, 2869.0, 3767.0, 3473.0, 3207.0, 8.76, 4.7, 1.61, 0.08, 0.01, 0.02
2960.0, 2869.0, 3763.0, 3471.0, 3198.0, 8.51, 4.79, 1.95, 0.15, -0.05, 0.05
2960.0, 2868.0, 3767.0, 3460.0, 3170.0, 8.73, 4.61, 1.74, 0.02, 0.0, -0.01
2960.0, 2875.0, 3770.0, 3473.0, 3195.0, 8.67, 4.63, 1.71, 0.01, -0.03, -0.02
2959.0, 2877.0, 3769.0, 3473.0, 3199.0, 8.54, 4.71, 1.95, 0.02, -0.06, 0.04
2960.0, 2875.0, 3765.0, 3475.0, 3195.0, 8.76, 4.7, 1.81, -0.05, -0.01, -0.02
2960.0, 2877.0, 3765.0, 3472.0, 3197.0, 8.62, 4.64, 1.7, 0.06, -0.11, 0.0
2960.0, 2878.0, 3763.0, 3476.0, 3194.0, 8.63, 4.69, 1.7, 0.0, -0.06, -0.02
2960.0, 2876.0, 3761.0, 3475.0, 3199.0, 8.71, 4.66, 1.64, 0.03, -0.03, 0.01
2961.0, 2879.0, 3763.0, 3472.0, 3195.0, 8.59, 4.63, 1.81, 0.06, -0.05, 0.01
2960.0, 2878.0, 3760.0, 3477.0, 3195.0, 8.73, 4.61, 1.62, 0.03, 0.02, -0.01
2959.0, 2878.0, 3760.0, 3473.0, 3197.0, 8.77, 4.65, 1.71, 0.07, -0.05, 0.02
2960.0, 2875.0, 3761.0, 3474.0, 3197.0, 8.67, 4.55, 1.86, -0.01, -0.01, -0.04
2960.0, 2875.0, 3760.0, 3477.0, 3197.0, 8.69, 4.64, 1.73, 0.02, -0.02, -0.02
2959.0, 2875.0, 3760.0, 3478.0, 3196.0, 8.76, 4.6, 1.6, 0.02, 0.01, -0.03
2960.0, 2876.0, 3760.0, 3467.0, 3194.0, 8.71, 4.64, 1.76, 0.01, -0.04, -0.03
2958.0, 2877.0, 3763.0, 3472.0, 3195.0, 8.7, 4.69, 1.65, 0.02, -0.01, -0.02
2957.0, 2875.0, 3760.0, 3473.0, 3193.0, 8.7, 4.78, 1.8, 0.01, -0.03, 0.0
2960.0, 2877.0, 3762.0, 3475.0, 3196.0, 8.63, 4.6, 1.78, -0.01, -0.01, 0.02
2949.0, 2869.0, 3743.0, 3470.0, 3189.0, 8.72, 4.64, 1.62, -0.06, 0.01, -0.01
2957.0, 2874.0, 3760.0, 3474.0, 3195.0, 8.77, 4.44, 1.87, 0.05, -0.19, 0.01
2959.0, 2877.0, 3757.0, 3476.0, 3189.0, 8.66, 4.73, 1.66, 0.02, 0.0, -0.02
2955.0, 2875.0, 3759.0, 3477.0, 3191.0, 8.7, 4.73, 1.71, -0.03, -0.05, 0.03
2963.0, 2876.0, 3758.0, 3476.0, 3193.0, 8.68, 4.56, 1.93, -0.0, -0.05, 0.03
2956.0, 2874.0, 3756.0, 3473.0, 3193.0, 8.8, 4.52, 1.77, -0.01, -0.07, 0.01
2958.0, 2875.0, 3757.0, 3472.0, 3190.0, 8.72, 4.52, 1.73, 0.0, -0.06, -0.01
2954.0, 2873.0, 3759.0, 3472.0, 3190.0, 8.69, 4.53, 1.71, -0.03, 0.0, -0.02
2955.0, 2873.0, 3756.0, 3472.0, 3193.0, 8.72, 4.43, 1.87, 0.0, 0.03, -0.04
2959.0, 2872.0, 3754.0, 3473.0, 3189.0, 8.67, 4.72, 1.8, 0.05, -0.06, -0.0
