3350.0, 3321.0, 3422.0, 3230.0, 3455.0, -6.18, -1.59, 6.97, -0.28, -0.22, 0.03
3353.0, 3312.0, 3421.0, 3230.0, 3451.0, -6.16, -1.3, 7.45, -0.16, -0.18, 0.0
3357.0, 3307.0, 3418.0, 3234.0, 3446.0, -5.73, -1.97, 7.07, -0.15, -0.23, 0.08
3354.0, 3308.0, 3419.0, 3227.0, 3444.0, -5.87, -1.73, 7.35, -0.15, -0.19, 0.09
3350.0, 3306.0, 3413.0, 3222.0, 3441.0, -5.45, -2.1, 7.51, -0.07, -0.11, 0.02
3352.0, 3378.0, 3410.0, 3219.0, 3440.0, -5.36, -2.04, 7.36, -0.02, -0.12, 0.08
3356.0, 3344.0, 3410.0, 3223.0, 3440.0, -5.36, -2.36, 7.44, -0.07, -0.17, 0.04
3344.0, 3343.0, 3411.0, 3221.0, 3440.0, -5.38, -2.32, 7.34, -0.01, -0.15, 0.05
3342.0, 3339.0, 3411.0, 3219.0, 3437.0, -5.4, -1.96, 7.6, -0.1, -0.08, -0.09
3344.0, 3338.0, 3413.0, 3220.0, 3434.0, -5.05, -2.2, 7.4, -0.09, -0.14, -0.05
3341.0, 3350.0, 3410.0, 3217.0, 3433.0, -5.4, -1.87, 7.72, -0.12, -0.17, 0.01
3338.0, 3362.0, 3409.0, 3227.0, 3429.0, -5.02, -2.31, 7.71, 0.31, -0.16, -0.08
3335.0, 3361.0, 3412.0, 3229.0, 3431.0, -5.18, -2.15, 7.44, 0.12, -0.09, 0.05
3339.0, 3358.0, 3411.0, 3229.0, 3428.0, -5.75, -1.74, 7.48, 0.22, -0.04, 0.04
3344.0, 3354.0, 3413.0, 3225.0, 3429.0, -5.35, -1.75, 7.63, 0.13, 0.06, 0.01
3336.0, 3359.0, 3411.0, 3261.0, 3429.0, -4.95, -1.74, 7.56, 0.1, -0.12, 0.14
3339.0, 3354.0, 3412.0, 3231.0, 3425.0, -5.5, -1.0, 8.27, 0.01, -0.09, 0.2
3341.0, 3364.0, 3414.0, 3231.0, 3427.0, -5.0, -1.96, 7.71, 0.02, -0.05, 0.13
3331.0, 3353.0, 3415.0, 3228.0, 3425.0, -5.64, -0.97, 8.39, -0.37, -0.18, 0.43
3328.0, 3363.0, 3551.0, 3290.0, 3418.0, -4.81, -2.24, 7.56, -0.12, -0.15, 0.28
3331.0, 3354.0, 3447.0, 3243.0, 3413.0, -5.33, -2.11, 8.26, -0.3, -0.3, 0.37
3329.0, 3376.0, 3447.0, 3237.0, 3408.0, -4.96, -1.94, 8.49, -0.31, -0.13, -0.09
3331.0, 3329.0, 3440.0, 3234.0, 3410.0, -4.87, -1.46, 8.33, 0.15, -0.31, 0.12
3330.0, 3355.0, 3440.0, 3232.0, 3408.0, -4.67, -1.77, 8.15, 0.0, -0.33, -0.15
3335.0, 3338.0, 3408.0, 3223.0, 3408.0, -4.74, -2.07, 8.34, -0.01, -0.36, -0.02
3335.0, 3342.0, 3406.0, 3221.0, 3408.0, -4.72, -1.65, 7.7, 0.06, -0.39, -0.08
3344.0, 3357.0, 3499.0, 3270.0, 3376.0, -4.47, -1.88, 8.02, -0.01, -0.3, -0.11
3339.0, 3359.0, 3487.0, 3248.0, 3399.0, -4.22, -1.87, 8.08, -0.01, -0.23, -0.06
3331.0, 3372.0, 3407.0, 3217.0, 3405.0, -3.96, -1.99, 8.32, 0.01, -0.16, -0.07
3331.0, 3357.0, 3405.0, 3216.0, 3403.0, -4.13, -1.92, 8.49, 0.01, -0.06, -0.09
3330.0, 3360.0, 3423.0, 3225.0, 3405.0, -3.7, -1.94, 8.48, -0.05, -0.12, -0.04
3331.0, 3348.0, 3570.0, 3298.0, 3399.0, -3.82, -1.6, 8.93, 0.04, -0.19, -0.02
3331.0, 3347.0, 3502.0, 3258.0, 3401.0, -3.8, -1.77, 8.96, 0.07, -0.16, -0.03
3329.0, 3359.0, 3501.0, 3264.0, 3402.0, -3.76, -2.08, 8.4, 0.22, -0.2, 0.2
3323.0, 3342.0, 3492.0, 3263.0, 3403.0, -3.91, -1.67, 8.74, 0.18, -0.13, -0.04
3323.0, 3315.0, 3490.0, 3263.0, 3363.0, -4.1, -1.13, 8.9, 0.38, 0.04, -0.15
3298.0, 3310.0, 3554.0, 3293.0, 3387.0, -3.81, -1.49, 8.36, 0.31, 0.11, 0.04
3317.0, 3302.0, 3406.0, 3218.0, 3396.0, -3.62, -0.54, 8.62, 0.42, 0.14, -0.02
3316.0, 3306.0, 3407.0, 3217.0, 3395.0, -3.73, -1.38, 8.28, 0.04, 0.1, 0.14
3315.0, 3301.0, 3405.0, 3216.0, 3392.0, -3.27, -1.86, 8.33, -0.08, 0.17, 0.09
3317.0, 3298.0, 3403.0, 3216.0, 3397.0, -4.23, -0.45, 8.81, -0.09, 0.0, 0.12
3319.0, 3309.0, 3406.0, 3223.0, 3395.0, -3.81, -2.21, 8.68, -0.37, -0.03, 0.41
3318.0, 3305.0, 3402.0, 3220.0, 3397.0, -3.89, -1.41, 8.25, 0.01, 0.09, 0.13
3317.0, 3307.0, 3406.0, 3219.0, 3402.0, -4.23, -1.17, 8.3, -0.09, -0.12, 0.22
3316.0, 3306.0, 3406.0, 3219.0, 3399.0, -4.36, -1.39, 8.18, 0.07, 0.17, 0.0
3315.0, 3308.0, 3410.0, 3218.0, 3395.0, -4.37, -1.41, 7.63, -0.19, 0.11, 0.07
3315.0, 3307.0, 3405.0, 3216.0, 3396.0, -4.28, -1.41, 8.95, -0.09, 0.17, -0.07
3317.0, 3351.0, 3407.0, 3216.0, 3393.0, -5.2, -1.21, 9.21, -0.04, 0.13, -0.11
3315.0, 3333.0, 3408.0, 3216.0, 3392.0, -4.51, -1.15, 9.72, -0.07, -0.03, 0.12
3317.0, 3313.0, 3407.0, 3216.0, 3392.0, -4.47, -1.42, 8.58, 0.0, -0.28, 0.19
