3312.0, 3307.0, 3471.0, 3264.0, 3435.0, -7.67, 0.91, 5.52, 0.05, -0.09, -0.05
3312.0, 3308.0, 3473.0, 3261.0, 3437.0, -7.65, 0.9, 5.61, 0.06, -0.03, -0.01
3314.0, 3311.0, 3472.0, 3261.0, 3439.0, -7.57, 0.95, 5.44, 0.03, -0.04, -0.01
3312.0, 3311.0, 3473.0, 3262.0, 3437.0, -7.74, 0.88, 5.71, -0.01, -0.07, 0.01
3312.0, 3312.0, 3475.0, 3258.0, 3437.0, -7.62, 0.88, 5.45, 0.01, -0.01, -0.03
3312.0, 3309.0, 3472.0, 3263.0, 3435.0, -7.58, 0.78, 5.53, 0.01, -0.08, -0.02
3314.0, 3309.0, 3471.0, 3254.0, 3436.0, -7.68, 0.97, 5.67, 0.04, -0.06, -0.05
3312.0, 3312.0, 3472.0, 3260.0, 3435.0, -7.58, 0.74, 5.75, -0.02, -0.08, -0.05
3312.0, 3312.0, 3465.0, 3257.0, 3430.0, -7.52, 0.9, 5.47, 0.04, -0.07, -0.02
3312.0, 3312.0, 3460.0, 3251.0, 3431.0, -7.56, 0.83, 5.64, 0.04, -0.07, -0.12
3312.0, 3313.0, 3457.0, 3248.0, 3429.0, -7.57, 0.85, 5.6, 0.02, -0.05, -0.04
3312.0, 3313.0, 3453.0, 3249.0, 3431.0, -7.51, 0.77, 5.64, 0.08, -0.12, -0.09
3314.0, 3313.0, 3451.0, 3246.0, 3425.0, -7.44, 0.67, 5.89, 0.03, -0.18, -0.1
3311.0, 3313.0, 3442.0, 3247.0, 3424.0, -7.51, 0.71, 5.73, -0.02, -0.19, -0.08
3311.0, 3314.0, 3441.0, 3248.0, 3426.0, -7.28, 0.63, 5.81, 0.06, -0.26, -0.02
3322.0, 3323.0, 3446.0, 3242.0, 3423.0, -7.32, 0.61, 6.06, 0.01, -0.15, -0.01
3307.0, 3365.0, 3448.0, 3269.0, 3423.0, -7.29, 0.74, 5.89, 0.03, -0.11, -0.02
3306.0, 3351.0, 3447.0, 3245.0, 3423.0, -7.24, 0.57, 6.05, 0.03, -0.05, -0.0
3303.0, 3329.0, 3445.0, 3247.0, 3427.0, -7.37, 0.63, 6.05, 0.04, -0.05, 0.0
3302.0, 3326.0, 3447.0, 3246.0, 3421.0, -7.28, 0.85, 6.02, 0.05, -0.04, -0.02
3301.0, 3319.0, 3445.0, 3247.0, 3423.0, -7.15, 0.53, 6.02, 0.02, -0.09, -0.01
3298.0, 3313.0, 3440.0, 3234.0, 3426.0, -7.28, 0.78, 6.07, -0.0, -0.04, -0.01
3300.0, 3315.0, 3566.0, 3299.0, 3422.0, -7.13, 0.68, 6.11, -0.02, -0.03, -0.04
3298.0, 3315.0, 3556.0, 3295.0, 3419.0, -7.25, 0.66, 6.18, 0.05, -0.04, -0.01
3284.0, 3315.0, 3548.0, 3297.0, 3421.0, -7.22, 0.65, 6.16, 0.02, -0.03, -0.01
3299.0, 3315.0, 3543.0, 3289.0, 3421.0, -7.17, 0.66, 6.22, -0.0, -0.05, -0.01
3298.0, 3312.0, 3543.0, 3289.0, 3423.0, -7.18, 0.55, 6.05, 0.02, -0.03, -0.0
3291.0, 3312.0, 3537.0, 3287.0, 3419.0, -7.28, 0.66, 6.02, -0.0, -0.03, -0.01
3298.0, 3312.0, 3543.0, 3286.0, 3418.0, -7.24, 0.58, 6.2, 0.01, -0.0, -0.03
3296.0, 3312.0, 3538.0, 3288.0, 3418.0, -7.24, 0.65, 6.21, 0.0, -0.06, -0.0
3295.0, 3311.0, 3536.0, 3289.0, 3418.0, -7.22, 0.68, 6.09, 0.03, -0.05, -0.02
3295.0, 3311.0, 3541.0, 3286.0, 3419.0, -7.3, 0.66, 6.01, 0.05, -0.04, -0.0
3297.0, 3312.0, 3540.0, 3290.0, 3415.0, -7.3, 0.66, 5.97, -0.01, -0.02, -0.02
3282.0, 3312.0, 3538.0, 3289.0, 3415.0, -7.23, 0.73, 6.27, -0.03, -0.07, 0.01
3295.0, 3311.0, 3539.0, 3295.0, 3418.0, -7.21, 0.66, 6.15, 0.01, -0.01, -0.02
3293.0, 3312.0, 3540.0, 3291.0, 3422.0, -7.11, 0.48, 6.12, -0.01, -0.12, -0.01
3293.0, 3313.0, 3543.0, 3287.0, 3415.0, -7.24, 0.67, 6.22, -0.0, -0.02, -0.03
3293.0, 3312.0, 3541.0, 3314.0, 3415.0, -7.13, 0.56, 5.97, 0.0, -0.07, -0.01
3295.0, 3312.0, 3543.0, 3296.0, 3421.0, -7.16, 0.81, 6.17, 0.06, -0.03, 0.0
3295.0, 3312.0, 3546.0, 3289.0, 3414.0, -7.26, 0.6, 5.97, -0.01, -0.01, -0.05
3293.0, 3312.0, 3546.0, 3291.0, 3415.0, -7.2, 0.68, 6.12, -0.0, -0.03, 0.0
3293.0, 3311.0, 3440.0, 3241.0, 3403.0, -7.31, 0.66, 6.12, -0.0, -0.02, -0.01
3293.0, 3311.0, 3437.0, 3238.0, 3413.0, -7.09, 0.36, 5.89, -0.01, 0.0, -0.04
3293.0, 3309.0, 3433.0, 3237.0, 3419.0, -7.24, 0.83, 6.26, -0.04, 0.01, -0.05
3295.0, 3309.0, 3432.0, 3237.0, 3415.0, -7.29, 0.51, 6.22, -0.02, -0.02, 0.0
3291.0, 3303.0, 3435.0, 3234.0, 3413.0, -7.2, 0.78, 6.16, 0.02, -0.07, 0.01
3296.0, 3322.0, 3436.0, 3233.0, 3413.0, -7.2, 0.63, 5.98, 0.03, -0.02, -0.04
3295.0, 3307.0, 3431.0, 3252.0, 3413.0, -7.27, 0.51, 5.87, 0.05, -0.07, 0.02
3294.0, 3308.0, 3431.0, 3235.0, 3401.0, -7.38, 0.79, 6.18, -0.01, -0.02, -0.02
3293.0, 3311.0, 3435.0, 3238.0, 3413.0, -7.17, 0.55, 6.18, 0.02, -0.03, -0.01
