3082.0, 2955.0, 3223.0, 2970.0, 2765.0, 9.88, 1.17, 1.41, 0.04, -0.04, -0.03
3082.0, 2957.0, 3225.0, 2997.0, 2767.0, 9.97, 1.53, 1.65, 0.01, -0.24, 0.0
3087.0, 2958.0, 3226.0, 2973.0, 2766.0, 9.93, 1.34, 1.26, -0.09, -0.29, 0.12
3182.0, 2958.0, 3225.0, 2973.0, 2765.0, 10.04, 1.21, 1.22, -0.37, -0.36, 0.23
3327.0, 2959.0, 3227.0, 2973.0, 2768.0, 10.09, 1.33, 1.05, -0.11, -0.19, 0.16
3449.0, 2960.0, 3227.0, 2960.0, 2767.0, 10.21, 0.62, 0.52, -0.3, -0.12, 0.19
3525.0, 2963.0, 3225.0, 2973.0, 2766.0, 10.11, -0.03, 0.5, -0.65, -0.24, 0.3
3568.0, 2970.0, 3239.0, 2979.0, 2767.0, 9.84, -0.99, 0.18, -0.66, -0.05, 0.05
3583.0, 2983.0, 3234.0, 2979.0, 2767.0, 9.84, -0.33, 0.19, -0.57, -0.07, -0.04
3626.0, 2992.0, 3222.0, 2976.0, 2768.0, 9.7, 0.13, 1.02, -0.66, 0.24, -0.15
3598.0, 2997.0, 3220.0, 2979.0, 2770.0, 10.27, 0.62, 1.59, -0.52, 0.2, -0.04
3583.0, 3004.0, 3220.0, 2975.0, 2768.0, 10.09, 0.23, 1.87, -0.16, -0.14, -0.05
3579.0, 3009.0, 3221.0, 2975.0, 2769.0, 9.74, 0.06, 1.58, 0.0, -0.03, -0.13
3583.0, 3008.0, 3221.0, 2973.0, 2768.0, 10.17, 0.27, 1.78, -0.01, 0.24, -0.22
3580.0, 3009.0, 3220.0, 3003.0, 2772.0, 9.84, 0.16, 1.64, 0.12, 0.14, -0.23
3568.0, 3010.0, 3225.0, 2971.0, 2769.0, 9.56, 0.68, 1.96, -0.03, 0.2, -0.25
3572.0, 3010.0, 3231.0, 2972.0, 2768.0, 9.75, 0.85, 2.12, 0.0, 0.34, -0.26
3558.0, 3010.0, 3226.0, 2973.0, 2770.0, 9.98, 1.31, 2.88, -0.0, 0.19, -0.14
3558.0, 3011.0, 3223.0, 2973.0, 2767.0, 9.85, 1.43, 3.2, 0.01, 0.07, -0.05
3559.0, 3011.0, 3222.0, 2974.0, 2768.0, 9.86, 1.16, 2.72, 0.02, -0.08, 0.07
3547.0, 3022.0, 3221.0, 2970.0, 2768.0, 9.64, 0.65, 2.28, 0.02, -0.11, 0.08
3546.0, 3010.0, 3226.0, 2967.0, 2768.0, 9.67, 0.61, 2.13, -0.0, -0.05, 0.02
3542.0, 3008.0, 3223.0, 2970.0, 2767.0, 9.7, 0.61, 2.21, 0.01, -0.08, 0.0
3543.0, 3009.0, 3223.0, 2966.0, 2768.0, 9.75, 0.82, 2.19, 0.03, -0.06, 0.01
3537.0, 3010.0, 3221.0, 2969.0, 2768.0, 9.71, 0.77, 2.3, 0.05, -0.07, 0.0
3538.0, 3007.0, 3222.0, 2970.0, 2768.0, 9.75, 0.84, 2.18, 0.05, -0.04, 0.0
3507.0, 3007.0, 3226.0, 2971.0, 2775.0, 9.79, 0.68, 2.26, 0.04, -0.07, -0.01
3529.0, 3003.0, 3199.0, 2970.0, 2768.0, 9.68, 0.69, 2.13, -0.0, -0.05, -0.01
3532.0, 3006.0, 3222.0, 2967.0, 2768.0, 9.74, 0.75, 2.1, -0.02, -0.05, -0.01
3531.0, 3008.0, 3222.0, 2972.0, 2770.0, 9.71, 0.8, 2.12, 0.01, -0.04, -0.02
3536.0, 3007.0, 3225.0, 2969.0, 2768.0, 9.82, 0.79, 2.28, 0.02, -0.04, -0.0
3531.0, 2997.0, 3223.0, 2970.0, 2768.0, 9.71, 0.71, 2.19, 0.02, -0.03, -0.01
3536.0, 3005.0, 3223.0, 2967.0, 2768.0, 9.7, 0.87, 2.19, 0.02, -0.04, -0.01
3531.0, 3006.0, 3221.0, 2970.0, 2768.0, 9.74, 0.79, 2.15, -0.01, -0.03, 0.02
3530.0, 3005.0, 3223.0, 2972.0, 2768.0, 9.77, 0.63, 2.2, 0.02, -0.04, 0.01
3531.0, 3006.0, 3224.0, 2970.0, 2768.0, 9.69, 0.64, 2.23, -0.02, -0.0, 0.02
3522.0, 3008.0, 3223.0, 2970.0, 2769.0, 9.76, 0.64, 2.29, 0.06, -0.03, -0.02
3525.0, 3006.0, 3223.0, 2970.0, 2768.0, 9.72, 0.75, 2.15, -0.0, -0.02, -0.01
3527.0, 2999.0, 3223.0, 2967.0, 2768.0, 9.83, 0.73, 2.21, 0.01, -0.04, -0.0
3518.0, 3005.0, 3223.0, 2969.0, 2768.0, 9.73, 0.82, 2.21, 0.02, -0.0, -0.02
3521.0, 3003.0, 3219.0, 2969.0, 2768.0, 9.73, 0.72, 2.24, 0.0, -0.02, -0.01
3520.0, 3006.0, 3223.0, 2969.0, 2770.0, 9.77, 0.78, 2.28, 0.02, -0.01, -0.01
3515.0, 3005.0, 3225.0, 2971.0, 2767.0, 9.78, 0.79, 2.29, -0.01, -0.02, -0.0
3518.0, 3005.0, 3223.0, 2969.0, 2768.0, 9.71, 0.86, 2.31, 0.0, -0.02, 0.01
3517.0, 3005.0, 3223.0, 2970.0, 2768.0, 9.68, 0.71, 2.33, 0.0, -0.01, 0.01
3511.0, 3005.0, 3225.0, 2967.0, 2768.0, 9.63, 0.6, 2.38, 0.01, -0.01, 0.01
3518.0, 3004.0, 3222.0, 2968.0, 2768.0, 9.73, 0.6, 2.34, 0.0, -0.02, 0.0
3513.0, 3006.0, 3222.0, 2971.0, 2768.0, 9.71, 0.62, 2.34, 0.01, -0.02, -0.02
3514.0, 3005.0, 3226.0, 2970.0, 2768.0, 9.76, 0.72, 2.43, 0.0, -0.03, -0.01
3518.0, 3007.0, 3227.0, 2969.0, 2768.0, 9.66, 0.75, 2.21, 0.04, -0.03, -0.02
