3385.0, 3606.0, 3707.0, 3605.0, 3148.0, 9.99, 5.09, 1.47, 1.15, -0.27, -0.44
3391.0, 3602.0, 3698.0, 3602.0, 3149.0, 9.24, 7.31, 1.93, 0.88, -0.58, -0.19
3391.0, 3602.0, 3701.0, 3610.0, 3133.0, 8.85, 6.42, -0.3, 0.29, -0.58, 0.46
3391.0, 3602.0, 3696.0, 3600.0, 3148.0, 8.4, 6.08, -1.14, 0.01, -0.4, 0.8
3387.0, 3568.0, 3700.0, 3603.0, 3157.0, 8.26, 5.93, -1.27, -0.11, -0.36, 1.13
3391.0, 3605.0, 3696.0, 3570.0, 3143.0, 8.49, 5.18, -2.39, -0.16, -0.14, 1.29
3386.0, 3602.0, 3696.0, 3599.0, 3142.0, 8.49, 3.87, -3.26, -0.05, 0.26, 1.24
3389.0, 3601.0, 3696.0, 3600.0, 3146.0, 8.56, 2.84, -3.55, 0.21, 0.34, 1.05
3389.0, 3600.0, 3695.0, 3599.0, 3143.0, 7.56, 2.86, -3.22, 0.7, 0.52, 0.7
3389.0, 3601.0, 3696.0, 3600.0, 3147.0, 7.44, 2.78, -2.37, 1.48, 0.72, 0.26
3388.0, 3600.0, 3695.0, 3598.0, 3143.0, 8.01, 1.56, -0.72, 1.7, 0.79, -0.04
3387.0, 3600.0, 3697.0, 3583.0, 3143.0, 8.66, 0.83, 0.5, 1.74, 0.86, -0.56
3385.0, 3600.0, 3694.0, 3583.0, 3142.0, 9.23, 1.38, 1.71, 1.2, 0.72, -0.92
3386.0, 3600.0, 3697.0, 3598.0, 3145.0, 9.76, 2.47, 3.49, 0.65, 0.5, -1.22
3389.0, 3598.0, 3701.0, 3603.0, 3145.0, 9.9, 3.74, 4.2, -0.07, 0.35, -1.14
3389.0, 3599.0, 3695.0, 3601.0, 3143.0, 9.65, 3.62, 4.73, -0.83, 0.11, -1.06
3388.0, 3599.0, 3695.0, 3600.0, 3139.0, 9.2, 4.85, 4.8, -1.33, -0.26, -0.93
3385.0, 3599.0, 3695.0, 3599.0, 3143.0, 8.91, 5.22, 4.66, -1.76, -0.56, -0.74
3383.0, 3583.0, 3696.0, 3600.0, 3141.0, 9.12, 5.59, 3.75, -2.12, -0.75, -0.59
3389.0, 3600.0, 3686.0, 3600.0, 3141.0, 10.38, 7.28, 3.02, -2.34, -0.85, -0.34
3393.0, 3599.0, 3695.0, 3583.0, 3141.0, 11.49, 9.2, 2.19, -1.9, -1.07, 0.4
3391.0, 3598.0, 3692.0, 3567.0, 3142.0, 10.58, 8.29, 0.46, -0.95, -1.56, 1.25
3392.0, 3583.0, 3695.0, 3599.0, 3141.0, 7.97, 6.0, -2.0, -0.06, -1.38, 1.51
3392.0, 3583.0, 3696.0, 3583.0, 3138.0, 6.56, 4.2, -2.67, 0.78, -1.01, 1.42
3377.0, 3583.0, 3706.0, 3581.0, 3145.0, 6.36, 2.25, -2.9, 1.62, -0.36, 0.97
3389.0, 3599.0, 3688.0, 3600.0, 3141.0, 6.57, 1.39, -2.17, 2.03, 0.15, 0.36
3389.0, 3583.0, 3682.0, 3583.0, 3140.0, 7.22, 1.15, -0.43, 1.99, 0.37, -0.35
3388.0, 3583.0, 3691.0, 3583.0, 3141.0, 8.76, 1.52, 0.11, 1.74, 0.36, -1.12
3388.0, 3583.0, 3754.0, 3583.0, 3141.0, 9.01, 2.39, 1.27, 1.11, 0.27, -1.57
3388.0, 3583.0, 3690.0, 3598.0, 3142.0, 9.35, 3.48, 2.58, 0.23, 0.13, -1.6
3383.0, 3583.0, 3709.0, 3583.0, 3140.0, 9.97, 4.81, 3.86, -0.4, -0.07, -1.33
3389.0, 3583.0, 3694.0, 3599.0, 3141.0, 10.72, 6.33, 1.83, -0.98, -0.67, -1.18
3393.0, 3583.0, 3696.0, 3583.0, 3139.0, 11.03, 8.06, 0.04, -1.42, -0.76, -0.17
3392.0, 3583.0, 3690.0, 3583.0, 3141.0, 10.67, 8.37, -1.53, -1.05, -1.05, 0.6
3391.0, 3583.0, 3694.0, 3583.0, 3132.0, 9.49, 6.66, -2.89, -0.59, -1.16, 1.25
3392.0, 3583.0, 3690.0, 3583.0, 3142.0, 8.54, 5.09, -4.26, 0.01, -0.98, 1.34
3386.0, 3583.0, 3692.0, 3583.0, 3137.0, 8.06, 3.54, -5.07, 0.67, -0.57, 1.21
3387.0, 3583.0, 3695.0, 3583.0, 3139.0, 7.04, 3.14, -4.26, 1.02, 0.04, 1.14
3386.0, 3583.0, 3689.0, 3583.0, 3138.0, 7.13, 2.06, -3.7, 1.65, 0.31, 0.73
3402.0, 3599.0, 3685.0, 3580.0, 3138.0, 6.54, 0.69, -2.64, 1.67, 0.57, 0.19
3385.0, 3583.0, 3687.0, 3583.0, 3139.0, 7.23, 0.48, -1.11, 1.38, 0.85, -0.5
3371.0, 3582.0, 3684.0, 3583.0, 3142.0, 8.3, 0.89, 0.82, 0.98, 0.88, -1.27
3382.0, 3583.0, 3690.0, 3600.0, 3138.0, 9.48, 2.24, 2.12, 0.03, 0.69, -1.4
3408.0, 3583.0, 3691.0, 3581.0, 3138.0, 10.38, 3.67, 2.87, -0.69, 0.39, -1.24
3384.0, 3581.0, 3691.0, 3568.0, 3138.0, 11.17, 4.79, 2.6, -1.42, 0.05, -0.7
3393.0, 3583.0, 3690.0, 3580.0, 3135.0, 11.87, 4.64, 1.61, -1.57, -0.23, -0.22
3392.0, 3583.0, 3687.0, 3582.0, 3138.0, 11.44, 5.79, 0.89, -1.61, -0.48, 0.28
3385.0, 3581.0, 3685.0, 3583.0, 3139.0, 10.69, 5.74, -0.76, -1.16, -0.69, 0.72
3385.0, 3579.0, 3687.0, 3582.0, 3137.0, 8.56, 5.1, -1.79, -0.42, -0.74, 0.85
3379.0, 3583.0, 3694.0, 3582.0, 3137.0, 6.96, 3.27, -2.45, 0.43, -0.41, 0.66
