3041.0, 2983.0, 3220.0, 3035.0, 2772.0, 1.12, 2.32, 9.35, -0.01, -0.06, 0.02
3040.0, 2984.0, 3220.0, 3034.0, 2767.0, 1.15, 2.34, 9.39, -0.04, -0.09, 0.05
3043.0, 2987.0, 3221.0, 3027.0, 2769.0, 1.24, 2.19, 9.44, -0.03, -0.09, 0.06
3047.0, 2990.0, 3221.0, 3034.0, 2771.0, 1.17, 2.31, 9.46, -0.02, -0.08, 0.04
3043.0, 2990.0, 3219.0, 3050.0, 2770.0, 1.18, 2.2, 9.36, -0.01, -0.08, 0.02
3044.0, 2992.0, 3221.0, 3037.0, 2768.0, 1.38, 2.07, 9.62, 0.05, -0.12, 0.03
3056.0, 3013.0, 3225.0, 3049.0, 2768.0, 1.21, 1.9, 10.57, 0.2, -0.78, 0.34
3046.0, 3035.0, 3250.0, 3086.0, 2773.0, 2.47, 2.65, 11.53, 0.59, -2.08, 0.47
3060.0, 3058.0, 3290.0, 3156.0, 2814.0, 4.11, 2.42, 13.87, 0.08, -3.02, 0.53
3068.0, 3069.0, 3314.0, 3217.0, 2837.0, 7.36, 2.45, 10.61, 0.71, -3.89, 0.58
3088.0, 3087.0, 3365.0, 3311.0, 2866.0, 7.16, 2.35, 8.04, 0.85, -4.08, 0.51
3115.0, 3068.0, 3391.0, 3361.0, 2896.0, 7.43, 2.3, 3.49, 1.01, -4.19, 0.51
3122.0, 3071.0, 3422.0, 3456.0, 2978.0, 6.93, 1.94, 0.2, 0.91, -4.24, 0.88
3120.0, 3082.0, 3442.0, 3619.0, 3115.0, 7.85, 0.42, -2.1, 0.69, -3.12, 0.62
3133.0, 3083.0, 3447.0, 3680.0, 3210.0, 6.89, 2.15, -2.8, 0.13, -2.15, 0.65
3126.0, 3070.0, 3408.0, 3696.0, 3235.0, 8.26, 1.64, -4.74, -0.28, -1.19, 0.31
3120.0, 3057.0, 3361.0, 3687.0, 3241.0, 8.03, 1.26, -4.16, -0.23, -0.64, -0.07
3095.0, 3059.0, 3335.0, 3694.0, 3248.0, 8.54, 1.71, -4.25, -0.39, -0.48, -0.07
3103.0, 3057.0, 3317.0, 3699.0, 3264.0, 9.18, 1.47, -3.71, -0.63, -0.02, -0.27
3120.0, 3056.0, 3311.0, 3709.0, 3271.0, 9.32, 2.21, -4.5, -0.8, 0.02, -0.12
3115.0, 3056.0, 3308.0, 3709.0, 3279.0, 8.89, 3.64, -1.81, -0.6, 0.08, -0.22
3118.0, 3051.0, 3299.0, 3712.0, 3281.0, 9.28, 3.68, -3.8, 0.0, -0.17, 0.07
3118.0, 3051.0, 3296.0, 3706.0, 3279.0, 8.83, 2.76, -3.51, -0.0, 0.01, -0.0
3115.0, 3053.0, 3295.0, 3696.0, 3274.0, 9.37, 2.65, -4.04, 0.04, -0.07, 0.11
3127.0, 3055.0, 3287.0, 3689.0, 3266.0, 9.09, 2.46, -3.79, 0.03, 0.11, -0.05
3120.0, 3056.0, 3289.0, 3691.0, 3267.0, 9.14, 2.63, -3.77, -0.04, 0.04, -0.02
3088.0, 3051.0, 3286.0, 3683.0, 3264.0, 8.97, 2.59, -3.35, 0.05, -0.01, -0.03
3101.0, 3046.0, 3286.0, 3682.0, 3258.0, 8.96, 2.53, -3.41, 0.0, 0.04, 0.01
3108.0, 3043.0, 3282.0, 3686.0, 3253.0, 9.38, 2.39, -3.55, -0.04, 0.04, 0.01
3113.0, 3047.0, 3285.0, 3680.0, 3254.0, 9.38, 2.28, -3.43, -0.04, 0.06, -0.02
3103.0, 3045.0, 3281.0, 3677.0, 3252.0, 9.31, 2.63, -3.43, 0.0, 0.04, 0.01
3106.0, 3046.0, 3280.0, 3673.0, 3249.0, 9.35, 2.6, -3.15, 0.02, 0.02, -0.02
3104.0, 3045.0, 3280.0, 3681.0, 3250.0, 9.25, 2.47, -3.4, 0.02, 0.04, -0.06
3104.0, 3045.0, 3286.0, 3672.0, 3248.0, 9.27, 2.53, -3.19, -0.04, -0.02, 0.0
3101.0, 3042.0, 3280.0, 3668.0, 3259.0, 9.25, 2.54, -3.21, -0.0, -0.01, -0.02
3091.0, 3041.0, 3278.0, 3669.0, 3244.0, 9.42, 2.47, -3.27, -0.0, -0.0, -0.02
3103.0, 3041.0, 3279.0, 3664.0, 3245.0, 9.17, 2.57, -3.17, 0.01, -0.01, -0.07
3102.0, 3041.0, 3274.0, 3669.0, 3243.0, 9.38, 2.51, -3.17, -0.02, -0.03, -0.04
3104.0, 3043.0, 3279.0, 3666.0, 3244.0, 9.23, 2.63, -3.26, 0.01, 0.01, -0.03
3105.0, 3043.0, 3274.0, 3669.0, 3242.0, 9.37, 2.67, -3.15, 0.02, -0.03, -0.04
3104.0, 3044.0, 3275.0, 3664.0, 3242.0, 9.22, 2.6, -3.07, -0.01, -0.01, -0.07
3105.0, 3041.0, 3275.0, 3664.0, 3237.0, 9.26, 2.85, -2.82, 0.04, -0.04, -0.04
3103.0, 3042.0, 3276.0, 3659.0, 3234.0, 9.16, 2.54, -3.38, 0.0, -0.01, -0.04
3103.0, 3039.0, 3270.0, 3653.0, 3238.0, 9.21, 2.76, -3.13, -0.01, 0.0, -0.04
3102.0, 3039.0, 3273.0, 3661.0, 3233.0, 9.26, 2.67, -3.21, 0.01, 0.01, -0.02
3106.0, 3041.0, 3271.0, 3659.0, 3233.0, 9.33, 2.48, -3.06, -0.02, 0.07, -0.08
3103.0, 3040.0, 3271.0, 3659.0, 3232.0, 9.34, 2.78, -2.84, 0.03, -0.03, -0.03
3103.0, 3024.0, 3270.0, 3657.0, 3231.0, 9.34, 2.61, -3.18, 0.01, 0.02, -0.03
3104.0, 3041.0, 3264.0, 3655.0, 3230.0, 9.37, 2.77, -2.78, 0.02, -0.03, 0.01
3103.0, 3041.0, 3273.0, 3661.0, 3230.0, 9.26, 2.62, -2.97, 0.04, -0.02, -0.03
