2803.0, 2800.0, 3600.0, 3373.0, 2962.0, 10.02, 0.54, -1.25, 0.02, -0.04, -0.01
2802.0, 2801.0, 3605.0, 3387.0, 2965.0, 9.94, 0.69, -1.19, 0.02, 0.01, 0.0
2801.0, 2786.0, 3602.0, 3365.0, 2970.0, 10.06, 0.51, -1.2, 0.03, -0.03, 0.01
2795.0, 2803.0, 3621.0, 3361.0, 2964.0, 10.04, 0.49, -1.27, 0.04, -0.04, 0.02
2799.0, 2799.0, 3600.0, 3363.0, 2956.0, 10.07, 0.35, -1.28, 0.03, -0.03, 0.01
2800.0, 2798.0, 3599.0, 3359.0, 2951.0, 10.02, 0.31, -1.41, 0.02, -0.07, 0.02
2799.0, 2800.0, 3602.0, 3362.0, 2954.0, 9.99, 0.29, -1.23, -0.01, -0.03, -0.01
2800.0, 2798.0, 3600.0, 3356.0, 2953.0, 10.0, 0.36, -1.22, -0.04, -0.03, -0.01
2799.0, 2797.0, 3601.0, 3358.0, 2953.0, 9.95, 0.33, -1.21, -0.03, -0.06, 0.01
2799.0, 2800.0, 3599.0, 3358.0, 2938.0, 10.01, 0.45, -1.33, -0.02, -0.04, -0.02
2797.0, 2796.0, 3619.0, 3361.0, 2955.0, 9.99, 0.46, -1.34, -0.02, -0.02, 0.02
2800.0, 2799.0, 3600.0, 3359.0, 2954.0, 9.98, 0.39, -1.31, -0.01, -0.02, 0.01
2798.0, 2797.0, 3600.0, 3358.0, 2957.0, 9.98, 0.32, -1.27, -0.02, -0.01, 0.01
2800.0, 2799.0, 3601.0, 3361.0, 2954.0, 10.08, 0.4, -1.22, 0.03, -0.04, 0.0
2799.0, 2796.0, 3603.0, 3418.0, 2953.0, 9.99, 0.39, -1.29, 0.03, -0.0, -0.02
2800.0, 2798.0, 3600.0, 3357.0, 2950.0, 10.09, 0.44, -1.21, 0.04, -0.01, -0.02
2797.0, 2796.0, 3599.0, 3354.0, 2951.0, 10.01, 0.44, -1.18, 0.08, -0.02, -0.01
2798.0, 2799.0, 3599.0, 3361.0, 2943.0, 9.93, 0.4, -1.24, 0.05, 0.01, -0.02
2794.0, 2794.0, 3583.0, 3354.0, 2942.0, 10.11, 0.44, -1.14, 0.02, -0.05, -0.0
2795.0, 2798.0, 3583.0, 3333.0, 2942.0, 9.99, 0.42, -1.16, 0.02, -0.02, -0.02
2791.0, 2792.0, 3583.0, 3354.0, 2939.0, 10.07, 0.45, -1.12, 0.01, -0.05, 0.0
2791.0, 2795.0, 3583.0, 3351.0, 2939.0, 10.03, 0.42, -1.06, 0.01, -0.06, 0.02
2797.0, 2797.0, 3597.0, 3347.0, 2935.0, 10.04, 0.35, -1.35, 0.03, -0.01, -0.0
2794.0, 2794.0, 3583.0, 3351.0, 2937.0, 10.06, 0.29, -1.23, 0.03, -0.04, 0.01
2793.0, 2790.0, 3599.0, 3354.0, 2938.0, 10.0, 0.34, -1.19, 0.02, -0.04, 0.0
2799.0, 2793.0, 3583.0, 3355.0, 2948.0, 9.91, 0.37, -1.17, -0.0, -0.01, -0.0
2789.0, 2794.0, 3583.0, 3353.0, 2934.0, 9.99, 0.34, -1.15, -0.0, -0.05, 0.0
2790.0, 2794.0, 3583.0, 3344.0, 2933.0, 9.96, 0.28, -1.24, 0.01, -0.04, 0.0
2790.0, 2790.0, 3583.0, 3353.0, 2934.0, 9.98, 0.29, -1.15, -0.0, -0.02, -0.01
2791.0, 2791.0, 3583.0, 3354.0, 2930.0, 10.12, 0.32, -1.13, 0.02, 0.01, -0.02
2789.0, 2791.0, 3583.0, 3350.0, 2935.0, 10.1, 0.3, -1.07, 0.04, -0.03, -0.02
2799.0, 2800.0, 3604.0, 3361.0, 2955.0, 10.06, 0.32, -1.1, 0.02, -0.03, -0.01
2778.0, 2793.0, 3583.0, 3351.0, 2934.0, 10.03, 0.26, -1.13, -0.0, -0.04, -0.01
2795.0, 2793.0, 3583.0, 3354.0, 2934.0, 10.08, 0.35, -1.28, -0.01, -0.05, -0.01
2791.0, 2791.0, 3583.0, 3352.0, 2937.0, 9.97, 0.34, -1.13, -0.0, -0.04, -0.0
2794.0, 2794.0, 3583.0, 3354.0, 2929.0, 10.15, 0.29, -1.14, -0.01, -0.03, -0.0
2789.0, 2743.0, 3583.0, 3355.0, 2944.0, 10.05, 0.37, -1.13, 0.02, -0.02, -0.02
2790.0, 2791.0, 3583.0, 3354.0, 2934.0, 10.06, 0.32, -1.2, 0.01, -0.03, -0.02
2789.0, 2819.0, 3583.0, 3351.0, 2931.0, 10.1, 0.42, -1.07, -0.0, -0.05, -0.01
2791.0, 2791.0, 3583.0, 3350.0, 2934.0, 10.04, 0.38, -1.18, -0.0, -0.05, 0.01
2788.0, 2791.0, 3583.0, 3350.0, 2931.0, 10.08, 0.24, -1.09, -0.01, -0.05, 0.02
2791.0, 2795.0, 3583.0, 3350.0, 2933.0, 10.11, 0.17, -1.15, 0.02, -0.01, -0.02
2788.0, 2793.0, 3583.0, 3354.0, 2933.0, 10.09, 0.3, -1.17, 0.03, -0.04, -0.01
2790.0, 2793.0, 3582.0, 3351.0, 2931.0, 10.06, 0.35, -1.14, 0.01, -0.06, -0.01
2791.0, 2793.0, 3583.0, 3341.0, 2931.0, 10.05, 0.29, -1.07, 0.01, -0.04, -0.0
2789.0, 2791.0, 3583.0, 3353.0, 2935.0, 10.04, 0.27, -1.15, 0.03, -0.05, -0.01
2791.0, 2793.0, 3583.0, 3354.0, 2929.0, 10.07, 0.18, -1.15, 0.02, -0.04, -0.01
2794.0, 2791.0, 3583.0, 3354.0, 2928.0, 10.07, 0.31, -1.32, 0.03, -0.04, -0.01
2789.0, 2791.0, 3583.0, 3347.0, 2934.0, 10.01, 0.37, -1.33, 0.03, -0.03, -0.01
2790.0, 2793.0, 3602.0, 3356.0, 2933.0, 10.02, 0.5, -1.3, 0.01, -0.03, -0.0
