2559.0, 2601.0, 3231.0, 3147.0, 2775.0, -0.08, 1.66, 9.4, 0.01, -0.03, -0.01
2559.0, 2605.0, 3228.0, 3150.0, 2775.0, -0.02, 1.67, 9.44, 0.02, -0.05, -0.01
2559.0, 2602.0, 3228.0, 3147.0, 2777.0, -0.04, 1.81, 9.55, 0.01, -0.03, -0.01
2559.0, 2603.0, 3229.0, 3151.0, 2774.0, -0.12, 1.7, 9.48, 0.0, -0.03, -0.01
2559.0, 2608.0, 3210.0, 3193.0, 2772.0, -0.03, 1.7, 9.41, 0.01, -0.04, -0.01
2559.0, 2605.0, 3231.0, 3150.0, 2779.0, -0.08, 1.72, 9.48, 0.01, -0.04, -0.01
2559.0, 2604.0, 3241.0, 3151.0, 2775.0, -0.11, 1.72, 9.51, 0.01, -0.03, -0.01
2559.0, 2605.0, 3231.0, 3150.0, 2777.0, -0.1, 1.71, 9.38, 0.01, -0.04, -0.01
2559.0, 2605.0, 3229.0, 3151.0, 2775.0, -0.0, 1.77, 9.6, 0.0, -0.03, -0.01
2559.0, 2602.0, 3229.0, 3135.0, 2773.0, -0.01, 1.75, 9.55, 0.0, -0.04, -0.01
2559.0, 2605.0, 3245.0, 3149.0, 2774.0, -0.03, 1.7, 9.5, 0.01, -0.03, -0.01
2559.0, 2603.0, 3230.0, 3150.0, 2773.0, 0.1, 1.96, 9.19, 0.0, -0.08, -0.0
2559.0, 2607.0, 3231.0, 3148.0, 2774.0, 0.0, 1.65, 9.49, 0.02, -0.05, -0.01
2559.0, 2605.0, 3231.0, 3152.0, 2767.0, -0.17, 1.76, 10.0, 0.03, -0.04, 0.0
2559.0, 2606.0, 3234.0, 3153.0, 2772.0, -0.04, 2.99, 12.62, 0.27, -0.64, 0.3
2585.0, 2672.0, 3298.0, 3219.0, 2784.0, -0.32, 2.75, 14.16, 0.41, -0.8, 0.84
2607.0, 2711.0, 3434.0, 3344.0, 2822.0, -0.17, 6.34, 11.03, 0.88, -2.56, 0.75
2626.0, 2745.0, 3517.0, 3440.0, 2860.0, -1.19, 3.69, 13.05, 1.01, -4.37, 1.7
2637.0, 2768.0, 3605.0, 3503.0, 2864.0, 2.63, 0.05, 6.53, -1.0, -4.37, 1.54
2642.0, 2785.0, 3698.0, 3559.0, 2851.0, 4.61, -0.09, 1.92, -2.37, -4.37, 1.65
2658.0, 2813.0, 3746.0, 3582.0, 2844.0, 6.42, -1.1, -1.09, -2.08, -4.37, 1.67
2711.0, 2859.0, 3861.0, 3651.0, 2825.0, 7.24, -0.25, -2.77, -2.09, -3.61, 1.95
2674.0, 2823.0, 3769.0, 3600.0, 2816.0, 8.96, -1.84, -4.94, -1.66, -2.74, 1.21
2695.0, 2832.0, 3799.0, 3621.0, 2810.0, 8.27, -3.56, -5.96, -1.93, -1.87, 0.56
2674.0, 2816.0, 3739.0, 3573.0, 2807.0, 6.97, 0.43, -7.15, -1.51, -1.2, 0.13
2679.0, 2797.0, 3747.0, 3570.0, 2802.0, 6.21, 1.21, -6.58, -1.18, -0.62, 0.16
2675.0, 2814.0, 3725.0, 3568.0, 2802.0, 6.52, 1.12, -7.48, -0.8, -0.48, 0.26
2672.0, 2813.0, 3724.0, 3568.0, 2800.0, 6.32, 1.18, -7.7, -0.47, -0.56, 0.19
2672.0, 2781.0, 3719.0, 3566.0, 2800.0, 6.18, 0.29, -7.91, -0.32, -0.37, 0.15
2669.0, 2806.0, 3718.0, 3563.0, 2800.0, 6.24, 0.15, -8.38, -0.1, -0.14, 0.05
2672.0, 2825.0, 3683.0, 3598.0, 2800.0, 6.44, -0.31, -7.89, -0.08, -0.14, 0.02
2662.0, 2800.0, 3715.0, 3559.0, 2801.0, 6.65, 0.23, -8.03, -0.1, -0.11, 0.06
2661.0, 2799.0, 3712.0, 3568.0, 2798.0, 6.3, 0.19, -8.13, 0.03, -0.0, -0.08
2659.0, 2797.0, 3709.0, 3557.0, 2798.0, 6.73, -0.37, -7.79, -0.01, -0.2, -0.12
2655.0, 2793.0, 3712.0, 3554.0, 2794.0, 6.48, 0.12, -7.52, -0.01, 0.15, -0.13
2657.0, 2794.0, 3702.0, 3559.0, 2796.0, 6.81, 0.32, -8.09, 0.05, 0.08, -0.18
2657.0, 2793.0, 3707.0, 3553.0, 2795.0, 6.35, 0.3, -7.75, 0.05, 0.05, -0.06
2647.0, 2794.0, 3676.0, 3583.0, 2806.0, 6.74, 0.21, -7.97, 0.06, 0.04, 0.02
2656.0, 2788.0, 3702.0, 3550.0, 2797.0, 6.58, 0.16, -7.68, 0.1, 0.02, 0.04
2654.0, 2789.0, 3699.0, 3548.0, 2797.0, 7.13, -0.3, -8.01, 0.11, 0.16, -0.06
2654.0, 2790.0, 3701.0, 3553.0, 2798.0, 6.94, -0.24, -7.48, 0.11, -0.02, 0.02
2653.0, 2786.0, 3696.0, 3550.0, 2800.0, 6.91, -0.12, -7.44, 0.04, 0.0, -0.04
2652.0, 2786.0, 3696.0, 3549.0, 2798.0, 6.92, 0.08, -7.54, 0.05, 0.01, -0.09
2655.0, 2800.0, 3695.0, 3583.0, 2801.0, 6.8, -0.06, -7.65, 0.03, -0.03, -0.09
2650.0, 2785.0, 3696.0, 3546.0, 2798.0, 7.12, -0.29, -7.54, 0.02, -0.05, -0.05
2651.0, 2786.0, 3702.0, 3551.0, 2798.0, 6.87, 0.02, -7.61, 0.05, -0.06, -0.11
2651.0, 2785.0, 3695.0, 3548.0, 2797.0, 6.98, -0.06, -7.68, 0.0, -0.01, -0.06
2653.0, 2785.0, 3696.0, 3549.0, 2800.0, 6.96, 0.09, -7.64, 0.01, -0.07, 0.02
2650.0, 2787.0, 3694.0, 3547.0, 2796.0, 6.9, 0.06, -7.69, 0.07, -0.04, -0.13
2649.0, 2796.0, 3696.0, 3583.0, 2803.0, 7.03, -0.0, -7.74, 0.06, -0.03, -0.04
