3571.0, 3726.0, 3713.0, 3620.0, 3151.0, 10.42, 0.3, 0.93, -0.21, -0.1, -0.02
3583.0, 3728.0, 3715.0, 3618.0, 3149.0, 10.86, 0.73, 0.27, -0.1, -0.13, 0.04
3570.0, 3729.0, 3699.0, 3615.0, 3151.0, 10.33, 0.39, -0.14, 0.23, -0.18, 0.13
3570.0, 3728.0, 3723.0, 3616.0, 3127.0, 9.55, 0.22, 0.37, 0.46, -0.08, 0.18
3569.0, 3723.0, 3711.0, 3616.0, 3147.0, 9.36, -0.28, 0.91, 0.53, 0.03, 0.02
3568.0, 3727.0, 3707.0, 3618.0, 3150.0, 9.22, 0.06, 1.61, 0.25, 0.12, 0.01
3569.0, 3726.0, 3707.0, 3620.0, 3151.0, 9.3, -0.15, 2.02, 0.04, 0.23, 0.05
3570.0, 3735.0, 3712.0, 3624.0, 3152.0, 9.89, 0.11, 2.23, -0.41, 0.08, 0.17
3568.0, 3728.0, 3715.0, 3633.0, 3152.0, 11.1, -1.35, 1.85, -1.27, -0.48, 0.49
3568.0, 3727.0, 3712.0, 3614.0, 3147.0, 10.78, -1.76, 1.29, -0.52, -0.47, 0.04
3565.0, 3715.0, 3664.0, 3600.0, 3141.0, 10.1, -1.17, 0.19, 0.27, -0.63, -0.44
3568.0, 3722.0, 3700.0, 3625.0, 3147.0, 9.18, -0.02, -0.35, 2.83, 0.36, -1.86
3568.0, 3726.0, 3697.0, 3622.0, 3140.0, 9.71, 1.61, 0.06, 2.85, 0.31, -1.37
3568.0, 3721.0, 3696.0, 3616.0, 3119.0, 8.46, 5.06, -1.81, 3.03, 0.42, -1.31
3567.0, 3723.0, 3785.0, 3617.0, 3135.0, 9.2, 3.71, -0.73, 0.83, -0.11, 0.05
3567.0, 3719.0, 3701.0, 3612.0, 3136.0, 10.4, 2.48, -0.97, 0.69, 0.25, 0.1
3565.0, 3709.0, 3696.0, 3614.0, 3136.0, 9.94, 2.09, -0.11, -0.81, -0.37, 1.23
3567.0, 3719.0, 3698.0, 3616.0, 3136.0, 9.58, 1.46, 0.14, -1.93, -0.51, 1.61
3568.0, 3719.0, 3767.0, 3608.0, 3135.0, 10.21, -1.96, 2.48, -1.71, -0.11, 1.16
3565.0, 3713.0, 3723.0, 3603.0, 3135.0, 10.24, -1.5, 3.34, -0.53, 0.11, 0.42
3568.0, 3716.0, 3714.0, 3607.0, 3136.0, 10.51, -1.68, 3.24, -0.37, 0.0, -0.08
3559.0, 3714.0, 3695.0, 3604.0, 3137.0, 10.04, -0.68, 3.03, -0.99, -0.22, -0.19
3568.0, 3724.0, 3691.0, 3600.0, 3135.0, 10.32, -0.08, 1.07, -0.86, -0.28, -0.56
3582.0, 3729.0, 3683.0, 3583.0, 3136.0, 10.51, -0.59, -0.25, 0.11, 0.07, -1.22
3566.0, 3712.0, 3693.0, 3600.0, 3131.0, 8.43, 3.12, -0.62, 2.2, 0.62, -2.05
3533.0, 3728.0, 3694.0, 3583.0, 3127.0, 8.02, 4.55, -1.73, 2.98, 0.76, -2.0
3565.0, 3700.0, 3694.0, 3578.0, 3136.0, 8.46, 6.05, -1.39, 1.99, 0.59, -1.0
3569.0, 3712.0, 3687.0, 3600.0, 3126.0, 9.95, 5.72, -0.69, 1.52, 0.56, -0.65
3569.0, 3706.0, 3694.0, 3583.0, 3116.0, 10.27, 5.82, -0.81, 0.75, 0.09, 0.24
3564.0, 3707.0, 3687.0, 3599.0, 3122.0, 10.54, 4.99, -1.48, -0.14, -0.05, 1.14
3565.0, 3712.0, 3685.0, 3600.0, 3126.0, 8.7, 5.17, -2.01, -2.46, -1.02, 2.68
3563.0, 3709.0, 3743.0, 3599.0, 3121.0, 8.84, 0.55, -2.59, -3.75, -1.3, 3.26
3561.0, 3710.0, 3874.0, 3597.0, 3114.0, 9.81, -4.54, -2.04, -2.56, -0.42, 2.16
3557.0, 3706.0, 3856.0, 3583.0, 3123.0, 8.42, -2.01, -0.29, 0.01, 0.37, 0.71
3553.0, 3707.0, 3692.0, 3583.0, 3124.0, 8.83, -3.11, 0.72, 0.56, 0.8, 0.08
3536.0, 3728.0, 3691.0, 3583.0, 3123.0, 9.15, -2.68, 2.27, -0.09, 0.66, -0.44
3561.0, 3702.0, 3690.0, 3583.0, 3121.0, 9.98, -2.96, 2.44, 0.02, 0.48, -1.33
3561.0, 3687.0, 3684.0, 3563.0, 3109.0, 9.42, 1.74, 2.14, 0.96, 0.34, -1.99
3562.0, 3706.0, 3681.0, 3583.0, 3120.0, 10.33, 1.02, 1.6, 2.07, 0.41, -2.66
3559.0, 3701.0, 3686.0, 3600.0, 3120.0, 8.46, 6.05, 1.73, 2.08, -0.07, -1.98
3564.0, 3701.0, 3684.0, 3598.0, 3122.0, 8.78, 7.47, -0.42, 1.94, -0.07, -1.19
3563.0, 3701.0, 3683.0, 3600.0, 3151.0, 9.15, 7.78, -1.53, 0.07, -0.4, 0.42
3551.0, 3703.0, 3680.0, 3583.0, 3120.0, 9.68, 5.08, -2.04, -1.28, -0.42, 1.45
3561.0, 3707.0, 3708.0, 3600.0, 3122.0, 9.45, 1.89, -2.69, -3.07, -0.83, 2.75
3559.0, 3698.0, 3707.0, 3600.0, 3121.0, 8.8, 1.01, -2.92, -3.23, -0.76, 3.23
3557.0, 3696.0, 3690.0, 3583.0, 3120.0, 9.26, -1.3, -2.15, -0.96, 0.11, 1.66
3558.0, 3705.0, 3683.0, 3583.0, 3119.0, 9.59, -2.47, -1.03, 0.46, 0.41, 0.74
3557.0, 3683.0, 3686.0, 3583.0, 3120.0, 9.71, -2.9, 0.95, 0.44, 0.32, 0.21
3559.0, 3707.0, 3685.0, 3583.0, 3118.0, 8.96, -0.85, 2.02, 0.24, 0.25, -0.29
3555.0, 3681.0, 3681.0, 3583.0, 3120.0, 10.21, -4.63, 2.93, 2.49, 0.87, -2.42
