3555.0, 3653.0, 3755.0, 3679.0, 3154.0, 9.02, 2.24, 3.46, 0.64, 0.36, -0.17
3555.0, 3651.0, 3747.0, 3681.0, 3152.0, 9.1, 2.38, 3.63, 0.48, 0.31, -0.22
3553.0, 3660.0, 3742.0, 3679.0, 3125.0, 8.88, 2.71, 4.14, 0.24, 0.28, -0.23
3583.0, 3632.0, 3728.0, 3675.0, 3145.0, 9.51, 2.95, 4.35, 0.11, 0.29, -0.17
3553.0, 3649.0, 3736.0, 3671.0, 3147.0, 9.49, 2.88, 5.09, -0.12, -0.06, -0.06
3556.0, 3648.0, 3699.0, 3669.0, 3149.0, 8.61, 2.32, 4.57, -0.28, -0.19, -0.18
3555.0, 3653.0, 3743.0, 3669.0, 3136.0, 7.98, 1.42, 5.26, -0.67, -0.35, -0.69
3557.0, 3648.0, 3738.0, 3670.0, 3142.0, 8.28, 3.36, 4.28, -0.77, -0.71, -0.99
3555.0, 3648.0, 3742.0, 3673.0, 3149.0, 10.25, 6.21, 2.89, -0.92, -0.65, -0.47
3575.0, 3648.0, 3739.0, 3674.0, 3139.0, 12.07, 6.61, 2.56, -0.64, -0.79, 0.38
3557.0, 3645.0, 3733.0, 3664.0, 3137.0, 11.38, 5.55, 1.94, -0.05, -1.18, 1.1
3551.0, 3645.0, 3728.0, 3663.0, 3133.0, 9.07, 4.27, -0.43, 0.75, -1.27, 1.32
3552.0, 3645.0, 3730.0, 3665.0, 3131.0, 6.51, 3.13, -2.16, 1.33, -0.51, 1.02
3549.0, 3644.0, 3730.0, 3654.0, 3131.0, 5.75, 1.5, -1.11, 1.47, 0.48, 0.73
3554.0, 3643.0, 3721.0, 3616.0, 3137.0, 6.64, 0.64, 0.84, 1.54, 1.01, 0.33
3549.0, 3639.0, 3724.0, 3650.0, 3125.0, 8.95, 1.04, 1.56, 1.66, 1.0, -0.15
3545.0, 3632.0, 3729.0, 3658.0, 3123.0, 10.78, 2.03, 3.23, 1.68, 0.62, -0.38
3550.0, 3635.0, 3726.0, 3659.0, 3123.0, 11.36, 2.16, 4.13, 1.55, 0.19, -0.29
3550.0, 3635.0, 3722.0, 3655.0, 3123.0, 11.33, 1.39, 6.88, 0.65, -0.34, -0.19
3551.0, 3632.0, 3719.0, 3650.0, 3120.0, 10.1, 1.16, 7.51, -0.22, -1.33, -0.56
3543.0, 3632.0, 3726.0, 3647.0, 3120.0, 9.39, 3.0, 4.36, -1.36, -1.67, -0.33
3551.0, 3633.0, 3726.0, 3650.0, 3120.0, 10.13, 5.28, 0.81, -1.78, -1.44, 0.32
3549.0, 3637.0, 3714.0, 3652.0, 3120.0, 10.58, 6.2, -1.5, -1.64, -1.3, 0.99
3547.0, 3632.0, 3727.0, 3648.0, 3120.0, 10.18, 4.73, -3.37, -0.98, -0.97, 1.55
3547.0, 3633.0, 3939.0, 3643.0, 3119.0, 9.19, 3.11, -4.59, 0.0, -0.55, 1.65
3545.0, 3633.0, 3894.0, 3645.0, 3114.0, 8.09, 1.55, -4.6, 0.68, 0.12, 1.61
3550.0, 3632.0, 3898.0, 3645.0, 3111.0, 6.99, -0.74, -1.93, 1.07, 0.7, 1.31
3541.0, 3637.0, 3755.0, 3648.0, 3111.0, 5.97, -2.34, 0.54, 0.98, 1.01, 0.94
3541.0, 3633.0, 3712.0, 3635.0, 3109.0, 6.02, -4.19, 1.21, 1.26, 0.96, -0.0
3539.0, 3632.0, 3709.0, 3637.0, 3103.0, 7.58, -4.58, 1.36, 1.21, 0.76, -0.71
3538.0, 3632.0, 3710.0, 3635.0, 3105.0, 9.0, -2.4, 1.84, 1.24, 0.63, -1.34
3540.0, 3632.0, 3709.0, 3641.0, 3105.0, 10.19, -0.45, 2.16, 1.35, 0.46, -1.83
3537.0, 3623.0, 3707.0, 3639.0, 3116.0, 10.27, 1.51, 4.19, 0.8, 0.14, -2.05
3536.0, 3633.0, 3712.0, 3644.0, 3101.0, 10.42, 2.06, 6.29, -0.14, -0.23, -1.9
3538.0, 3629.0, 3715.0, 3660.0, 3105.0, 10.01, 4.17, 5.26, -0.8, -0.58, -1.45
3536.0, 3627.0, 3721.0, 3642.0, 3105.0, 9.64, 5.0, 2.95, -1.33, -0.43, -0.95
3539.0, 3631.0, 3715.0, 3642.0, 3104.0, 9.39, 6.1, 1.09, -1.24, -0.22, -0.67
3539.0, 3629.0, 3715.0, 3645.0, 3104.0, 8.9, 6.94, -0.68, -0.72, 0.06, -0.48
3536.0, 3632.0, 3712.0, 3641.0, 3105.0, 8.54, 6.3, -0.58, -0.07, 0.22, -0.11
3536.0, 3626.0, 3733.0, 3636.0, 3102.0, 8.08, 4.75, 1.01, 0.82, 0.27, 0.05
3537.0, 3629.0, 3711.0, 3636.0, 3127.0, 8.71, 3.21, 2.05, 1.09, 0.22, -0.25
3538.0, 3625.0, 3711.0, 3633.0, 3104.0, 9.22, 4.97, 2.28, 0.88, 0.18, -0.38
3536.0, 3627.0, 3723.0, 3639.0, 3099.0, 9.83, 6.63, 3.72, 0.76, 0.12, 0.01
3536.0, 3629.0, 3709.0, 3629.0, 3101.0, 9.52, 6.17, 4.2, 0.65, -0.1, 0.56
3546.0, 3622.0, 3701.0, 3646.0, 3103.0, 8.89, 4.3, 3.45, 0.42, -0.41, 0.67
3536.0, 3631.0, 3713.0, 3642.0, 3101.0, 8.52, 3.11, 2.55, 0.12, -0.47, 0.41
3536.0, 3626.0, 3709.0, 3634.0, 3100.0, 7.67, 4.28, 2.83, -0.33, -0.49, 0.2
3536.0, 3628.0, 3711.0, 3638.0, 3099.0, 7.85, 4.58, 3.22, -0.5, -0.56, 0.25
3535.0, 3627.0, 3709.0, 3632.0, 3105.0, 9.41, 4.17, 2.14, -0.9, -0.53, 0.46
3520.0, 3631.0, 3703.0, 3639.0, 3099.0, 10.14, 5.1, 0.18, -1.0, -0.49, 0.72
