3789.0, 3882.0, 3963.0, 3514.0, 2917.0, 8.93, -1.08, -4.5, 0.0, -0.07, 0.03
3818.0, 3886.0, 3968.0, 3513.0, 2918.0, 8.94, -1.23, -4.74, 0.04, -0.07, 0.03
3815.0, 3879.0, 3962.0, 3487.0, 2915.0, 8.77, -1.08, -4.69, -0.02, -0.05, 0.06
3816.0, 3885.0, 3969.0, 3513.0, 2918.0, 8.91, -1.38, -4.63, 0.0, -0.06, 0.03
3810.0, 3863.0, 3962.0, 3520.0, 2915.0, 8.89, -1.25, -4.58, 0.07, -0.0, -0.0
3811.0, 3887.0, 3962.0, 3507.0, 2915.0, 9.01, -1.27, -4.54, 0.02, -0.01, -0.04
3808.0, 3883.0, 3965.0, 3513.0, 2912.0, 8.98, -1.28, -4.4, -0.04, -0.05, -0.03
3806.0, 3876.0, 3968.0, 3514.0, 2914.0, 9.0, -1.0, -4.47, 0.02, -0.02, -0.04
3806.0, 3877.0, 3959.0, 3513.0, 2912.0, 9.2, -1.21, -4.42, 0.0, 0.0, 0.01
3798.0, 3878.0, 3952.0, 3499.0, 2908.0, 9.05, -1.23, -4.53, -0.01, -0.03, 0.03
3809.0, 3882.0, 3956.0, 3505.0, 2914.0, 9.04, -1.35, -4.32, 0.02, -0.02, 0.0
3802.0, 3874.0, 3959.0, 3510.0, 2913.0, 9.06, -1.3, -4.38, 0.01, -0.02, -0.01
3795.0, 3882.0, 3958.0, 3507.0, 2917.0, 8.95, -1.18, -4.37, 0.02, -0.03, -0.02
3798.0, 3874.0, 3978.0, 3515.0, 2913.0, 8.97, -1.16, -4.5, -0.02, 0.01, -0.05
3801.0, 3887.0, 3952.0, 3505.0, 2914.0, 8.77, -1.58, -4.79, -0.06, 0.04, -0.03
3801.0, 3873.0, 3952.0, 3509.0, 2912.0, 8.74, -1.59, -4.64, -0.15, 0.1, -0.1
3799.0, 3871.0, 3952.0, 3508.0, 2913.0, 9.21, -1.09, -4.37, -0.09, 0.15, -0.17
3801.0, 3871.0, 3952.0, 3504.0, 2912.0, 9.47, -0.74, -3.8, -0.15, 0.06, -0.12
3797.0, 3875.0, 3952.0, 3511.0, 2913.0, 9.52, -0.3, -3.68, -0.12, 0.03, -0.08
3798.0, 3870.0, 3950.0, 3504.0, 2914.0, 9.46, -0.54, -3.88, 0.01, -0.05, -0.03
3795.0, 3867.0, 3951.0, 3504.0, 2917.0, 9.38, -0.69, -3.99, -0.0, -0.07, 0.03
3821.0, 3872.0, 3954.0, 3498.0, 2912.0, 9.23, -0.88, -4.09, 0.02, -0.06, -0.0
3794.0, 3870.0, 3954.0, 3506.0, 2913.0, 9.32, -0.96, -4.13, -0.0, -0.03, 0.02
3801.0, 3871.0, 3952.0, 3504.0, 2910.0, 9.31, -0.82, -4.17, -0.06, -0.06, 0.02
3795.0, 3875.0, 3946.0, 3499.0, 2914.0, 9.12, -0.67, -4.18, 0.0, -0.07, 0.0
3804.0, 3897.0, 3980.0, 3503.0, 2912.0, 9.27, -0.78, -4.14, -0.02, -0.08, 0.02
3797.0, 3870.0, 3946.0, 3504.0, 2914.0, 9.08, -0.67, -4.2, -0.0, -0.08, 0.04
3801.0, 3867.0, 3951.0, 3503.0, 2925.0, 9.03, -0.89, -4.3, 0.05, -0.05, 0.01
3794.0, 3863.0, 3949.0, 3502.0, 2911.0, 9.15, -1.05, -4.45, 0.02, -0.08, 0.0
3791.0, 3871.0, 3948.0, 3503.0, 2913.0, 9.01, -0.93, -4.46, 0.01, -0.07, -0.03
3795.0, 3865.0, 3947.0, 3517.0, 2913.0, 9.11, -0.82, -4.59, 0.03, -0.01, -0.04
3792.0, 3871.0, 3945.0, 3492.0, 2913.0, 9.22, -0.87, -4.47, -0.02, -0.02, 0.01
3792.0, 3866.0, 3940.0, 3499.0, 2913.0, 9.13, -0.7, -4.16, 0.03, -0.02, -0.05
3795.0, 3875.0, 3943.0, 3495.0, 2912.0, 9.16, -0.79, -4.13, 0.07, -0.01, -0.05
3790.0, 3867.0, 3943.0, 3503.0, 2911.0, 9.24, -0.8, -4.23, 0.02, -0.02, 0.0
3795.0, 3866.0, 3946.0, 3499.0, 2913.0, 9.2, -0.77, -4.19, 0.02, -0.02, 0.01
3792.0, 3870.0, 3942.0, 3503.0, 2912.0, 9.36, -1.03, -4.14, 0.05, -0.02, -0.03
3791.0, 3870.0, 3941.0, 3505.0, 2912.0, 9.21, -0.87, -4.17, -0.01, -0.05, -0.0
3792.0, 3875.0, 3947.0, 3479.0, 2917.0, 9.06, -0.77, -4.19, -0.01, -0.04, -0.01
3791.0, 3866.0, 3947.0, 3499.0, 2914.0, 9.22, -0.86, -4.35, 0.03, -0.02, -0.02
3792.0, 3869.0, 3951.0, 3503.0, 2913.0, 9.22, -0.96, -4.26, -0.0, -0.06, -0.02
3787.0, 3880.0, 3940.0, 3502.0, 2912.0, 9.1, -0.75, -4.18, 0.0, -0.05, -0.03
3791.0, 3870.0, 3946.0, 3503.0, 2914.0, 9.23, -0.8, -4.16, 0.01, -0.06, -0.01
3791.0, 3866.0, 3949.0, 3504.0, 2914.0, 9.24, -0.77, -4.21, -0.01, -0.08, -0.0
3792.0, 3866.0, 3945.0, 3502.0, 2913.0, 9.19, -0.63, -4.28, 0.02, -0.05, -0.0
3792.0, 3860.0, 3946.0, 3504.0, 2911.0, 9.16, -0.81, -4.32, 0.02, -0.05, -0.01
3793.0, 3867.0, 3946.0, 3502.0, 2914.0, 9.06, -0.79, -4.31, -0.02, -0.05, 0.01
3790.0, 3866.0, 3945.0, 3498.0, 2914.0, 9.12, -0.8, -4.36, 0.01, -0.01, -0.02
3800.0, 3856.0, 3981.0, 3506.0, 2927.0, 9.19, -0.76, -4.4, 0.01, -0.02, -0.01
3791.0, 3860.0, 3949.0, 3504.0, 2912.0, 9.21, -0.87, -4.23, 0.0, -0.03, -0.01
