2832.0, 2697.0, 3702.0, 3408.0, 2983.0, 7.42, 1.61, 2.1, -0.43, -1.07, 0.68
2842.0, 2703.0, 3714.0, 3413.0, 3001.0, 9.43, -1.55, 4.91, -0.03, -0.91, -0.13
2855.0, 2704.0, 3713.0, 3409.0, 3013.0, 8.95, -1.22, 4.21, -0.93, -1.97, -1.18
2861.0, 2707.0, 3715.0, 3413.0, 3023.0, 8.14, 2.47, 0.11, -1.12, -1.84, -1.98
2864.0, 2699.0, 3725.0, 3414.0, 3030.0, 6.31, 7.07, -2.87, -1.22, -1.3, -1.57
2864.0, 2712.0, 3729.0, 3419.0, 3030.0, 5.57, 9.39, -3.5, -0.26, -0.09, -0.46
2866.0, 2719.0, 3733.0, 3423.0, 3026.0, 5.75, 9.58, -3.35, 0.33, 1.07, 0.49
2866.0, 2723.0, 3726.0, 3424.0, 3027.0, 7.09, 7.09, -1.01, 1.58, 2.17, 0.99
2865.0, 2730.0, 3728.0, 3421.0, 3030.0, 10.13, 1.6, 2.16, 1.17, 2.01, 1.06
2866.0, 2734.0, 3728.0, 3424.0, 3032.0, 11.06, 0.07, 5.8, 0.37, 1.22, 0.35
2865.0, 2735.0, 3722.0, 3418.0, 3031.0, 11.62, -2.27, 9.53, -0.17, -0.4, -0.75
2864.0, 2736.0, 3769.0, 3415.0, 3031.0, 9.67, 0.91, 4.54, -1.83, -2.38, -1.94
2863.0, 2734.0, 3713.0, 3412.0, 3027.0, 5.16, 10.18, -3.48, -2.23, -1.79, -2.01
2859.0, 2732.0, 3717.0, 3410.0, 3027.0, 5.73, 11.25, -1.41, -0.59, -0.46, -0.52
2861.0, 2730.0, 3715.0, 3411.0, 3025.0, 7.36, 7.39, 0.31, 0.38, 0.03, 0.11
2855.0, 2730.0, 3717.0, 3406.0, 3033.0, 8.55, 5.45, 0.49, 0.36, 0.12, 0.11
2865.0, 2731.0, 3712.0, 3410.0, 3026.0, 8.4, 5.15, 0.97, 0.14, 0.04, 0.12
2854.0, 2731.0, 3711.0, 3408.0, 3024.0, 8.26, 5.6, 0.84, 0.21, 0.06, -0.05
2859.0, 2731.0, 3722.0, 3410.0, 3026.0, 8.09, 5.83, 0.72, 0.06, -0.04, -0.0
2858.0, 2731.0, 3711.0, 3408.0, 3027.0, 8.09, 5.77, 0.56, 0.11, -0.08, 0.02
2859.0, 2723.0, 3691.0, 3421.0, 3040.0, 8.21, 5.72, 0.33, 0.05, -0.01, -0.03
2854.0, 2731.0, 3710.0, 3412.0, 3025.0, 8.31, 5.6, 0.71, 0.02, 0.06, -0.0
2857.0, 2730.0, 3710.0, 3409.0, 3026.0, 8.24, 5.81, 0.78, 0.02, -0.03, 0.02
2854.0, 2731.0, 3712.0, 3408.0, 3026.0, 8.1, 5.66, 0.54, -0.02, -0.09, 0.0
2883.0, 2732.0, 3705.0, 3408.0, 3024.0, 8.17, 5.79, 0.44, -0.03, -0.07, 0.01
2854.0, 2729.0, 3709.0, 3411.0, 3027.0, 8.22, 5.74, 0.45, -0.02, -0.05, 0.01
2862.0, 2735.0, 3709.0, 3408.0, 3024.0, 8.12, 5.68, 0.55, 0.09, -0.07, 0.03
2855.0, 2733.0, 3707.0, 3408.0, 3025.0, 8.16, 5.8, 0.31, 0.05, 0.04, -0.04
2859.0, 2734.0, 3705.0, 3411.0, 3025.0, 8.33, 5.76, 0.44, 0.11, -0.0, -0.02
2857.0, 2732.0, 3706.0, 3401.0, 3028.0, 8.15, 5.83, 0.47, 0.06, -0.07, 0.02
2854.0, 2733.0, 3703.0, 3408.0, 3026.0, 8.18, 5.71, 0.3, 0.06, 0.01, -0.0
2853.0, 2734.0, 3712.0, 3406.0, 3042.0, 8.25, 5.62, 0.38, -0.02, 0.0, -0.04
2864.0, 2724.0, 3677.0, 3407.0, 3026.0, 8.15, 5.83, 0.34, 0.03, -0.08, 0.01
2855.0, 2731.0, 3711.0, 3406.0, 3025.0, 8.3, 5.57, 0.37, 0.03, 0.01, -0.03
2855.0, 2733.0, 3706.0, 3402.0, 3025.0, 8.07, 5.98, 0.48, 0.02, -0.04, -0.05
2855.0, 2735.0, 3699.0, 3405.0, 3025.0, 7.98, 5.8, 0.44, 0.08, -0.02, -0.06
2853.0, 2730.0, 3705.0, 3399.0, 3024.0, 8.15, 5.77, 0.57, 0.04, -0.06, -0.02
2854.0, 2731.0, 3699.0, 3403.0, 3028.0, 8.28, 5.78, 0.21, 0.03, 0.02, -0.07
2859.0, 2733.0, 3699.0, 3406.0, 3024.0, 8.14, 5.94, 0.26, -0.05, -0.03, -0.04
2858.0, 2734.0, 3699.0, 3405.0, 3025.0, 8.0, 5.92, 0.46, 0.2, 0.1, -0.09
2859.0, 2736.0, 3697.0, 3399.0, 3026.0, 8.2, 5.74, 0.39, 0.07, 0.06, -0.07
2857.0, 2733.0, 3699.0, 3397.0, 3025.0, 7.93, 6.17, 0.54, 0.14, 0.13, -0.08
2858.0, 2735.0, 3701.0, 3402.0, 3025.0, 8.01, 6.03, 0.53, 0.06, 0.04, -0.02
2855.0, 2733.0, 3706.0, 3406.0, 3027.0, 8.17, 5.88, 0.62, 0.2, 0.08, -0.09
2859.0, 2736.0, 3701.0, 3409.0, 3026.0, 7.97, 5.92, 0.39, -0.0, 0.01, -0.06
2849.0, 2725.0, 3658.0, 3408.0, 3002.0, 8.09, 5.89, 0.45, 0.01, 0.02, -0.09
2861.0, 2736.0, 3702.0, 3404.0, 3024.0, 7.87, 5.99, 0.43, 0.05, -0.01, -0.11
2857.0, 2729.0, 3699.0, 3403.0, 3025.0, 7.83, 6.12, 0.47, 0.0, 0.1, -0.11
2857.0, 2727.0, 3671.0, 3429.0, 3024.0, 7.75, 6.21, 0.54, -0.0, 0.02, -0.08
2861.0, 2734.0, 3696.0, 3409.0, 3025.0, 7.92, 6.04, 0.62, 0.19, 0.14, -0.16
