3362.0, 3521.0, 3234.0, 3017.0, 2755.0, 8.19, 1.75, 0.97, 0.74, -0.22, 0.49
3374.0, 3523.0, 3231.0, 3022.0, 2767.0, 8.0, 1.46, 0.71, 0.83, -0.06, 0.11
3370.0, 3525.0, 3231.0, 3024.0, 2768.0, 8.53, 1.05, 1.04, 0.77, 0.25, -0.18
3379.0, 3499.0, 3230.0, 3037.0, 2768.0, 9.24, 0.79, 1.71, 0.6, 0.53, -0.17
3361.0, 3514.0, 3222.0, 3023.0, 2765.0, 10.12, 0.82, 3.0, 0.37, 0.59, -0.27
3369.0, 3521.0, 3238.0, 3025.0, 2768.0, 10.66, 1.71, 3.54, 0.14, 0.28, -0.4
3366.0, 3520.0, 3237.0, 3023.0, 2768.0, 10.08, 2.56, 3.86, 0.01, -0.02, -0.48
3368.0, 3518.0, 3237.0, 3023.0, 2768.0, 9.18, 2.2, 3.75, -0.38, -0.54, -0.28
3369.0, 3525.0, 3238.0, 3024.0, 2779.0, 8.46, 1.79, 2.75, -0.72, -0.81, -0.43
3383.0, 3522.0, 3233.0, 3023.0, 2768.0, 8.72, 3.02, 2.02, -0.6, -0.63, -0.77
3369.0, 3520.0, 3237.0, 3024.0, 2768.0, 9.54, 3.57, 1.6, -0.94, -0.75, -0.62
3371.0, 3521.0, 3235.0, 3035.0, 2768.0, 9.9, 4.53, 0.67, -0.95, -0.65, -0.43
3370.0, 3519.0, 3237.0, 3022.0, 2768.0, 10.33, 5.53, 0.53, -0.98, -0.59, 0.12
3372.0, 3521.0, 3241.0, 3022.0, 2767.0, 10.63, 5.84, -0.06, -0.79, -0.65, 0.73
3369.0, 3519.0, 3236.0, 3024.0, 2768.0, 10.92, 5.04, -0.8, -0.3, -0.63, 1.24
3368.0, 3520.0, 3238.0, 3021.0, 2768.0, 10.54, 3.2, -2.33, 0.34, -0.51, 1.58
3379.0, 3506.0, 3239.0, 3024.0, 2768.0, 8.91, 1.24, -3.51, 0.95, 0.05, 1.3
3365.0, 3520.0, 3236.0, 3021.0, 2767.0, 7.89, 0.21, -1.19, 1.13, 0.4, 0.84
3369.0, 3527.0, 3237.0, 3024.0, 2752.0, 7.16, -0.62, 0.17, 1.12, 0.73, 0.32
3367.0, 3520.0, 3246.0, 3014.0, 2754.0, 7.06, 0.07, 0.85, 1.08, 0.8, -0.24
3369.0, 3519.0, 3241.0, 3024.0, 2766.0, 7.74, -0.59, 2.53, 0.9, 0.89, -0.54
3370.0, 3525.0, 3238.0, 3024.0, 2768.0, 8.97, -0.06, 3.5, 0.37, 0.83, -0.7
3371.0, 3519.0, 3244.0, 3024.0, 2768.0, 9.48, -0.09, 5.75, -0.64, 0.69, -0.73
3376.0, 3519.0, 3246.0, 3024.0, 2768.0, 9.87, 1.3, 5.65, -0.54, 0.77, -0.99
3376.0, 3520.0, 3237.0, 3025.0, 2767.0, 10.59, 1.72, 5.49, -1.3, 0.38, -0.68
3375.0, 3521.0, 3245.0, 3025.0, 2768.0, 10.3, 2.52, 5.19, -1.11, 0.12, -0.52
3376.0, 3515.0, 3243.0, 3024.0, 2768.0, 10.01, 2.76, 4.19, -1.0, -0.21, -0.19
3376.0, 3516.0, 3221.0, 3024.0, 2765.0, 9.9, 3.12, 2.81, -0.84, -0.29, -0.03
3363.0, 3493.0, 3242.0, 3022.0, 2768.0, 9.02, 2.68, 1.49, -0.75, -0.43, 0.07
3374.0, 3519.0, 3239.0, 3024.0, 2768.0, 7.67, 3.08, 1.62, 0.12, -0.03, 0.15
3369.0, 3519.0, 3243.0, 3024.0, 2768.0, 8.34, 2.92, 2.31, 1.32, 0.54, -0.15
3373.0, 3520.0, 3245.0, 3024.0, 2768.0, 8.44, 1.92, 3.32, 1.75, 0.48, -0.13
3372.0, 3520.0, 3244.0, 3024.0, 2768.0, 7.52, 1.81, 4.01, 2.05, 0.64, -0.77
3373.0, 3516.0, 3242.0, 3028.0, 2762.0, 7.89, 1.33, 5.69, 1.68, 0.32, -1.3
3373.0, 3518.0, 3244.0, 3028.0, 2768.0, 9.63, 2.53, 7.44, 0.43, 0.05, -1.25
3371.0, 3515.0, 3245.0, 3027.0, 2768.0, 9.15, 4.32, 9.16, -0.89, -0.12, -0.98
3371.0, 3509.0, 3243.0, 3030.0, 2768.0, 7.96, 3.86, 9.19, -1.72, -0.55, -0.78
3370.0, 3514.0, 3245.0, 3029.0, 2768.0, 6.74, 4.48, 7.41, -2.37, -1.14, -0.89
3365.0, 3510.0, 3245.0, 3029.0, 2768.0, 7.94, 6.03, 5.79, -2.6, -1.2, -0.75
3365.0, 3505.0, 3245.0, 3028.0, 2771.0, 10.42, 9.59, 4.99, -2.13, -1.47, -0.08
3365.0, 3509.0, 3244.0, 3025.0, 2768.0, 10.09, 10.65, 3.12, -0.78, -2.1, 0.88
3365.0, 3511.0, 3245.0, 3027.0, 2769.0, 8.11, 7.69, -0.47, 0.94, -2.31, 1.63
3364.0, 3510.0, 3245.0, 3031.0, 2767.0, 6.55, 4.0, -2.13, 2.03, -1.54, 1.95
3357.0, 3509.0, 3248.0, 3036.0, 2768.0, 6.15, 0.66, -0.77, 2.36, -0.12, 1.94
3362.0, 3535.0, 3245.0, 3010.0, 2748.0, 6.53, -2.42, 2.27, 1.91, 0.62, 1.31
3363.0, 3510.0, 3248.0, 3029.0, 2768.0, 7.18, -3.93, 3.24, 1.34, 0.69, 0.27
3362.0, 3498.0, 3248.0, 3032.0, 2768.0, 6.66, -2.9, 3.64, 0.51, 0.64, -0.66
3393.0, 3511.0, 3248.0, 3029.0, 2768.0, 6.38, -1.83, 3.96, -0.31, 0.82, -1.26
3375.0, 3507.0, 3247.0, 3031.0, 2768.0, 6.89, 0.13, 6.1, -1.17, 1.44, -1.77
3366.0, 3507.0, 3242.0, 3024.0, 2768.0, 9.2, 1.2, 10.49, -2.69, 1.41, -1.65
