2691.0, 2690.0, 3350.0, 3071.0, 2819.0, 2.06, 6.12, 7.29, 0.01, -0.04, -0.01
2704.0, 2705.0, 3364.0, 3090.0, 2832.0, 2.15, 6.07, 7.37, 0.01, -0.04, -0.01
2703.0, 2704.0, 3360.0, 3088.0, 2831.0, 2.02, 6.07, 7.26, 0.01, -0.04, -0.01
2704.0, 2704.0, 3363.0, 3091.0, 2829.0, 2.13, 6.07, 7.35, 0.01, -0.03, -0.01
2702.0, 2704.0, 3361.0, 3089.0, 2832.0, 2.15, 6.11, 7.36, 0.0, -0.04, -0.01
2704.0, 2705.0, 3361.0, 3089.0, 2829.0, 2.14, 6.03, 7.35, 0.01, -0.04, -0.01
2704.0, 2704.0, 3361.0, 3090.0, 2832.0, 2.1, 6.1, 7.28, 0.0, -0.03, -0.0
2703.0, 2704.0, 3362.0, 3095.0, 2831.0, 2.1, 6.01, 7.35, 0.01, -0.04, -0.01
2704.0, 2705.0, 3367.0, 3094.0, 2831.0, 2.08, 6.12, 7.36, 0.01, -0.04, -0.01
2704.0, 2704.0, 3363.0, 3091.0, 2829.0, 2.09, 6.02, 7.3, 0.01, -0.04, -0.01
2688.0, 2691.0, 3353.0, 3079.0, 2817.0, 2.09, 6.08, 7.37, 0.01, -0.04, -0.01
2703.0, 2704.0, 3372.0, 3102.0, 2829.0, 2.11, 5.92, 7.75, 0.15, -0.26, 0.1
2704.0, 2704.0, 3373.0, 3106.0, 2831.0, 2.18, 6.34, 7.47, 0.25, -0.13, -0.01
2711.0, 2704.0, 3374.0, 3124.0, 2835.0, 1.69, 6.79, 8.51, 0.32, -0.79, 0.38
2740.0, 2707.0, 3345.0, 3190.0, 2875.0, 2.47, 7.73, 7.56, 0.54, -2.23, 0.89
2790.0, 2714.0, 3303.0, 3257.0, 2949.0, 5.02, 9.79, 6.95, -0.39, -2.47, 1.24
2818.0, 2699.0, 3266.0, 3312.0, 2999.0, 6.61, 7.27, 6.3, -0.5, -2.33, 1.4
2833.0, 2673.0, 3239.0, 3295.0, 3025.0, 7.79, 5.15, 5.05, 0.23, -1.95, 1.35
2848.0, 2691.0, 3205.0, 3319.0, 3037.0, 8.11, 3.64, 3.79, 0.21, -1.5, 0.96
2869.0, 2693.0, 3190.0, 3274.0, 3051.0, 8.54, 2.98, 2.46, -0.04, -1.13, 0.91
2879.0, 2695.0, 3178.0, 3276.0, 3056.0, 8.52, 2.24, 2.05, -0.08, -1.01, 0.61
2880.0, 2720.0, 3183.0, 3288.0, 3062.0, 9.18, 1.97, 1.36, -0.31, -0.88, 0.63
2885.0, 2702.0, 3170.0, 3313.0, 3063.0, 8.6, 2.64, 1.51, 0.07, -0.79, 0.37
2893.0, 2701.0, 3175.0, 3241.0, 3065.0, 7.88, 2.05, 0.25, -0.0, -0.86, 0.31
2887.0, 2700.0, 3168.0, 3278.0, 3061.0, 7.13, 2.1, -0.12, -0.12, -0.44, 0.05
2890.0, 2699.0, 3166.0, 3275.0, 3058.0, 8.03, 2.4, 0.38, 0.11, 0.33, -0.4
2887.0, 2694.0, 3168.0, 3275.0, 3058.0, 10.3, 3.26, 1.65, 0.01, 0.04, -0.02
2890.0, 2695.0, 3165.0, 3280.0, 3059.0, 10.83, 3.06, 1.98, 0.06, 0.14, 0.13
2882.0, 2694.0, 3162.0, 3271.0, 3055.0, 10.03, 2.97, 1.76, 0.01, -0.0, 0.21
2880.0, 2693.0, 3167.0, 3270.0, 3054.0, 9.22, 2.73, 1.51, -0.02, -0.06, 0.05
2877.0, 2688.0, 3163.0, 3280.0, 3047.0, 9.41, 2.65, 1.05, 0.1, -0.14, 0.22
2873.0, 2687.0, 3165.0, 3285.0, 3050.0, 9.49, 2.45, 0.95, 0.07, 0.01, 0.14
2865.0, 2688.0, 3164.0, 3271.0, 3049.0, 9.72, 2.28, 1.15, 0.06, -0.06, 0.14
2875.0, 2688.0, 3165.0, 3282.0, 3043.0, 9.73, 2.04, 1.36, 0.01, 0.02, 0.01
2871.0, 2683.0, 3163.0, 3282.0, 3041.0, 9.77, 2.25, 1.3, -0.09, -0.08, -0.04
2870.0, 2683.0, 3159.0, 3259.0, 3043.0, 9.57, 2.4, 1.14, -0.02, 0.0, -0.05
2867.0, 2682.0, 3168.0, 3263.0, 3039.0, 9.75, 2.56, 1.21, -0.05, 0.03, -0.0
2870.0, 2683.0, 3175.0, 3267.0, 3041.0, 9.55, 2.51, 1.5, -0.08, -0.03, 0.04
2867.0, 2683.0, 3163.0, 3261.0, 3037.0, 9.82, 2.18, 1.3, -0.17, -0.0, 0.02
2867.0, 2681.0, 3163.0, 3248.0, 3038.0, 9.67, 2.34, 1.46, -0.1, -0.02, -0.02
2864.0, 2680.0, 3165.0, 3266.0, 3040.0, 9.5, 2.25, 1.49, -0.11, -0.02, -0.06
2866.0, 2682.0, 3162.0, 3283.0, 3039.0, 9.65, 2.37, 1.45, -0.02, -0.05, 0.0
2865.0, 2682.0, 3167.0, 3275.0, 3035.0, 9.79, 2.32, 1.49, -0.04, -0.1, -0.0
2863.0, 2672.0, 3165.0, 3249.0, 3037.0, 9.66, 2.38, 1.39, -0.03, -0.08, 0.02
2850.0, 2681.0, 3159.0, 3280.0, 3036.0, 9.64, 2.21, 1.29, 0.04, -0.05, 0.02
2865.0, 2683.0, 3167.0, 3259.0, 3034.0, 9.53, 2.3, 1.41, 0.03, -0.08, 0.02
2864.0, 2681.0, 3166.0, 3262.0, 3034.0, 9.71, 2.3, 1.15, 0.04, 0.03, 0.0
2865.0, 2678.0, 3167.0, 3267.0, 3030.0, 9.74, 2.21, 1.28, -0.03, -0.0, 0.04
2864.0, 2682.0, 3167.0, 3264.0, 3030.0, 9.67, 2.13, 1.56, 0.0, -0.01, -0.01
2864.0, 2679.0, 3168.0, 3270.0, 3030.0, 9.74, 2.18, 1.37, -0.01, -0.07, -0.0
2863.0, 2679.0, 3169.0, 3264.0, 3030.0, 9.75, 2.19, 1.3, -0.0, -0.09, -0.02
2865.0, 2685.0, 3167.0, 3263.0, 3030.0, 9.74, 2.18, 1.3, 0.03, -0.08, -0.03
2863.0, 2677.0, 3170.0, 3264.0, 3029.0, 9.62, 2.45, 1.3, 0.03, -0.0, -0.03
2863.0, 2677.0, 3169.0, 3264.0, 3028.0, 9.74, 2.33, 1.39, -0.0, -0.04, 0.02
2862.0, 2677.0, 3168.0, 3261.0, 3028.0, 9.6, 2.17, 1.34, 0.01, -0.06, -0.02
2861.0, 2681.0, 3172.0, 3265.0, 3024.0, 9.54, 2.27, 1.34, 0.01, -0.06, -0.01
2858.0, 2679.0, 3174.0, 3265.0, 3062.0, 9.63, 2.24, 1.26, 0.03, -0.14, -0.03
2863.0, 2678.0, 3173.0, 3265.0, 3024.0, 9.79, 2.26, 1.17, -0.08, -0.05, -0.04
2858.0, 2674.0, 3180.0, 3259.0, 3022.0, 9.71, 2.3, 1.02, -0.02, -0.04, -0.02
