3181.0, 3086.0, 3293.0, 3043.0, 2794.0, 8.5, 4.52, 2.37, 0.05, -0.05, -0.05
3174.0, 3085.0, 3294.0, 3049.0, 2781.0, 8.71, 4.4, 2.44, 0.07, -0.04, -0.0
3181.0, 3086.0, 3296.0, 3053.0, 2784.0, 8.64, 4.31, 2.44, 0.08, 0.02, 0.03
3181.0, 3088.0, 3280.0, 3053.0, 2784.0, 8.75, 4.07, 2.35, 0.07, -0.04, 0.02
3183.0, 3088.0, 3302.0, 3053.0, 2789.0, 8.73, 4.25, 2.52, 0.0, -0.02, 0.02
3182.0, 3089.0, 3305.0, 3053.0, 2787.0, 8.75, 4.21, 2.58, 0.01, -0.1, -0.02
3182.0, 3091.0, 3312.0, 3056.0, 2790.0, 8.9, 4.81, 2.46, 0.04, -0.07, -0.01
3154.0, 3089.0, 3302.0, 3056.0, 2778.0, 8.76, 4.12, 2.47, 0.0, -0.1, 0.12
3186.0, 3094.0, 3308.0, 3056.0, 2791.0, 8.63, 4.23, 2.23, -0.45, -0.29, 0.17
3179.0, 3095.0, 3248.0, 3055.0, 2784.0, 8.98, 3.75, 2.38, 0.04, 0.07, -0.0
3186.0, 3095.0, 3265.0, 3051.0, 2789.0, 8.67, 4.21, 2.69, 0.06, -0.01, 0.0
3185.0, 3104.0, 3267.0, 3059.0, 2786.0, 8.9, 3.95, 2.6, 0.12, 0.02, 0.01
3189.0, 3106.0, 3277.0, 3030.0, 2790.0, 8.75, 4.19, 2.6, 0.18, -0.09, -0.0
3191.0, 3115.0, 3276.0, 3085.0, 2794.0, 8.76, 4.09, 2.4, 0.1, -0.03, -0.01
3205.0, 3121.0, 3265.0, 3120.0, 2800.0, 9.03, 4.2, 3.11, -0.08, -0.49, 0.27
3248.0, 3341.0, 3611.0, 3458.0, 2919.0, 9.92, 3.28, 1.78, 0.73, -1.07, 0.16
3280.0, 3472.0, 3710.0, 3631.0, 3092.0, 9.33, 4.21, 1.26, 2.22, 1.23, -0.6
3303.0, 3543.0, 3738.0, 3682.0, 3185.0, 7.74, 4.73, 0.67, 2.38, 1.81, -0.51
3317.0, 3556.0, 3775.0, 3690.0, 3200.0, 6.83, 4.74, 1.39, 1.41, 0.91, -0.17
3335.0, 3563.0, 3878.0, 3698.0, 3239.0, 8.31, 5.6, 1.73, 1.2, 0.81, -0.29
3344.0, 3562.0, 3793.0, 3703.0, 3261.0, 8.12, 5.42, 2.18, 0.92, 0.73, -0.23
3377.0, 3557.0, 3803.0, 3709.0, 3280.0, 6.74, 7.02, 2.15, 0.91, 0.99, -0.19
3379.0, 3547.0, 3870.0, 3710.0, 3282.0, 8.06, 5.86, 2.15, 0.97, 0.73, -0.07
3408.0, 3548.0, 3915.0, 3717.0, 3309.0, 7.06, 6.81, 2.6, 0.92, 0.98, 0.08
3435.0, 3539.0, 3840.0, 3713.0, 3311.0, 7.42, 5.94, 2.19, 0.93, 1.09, -0.01
3450.0, 3568.0, 3960.0, 3711.0, 3303.0, 7.01, 6.95, 3.21, 0.42, 0.67, -0.07
3457.0, 3575.0, 4004.0, 3709.0, 3313.0, 6.96, 6.69, 2.41, 0.29, 0.58, -0.09
3461.0, 3550.0, 3994.0, 3705.0, 3311.0, 6.52, 6.97, 2.81, -0.04, 0.35, -0.05
3451.0, 3537.0, 3915.0, 3694.0, 3291.0, 6.85, 6.87, 2.72, 0.35, 0.23, 0.02
3445.0, 3546.0, 3915.0, 3696.0, 3303.0, 7.07, 6.61, 2.9, 0.29, 0.29, 0.06
3440.0, 3542.0, 3920.0, 3703.0, 3306.0, 6.88, 6.54, 2.8, 0.52, 0.65, -0.03
3423.0, 3533.0, 3850.0, 3701.0, 3308.0, 5.9, 6.89, 3.99, 0.34, 0.38, -0.01
3423.0, 3517.0, 3857.0, 3701.0, 3309.0, 6.65, 7.02, 2.82, -0.03, 0.37, -0.09
3425.0, 3510.0, 3859.0, 3703.0, 3323.0, 6.13, 6.84, 3.21, 0.04, 0.23, -0.1
3426.0, 3483.0, 3874.0, 3707.0, 3335.0, 3.76, 0.88, -10.34, 0.7, 0.87, -0.41
3433.0, 3444.0, 3865.0, 3709.0, 3328.0, 5.73, 6.42, 3.42, 0.51, 0.85, -0.09
3443.0, 3440.0, 3875.0, 3722.0, 3344.0, 4.85, 6.66, 1.68, 0.28, 0.56, -0.15
3440.0, 3438.0, 3866.0, 3716.0, 3335.0, 5.83, 7.24, 3.91, -0.02, -0.35, 0.06
3435.0, 3440.0, 3848.0, 3710.0, 3338.0, 5.83, 7.16, 3.58, -0.01, -0.25, 0.04
3427.0, 3441.0, 3982.0, 3707.0, 3331.0, 6.16, 7.06, 2.87, -0.05, -0.26, 0.06
3423.0, 3442.0, 3913.0, 3703.0, 3323.0, 6.21, 7.12, 3.22, -0.06, -0.22, 0.07
3419.0, 3441.0, 3919.0, 3701.0, 3325.0, 6.34, 6.82, 2.85, -0.07, 0.02, -0.03
3414.0, 3440.0, 3853.0, 3696.0, 3322.0, 6.35, 6.91, 3.21, -0.01, -0.19, 0.09
3404.0, 3431.0, 3823.0, 3684.0, 3303.0, 6.22, 6.94, 3.41, -0.1, 0.12, -0.09
3408.0, 3438.0, 3826.0, 3691.0, 3311.0, 6.27, 6.74, 3.15, 0.03, -0.07, 0.01
3407.0, 3431.0, 3825.0, 3684.0, 3308.0, 6.12, 7.18, 3.5, -0.04, -0.07, 0.01
3404.0, 3438.0, 3825.0, 3679.0, 3311.0, 6.18, 7.04, 3.21, 0.03, 0.04, -0.01
3405.0, 3437.0, 3830.0, 3676.0, 3317.0, 6.29, 6.96, 3.15, 0.01, -0.13, 0.04
3403.0, 3438.0, 3830.0, 3688.0, 3311.0, 6.31, 6.98, 3.32, -0.02, -0.0, -0.0
3398.0, 3435.0, 3825.0, 3683.0, 3306.0, 6.31, 6.77, 3.26, -0.02, 0.0, -0.0
3403.0, 3435.0, 3824.0, 3685.0, 3307.0, 6.26, 6.96, 3.49, 0.03, -0.09, 0.02
3397.0, 3440.0, 3815.0, 3680.0, 3310.0, 6.3, 6.85, 3.3, -0.01, 0.04, -0.03
3405.0, 3440.0, 3809.0, 3681.0, 3305.0, 6.28, 7.0, 3.26, 0.07, -0.08, 0.0
