3054.0, 3258.0, 3325.0, 3147.0, 2810.0, 4.85, 1.82, 8.45, -0.01, -0.07, 0.02
3055.0, 3255.0, 3327.0, 3143.0, 2829.0, 4.77, 1.79, 8.28, 0.04, -0.04, -0.01
3056.0, 3253.0, 3325.0, 3147.0, 2804.0, 4.78, 1.64, 8.35, 0.06, -0.08, -0.01
3054.0, 3257.0, 3327.0, 3145.0, 2810.0, 4.87, 1.68, 8.32, -0.0, -0.05, 0.02
3055.0, 3261.0, 3324.0, 3146.0, 2811.0, 4.86, 1.68, 8.35, 0.03, -0.04, -0.02
3063.0, 3267.0, 3334.0, 3154.0, 2821.0, 4.82, 1.54, 8.16, 0.04, -0.04, -0.04
3062.0, 3267.0, 3334.0, 3155.0, 2819.0, 4.8, 1.76, 8.42, -0.03, -0.04, -0.01
3063.0, 3267.0, 3338.0, 3156.0, 2818.0, 4.78, 1.84, 8.34, 0.01, -0.02, -0.04
3062.0, 3264.0, 3333.0, 3154.0, 2819.0, 4.81, 1.8, 8.4, 0.02, -0.03, -0.04
3056.0, 3258.0, 3328.0, 3147.0, 2807.0, 4.82, 1.7, 8.42, 0.03, -0.03, -0.04
3053.0, 3258.0, 3325.0, 3146.0, 2805.0, 4.64, 1.86, 8.41, 0.02, -0.08, 0.02
3054.0, 3251.0, 3326.0, 3149.0, 2807.0, 4.23, 2.02, 8.48, 0.22, -0.03, -0.01
3056.0, 3258.0, 3328.0, 3147.0, 2810.0, 3.8, 2.51, 8.79, 0.45, -0.2, 0.43
3055.0, 3262.0, 3325.0, 3151.0, 2807.0, 3.15, 2.87, 9.15, 0.99, -0.64, 0.75
3040.0, 3265.0, 3331.0, 3166.0, 2811.0, 4.04, 2.95, 9.31, 1.14, -0.82, 1.3
3056.0, 3271.0, 3344.0, 3178.0, 2826.0, 4.77, 3.68, 8.89, 1.54, -0.82, 1.58
3061.0, 3281.0, 3357.0, 3185.0, 2817.0, 6.17, 3.57, 8.22, 1.66, -0.82, 1.67
3061.0, 3286.0, 3362.0, 3200.0, 2825.0, 7.44, 4.28, 7.56, 2.01, -0.49, 1.89
3088.0, 3295.0, 3444.0, 3218.0, 2829.0, 7.79, 2.65, 6.85, 2.33, -0.81, 1.88
3093.0, 3309.0, 3436.0, 3263.0, 2832.0, 6.33, 1.96, 9.76, 2.41, -0.69, 1.69
3130.0, 3314.0, 3510.0, 3344.0, 2854.0, 8.65, 2.0, 3.27, 2.6, -0.46, 1.59
3179.0, 3316.0, 3614.0, 3393.0, 2864.0, 8.78, 0.8, 4.03, 2.2, -0.4, 1.5
3227.0, 3326.0, 3606.0, 3437.0, 2897.0, 8.73, 1.29, 4.09, 2.09, -0.01, 0.71
3251.0, 3312.0, 3625.0, 3470.0, 2915.0, 10.34, 2.04, 2.78, 2.31, 0.22, 0.47
3309.0, 3302.0, 3696.0, 3555.0, 2964.0, 9.41, 2.54, 3.06, 2.09, 0.49, 0.22
3403.0, 3293.0, 3793.0, 3703.0, 3069.0, 8.83, 2.46, 2.79, 1.64, 0.83, 0.47
3486.0, 3280.0, 3830.0, 3762.0, 3162.0, 7.7, 1.5, 4.52, 1.56, 0.61, 0.87
3536.0, 3271.0, 3898.0, 3793.0, 3221.0, 8.01, 0.19, 4.12, 1.11, 0.37, 0.97
3559.0, 3287.0, 3871.0, 3806.0, 3247.0, 8.95, -1.94, 3.56, 0.79, 0.36, 0.55
3583.0, 3260.0, 3918.0, 3824.0, 3269.0, 9.88, -3.79, 4.84, -0.21, 0.09, -0.51
3603.0, 3248.0, 3871.0, 3823.0, 3269.0, 10.12, -2.43, 4.06, -1.27, -0.08, -1.45
3600.0, 3237.0, 3869.0, 3824.0, 3269.0, 9.11, -1.33, 5.94, -2.12, -0.06, -2.29
3599.0, 3221.0, 3872.0, 3810.0, 3265.0, 6.7, 2.93, 6.81, -2.08, -0.41, -2.65
3600.0, 3207.0, 4080.0, 3810.0, 3250.0, 4.92, 6.75, 6.18, -1.2, -0.71, -2.11
3575.0, 3199.0, 3856.0, 3807.0, 3243.0, 3.89, 10.0, 3.65, -0.51, -0.33, -0.89
3583.0, 3183.0, 3856.0, 3792.0, 3236.0, 3.77, 11.79, 1.09, -0.52, 0.06, 0.95
3571.0, 3170.0, 3852.0, 3789.0, 3227.0, 3.22, 9.64, 2.53, 0.32, 1.15, 1.73
3568.0, 3169.0, 3880.0, 3785.0, 3216.0, 3.99, 5.9, 6.08, 0.77, 1.67, 2.77
3556.0, 3170.0, 3842.0, 3789.0, 3201.0, 5.45, 2.59, 6.77, 0.62, 1.94, 2.96
3552.0, 3174.0, 3850.0, 3786.0, 3190.0, 7.04, -2.26, 9.58, 0.81, 1.75, 2.26
3549.0, 3183.0, 3854.0, 3792.0, 3182.0, 8.84, -4.74, 9.55, 0.59, 0.75, 1.21
3539.0, 3184.0, 3905.0, 3790.0, 3171.0, 10.68, -7.69, 8.55, -0.34, 0.07, -0.49
3537.0, 3188.0, 3943.0, 3790.0, 3163.0, 7.94, -5.03, 8.49, -1.44, -0.3, -1.7
3536.0, 3184.0, 3849.0, 3789.0, 3157.0, 5.9, -1.87, 9.14, -1.65, -0.23, -2.06
3527.0, 3181.0, 3850.0, 3786.0, 3152.0, 4.3, 1.22, 9.58, -1.67, -0.39, -2.11
3527.0, 3177.0, 3882.0, 3776.0, 3152.0, 3.87, 2.32, 8.47, -1.24, -0.28, -1.45
3537.0, 3174.0, 3833.0, 3778.0, 3148.0, 3.85, 4.24, 7.57, -0.94, -0.16, -0.88
3521.0, 3173.0, 3904.0, 3776.0, 3149.0, 4.55, 4.42, 8.34, 0.09, 0.13, -0.73
3518.0, 3191.0, 3830.0, 3775.0, 3140.0, 6.39, 2.7, 7.54, 0.18, -0.29, -0.15
3519.0, 3177.0, 3827.0, 3769.0, 3140.0, 6.48, 2.5, 7.08, 0.15, -0.2, -0.09
3514.0, 3174.0, 3831.0, 3763.0, 3140.0, 6.69, 1.98, 6.94, 0.22, -0.05, 0.08
3507.0, 3174.0, 3828.0, 3772.0, 3142.0, 6.61, 1.47, 7.31, 0.06, -0.03, 0.2
3520.0, 3181.0, 3826.0, 3770.0, 3138.0, 6.74, 1.07, 7.75, 0.19, 0.07, 0.05
3517.0, 3178.0, 3825.0, 3771.0, 3139.0, 6.6, 0.96, 7.26, 0.2, -0.08, 0.0
3517.0, 3181.0, 3824.0, 3771.0, 3136.0, 6.25, 1.47, 7.24, 0.29, 0.14, -0.05
3515.0, 3157.0, 3824.0, 3767.0, 3135.0, 6.13, 1.64, 7.53, 0.11, 0.18, 0.05
3510.0, 3184.0, 3824.0, 3761.0, 3136.0, 6.39, 1.13, 7.61, 0.04, 0.08, 0.04
3509.0, 3184.0, 3822.0, 3767.0, 3134.0, 6.35, 1.34, 7.54, 0.07, 0.01, -0.06
3509.0, 3184.0, 3824.0, 3762.0, 3136.0, 6.11, 1.64, 7.33, -0.1, -0.04, -0.05
3512.0, 3182.0, 3824.0, 3761.0, 3135.0, 6.09, 1.88, 7.26, -0.2, -0.05, 0.03
3506.0, 3184.0, 3823.0, 3763.0, 3134.0, 6.16, 1.47, 7.37, -0.03, 0.07, 0.05
3507.0, 3183.0, 3820.0, 3761.0, 3135.0, 6.12, 1.38, 7.54, -0.01, 0.15, -0.02
3505.0, 3184.0, 3820.0, 3763.0, 3130.0, 5.87, 1.66, 7.5, -0.04, 0.03, -0.02
3504.0, 3184.0, 3817.0, 3760.0, 3129.0, 5.86, 1.7, 7.56, -0.07, 0.15, -0.03
3501.0, 3183.0, 3843.0, 3760.0, 3127.0, 6.11, 1.33, 7.92, -0.07, 0.02, -0.01
3503.0, 3184.0, 3819.0, 3775.0, 3127.0, 5.91, 1.38, 7.99, -0.04, -0.01, -0.05
3504.0, 3184.0, 3817.0, 3761.0, 3126.0, 5.96, 1.53, 7.74, -0.05, -0.02, -0.04
3504.0, 3184.0, 3814.0, 3760.0, 3125.0, 5.81, 1.51, 7.87, -0.03, 0.01, -0.02
3511.0, 3184.0, 3819.0, 3759.0, 3123.0, 5.76, 1.59, 7.89, -0.02, 0.01, 0.03
