2707.0, 2747.0, 3583.0, 3274.0, 2814.0, 0.52, 6.54, 9.04, 0.9, -0.8, 2.18
2736.0, 2777.0, 3664.0, 3354.0, 2865.0, 3.42, 5.9, 7.07, 0.78, -1.6, 2.7
2745.0, 2789.0, 3697.0, 3381.0, 2891.0, 6.79, 4.77, 6.38, 0.28, -1.29, 1.36
2743.0, 2794.0, 3707.0, 3386.0, 2880.0, 7.82, 5.17, 8.68, -0.11, -1.1, 0.99
2751.0, 2791.0, 3696.0, 3372.0, 2899.0, 8.5, 5.09, 7.93, -0.18, -1.41, 1.17
2752.0, 2791.0, 3679.0, 3361.0, 2896.0, 8.4, 4.47, 5.97, -0.41, -1.64, 1.35
2751.0, 2789.0, 3674.0, 3349.0, 2901.0, 8.48, 3.28, 4.45, -0.88, -1.68, 1.84
2749.0, 2783.0, 3666.0, 3345.0, 2890.0, 9.1, 1.65, 3.73, -0.97, -1.09, 1.67
2751.0, 2784.0, 3663.0, 3344.0, 2886.0, 9.16, -0.23, 2.39, -0.94, -1.45, 1.57
2747.0, 2775.0, 3649.0, 3337.0, 2880.0, 8.62, -0.39, 2.56, -0.91, -1.34, 1.14
2746.0, 2775.0, 3647.0, 3331.0, 2880.0, 7.15, -0.92, 0.38, -0.38, -0.96, 0.61
2743.0, 2771.0, 3648.0, 3331.0, 2880.0, 6.12, -1.19, -0.09, 0.19, -0.51, 0.09
2745.0, 2771.0, 3642.0, 3330.0, 2878.0, 8.29, -1.13, 0.11, 0.15, -0.66, -0.4
2741.0, 2769.0, 3636.0, 3325.0, 2879.0, 9.98, -0.2, 0.94, 0.19, -0.19, -0.3
2746.0, 2768.0, 3632.0, 3327.0, 2877.0, 10.7, -0.88, 1.24, 0.08, -0.04, -0.07
2739.0, 2768.0, 3634.0, 3334.0, 2873.0, 10.49, -1.02, 1.24, -0.07, -0.03, 0.03
2736.0, 2779.0, 3647.0, 3329.0, 2866.0, 9.81, -0.58, 1.15, -0.0, -0.06, 0.03
2745.0, 2769.0, 3632.0, 3327.0, 2877.0, 10.06, -0.66, 0.95, 0.03, -0.03, 0.02
2745.0, 2768.0, 3648.0, 3327.0, 2876.0, 10.11, -0.7, 1.05, 0.03, -0.07, 0.1
2755.0, 2767.0, 3630.0, 3319.0, 2875.0, 9.67, -0.65, 1.28, 0.07, 0.02, 0.1
2746.0, 2767.0, 3632.0, 3319.0, 2877.0, 9.92, -1.22, 1.26, 0.04, -0.06, 0.05
2741.0, 2767.0, 3626.0, 3318.0, 2875.0, 9.78, -0.92, 1.09, -0.02, -0.11, 0.05
2738.0, 2768.0, 3621.0, 3318.0, 2879.0, 10.04, -1.23, 0.74, -0.09, -0.13, 0.15
2743.0, 2766.0, 3619.0, 3325.0, 2874.0, 9.83, -1.44, 1.07, -0.01, 0.06, 0.11
2742.0, 2766.0, 3619.0, 3312.0, 2875.0, 9.89, -1.27, 1.41, -0.01, 0.06, 0.05
2740.0, 2765.0, 3620.0, 3315.0, 2870.0, 9.9, -1.3, 0.98, -0.07, -0.07, 0.01
2746.0, 2768.0, 3617.0, 3312.0, 2870.0, 9.96, -1.27, 1.22, 0.12, -0.06, -0.02
2740.0, 2765.0, 3618.0, 3313.0, 2865.0, 9.86, -1.19, 0.86, 0.11, -0.05, 0.06
2743.0, 2763.0, 3613.0, 3312.0, 2887.0, 9.94, -1.43, 0.82, 0.12, -0.03, -0.01
2741.0, 2762.0, 3617.0, 3306.0, 2867.0, 9.87, -1.46, 0.94, 0.01, -0.01, 0.03
2746.0, 2767.0, 3616.0, 3312.0, 2870.0, 9.95, -1.33, 1.03, 0.11, -0.01, -0.06
2741.0, 2765.0, 3613.0, 3312.0, 2873.0, 9.88, -1.15, 1.16, 0.1, -0.05, -0.0
2747.0, 2767.0, 3615.0, 3312.0, 2874.0, 9.91, -1.28, 1.0, -0.0, -0.07, 0.03
2747.0, 2768.0, 3613.0, 3313.0, 2875.0, 9.97, -1.41, 0.86, 0.03, 0.03, -0.06
2749.0, 2768.0, 3613.0, 3312.0, 2877.0, 9.96, -1.36, 1.07, -0.01, -0.06, -0.01
2747.0, 2766.0, 3615.0, 3314.0, 2877.0, 9.94, -1.17, 0.91, 0.02, -0.07, -0.02
2749.0, 2767.0, 3617.0, 3312.0, 2877.0, 9.84, -1.26, 0.99, -0.01, -0.05, -0.0
2745.0, 2754.0, 3613.0, 3328.0, 2877.0, 9.95, -1.32, 1.34, 0.08, -0.01, 0.0
2747.0, 2765.0, 3619.0, 3312.0, 2885.0, 9.98, -1.38, 1.07, 0.04, -0.03, 0.04
2746.0, 2762.0, 3614.0, 3313.0, 2878.0, 9.89, -1.39, 1.08, -0.01, -0.08, -0.0
2747.0, 2765.0, 3617.0, 3312.0, 2875.0, 9.82, -1.24, 0.92, 0.03, 0.02, 0.02
2748.0, 2763.0, 3610.0, 3315.0, 2880.0, 9.9, -1.4, 1.01, -0.01, -0.06, 0.0
2736.0, 2762.0, 3606.0, 3280.0, 2874.0, 9.78, -1.41, 1.12, 0.01, -0.08, -0.01
2743.0, 2762.0, 3607.0, 3312.0, 2874.0, 9.8, -1.4, 1.09, 0.0, -0.01, -0.03
2757.0, 2787.0, 3643.0, 3343.0, 2898.0, 9.93, -1.35, 0.93, 0.01, -0.01, 0.0
2744.0, 2762.0, 3613.0, 3312.0, 2875.0, 9.91, -1.4, 0.95, 0.03, -0.0, -0.01
2752.0, 2763.0, 3611.0, 3314.0, 2880.0, 9.9, -1.46, 1.12, -0.01, 0.01, 0.02
2746.0, 2764.0, 3607.0, 3312.0, 2877.0, 9.89, -1.44, 1.21, 0.01, 0.0, 0.02
2747.0, 2762.0, 3607.0, 3312.0, 2875.0, 9.82, -1.37, 1.18, 0.0, -0.01, 0.0
2751.0, 2763.0, 3611.0, 3310.0, 2871.0, 9.86, -1.49, 1.0, 0.0, -0.07, -0.0
