2768.0, 2740.0, 3539.0, 3243.0, 2920.0, 4.62, 4.72, 7.22, 0.03, -0.04, -0.02
2768.0, 2754.0, 3545.0, 3245.0, 2921.0, 4.69, 4.71, 7.3, 0.01, -0.04, -0.01
2764.0, 2753.0, 3543.0, 3246.0, 2919.0, 4.65, 4.76, 7.23, 0.01, -0.05, -0.01
2767.0, 2754.0, 3546.0, 3245.0, 2918.0, 4.64, 4.7, 7.28, 0.02, -0.03, -0.02
2767.0, 2755.0, 3548.0, 3244.0, 2922.0, 4.66, 4.74, 7.25, 0.01, -0.03, -0.01
2768.0, 2752.0, 3543.0, 3245.0, 2921.0, 4.59, 4.78, 7.26, 0.01, -0.04, -0.01
2765.0, 2755.0, 3542.0, 3245.0, 2919.0, 4.66, 4.81, 7.21, 0.01, -0.04, -0.01
2767.0, 2755.0, 3543.0, 3248.0, 2922.0, 4.61, 4.73, 7.24, 0.0, -0.04, -0.0
2766.0, 2756.0, 3542.0, 3246.0, 2919.0, 4.67, 4.8, 7.38, 0.04, -0.04, -0.0
2763.0, 2754.0, 3549.0, 3248.0, 2923.0, 4.69, 4.87, 7.22, 0.02, -0.06, 0.0
2768.0, 2755.0, 3568.0, 3263.0, 2927.0, 4.77, 4.74, 7.68, 0.35, -0.16, -0.03
2774.0, 2736.0, 3598.0, 3269.0, 2945.0, 5.27, 5.27, 8.8, 0.63, -0.69, -0.13
2780.0, 2772.0, 3613.0, 3310.0, 2955.0, 5.66, 5.98, 7.99, 1.82, -0.94, -0.69
2800.0, 2788.0, 3643.0, 3315.0, 2975.0, 7.6, 6.59, 6.55, 1.71, -0.82, -0.31
2827.0, 2811.0, 3683.0, 3355.0, 3022.0, 6.58, 7.05, 6.28, 0.76, -2.19, 0.56
2853.0, 2829.0, 3712.0, 3375.0, 3057.0, 6.43, 6.73, 4.66, 0.93, -2.22, 0.18
2874.0, 2848.0, 3742.0, 3403.0, 3090.0, 5.82, 7.11, 2.72, -0.0, -2.58, 1.51
2896.0, 2865.0, 3749.0, 3406.0, 3105.0, 6.98, 3.97, 0.4, 0.81, -2.2, 0.32
2895.0, 2870.0, 3734.0, 3390.0, 3099.0, 6.36, 5.97, -0.47, 1.06, -1.83, 0.16
2898.0, 2871.0, 3728.0, 3387.0, 3091.0, 5.96, 4.79, -1.52, 1.11, -1.3, -0.05
2896.0, 2865.0, 3723.0, 3385.0, 3089.0, 6.21, 5.39, -3.02, 0.36, -1.34, 0.4
2906.0, 2868.0, 3719.0, 3380.0, 3091.0, 6.58, 5.38, -3.83, 0.24, -0.86, 0.14
2912.0, 2870.0, 3719.0, 3380.0, 3088.0, 7.29, 5.16, -4.82, 0.2, -0.57, 0.05
2911.0, 2868.0, 3713.0, 3376.0, 3088.0, 7.54, 4.58, -4.42, 0.03, -0.68, 0.21
2912.0, 2870.0, 3715.0, 3375.0, 3089.0, 6.52, 5.57, -6.03, 0.11, -0.16, -0.02
2917.0, 2874.0, 3709.0, 3373.0, 3095.0, 7.41, 3.84, -6.72, 0.39, 0.24, -0.38
2911.0, 2867.0, 3706.0, 3372.0, 3088.0, 7.07, 4.28, -5.96, 0.0, 0.56, -0.19
2912.0, 2869.0, 3702.0, 3367.0, 3088.0, 6.49, 4.63, -6.19, 0.27, 1.2, -0.63
2918.0, 2861.0, 3698.0, 3350.0, 3059.0, 7.8, 6.49, -0.97, -0.21, 1.18, -0.2
2909.0, 2864.0, 3696.0, 3364.0, 3082.0, 7.69, 7.3, -0.09, 0.63, 0.92, -0.7
2903.0, 2862.0, 3696.0, 3364.0, 3081.0, 8.49, 6.11, 0.3, 0.29, -0.04, 0.13
2903.0, 2862.0, 3696.0, 3361.0, 3083.0, 7.83, 5.8, -1.11, -0.06, 0.07, 0.06
2901.0, 2861.0, 3696.0, 3361.0, 3071.0, 7.61, 6.48, -2.33, -0.09, -0.08, 0.06
2906.0, 2858.0, 3696.0, 3357.0, 3081.0, 7.76, 5.95, -2.1, 0.14, -0.08, -0.24
2906.0, 2859.0, 3692.0, 3359.0, 3082.0, 7.81, 5.4, -2.49, -0.11, -0.16, 0.04
2907.0, 2861.0, 3697.0, 3359.0, 3085.0, 8.03, 6.0, -2.34, -0.1, -0.03, -0.1
2912.0, 2859.0, 3691.0, 3361.0, 3088.0, 7.6, 6.44, -2.41, 0.02, -0.15, 0.01
2918.0, 2864.0, 3691.0, 3362.0, 3088.0, 7.67, 5.8, -2.69, -0.05, -0.01, 0.02
2911.0, 2864.0, 3685.0, 3359.0, 3086.0, 7.99, 6.24, -2.33, -0.02, -0.15, 0.15
2913.0, 2864.0, 3693.0, 3354.0, 3087.0, 7.53, 5.94, -2.53, 0.13, -0.05, -0.06
2915.0, 2863.0, 3689.0, 3357.0, 3091.0, 7.94, 5.69, -2.46, -0.08, -0.03, 0.07
2920.0, 2864.0, 3687.0, 3358.0, 3091.0, 7.7, 6.03, -2.45, 0.08, -0.02, -0.1
2914.0, 2859.0, 3686.0, 3350.0, 3089.0, 8.06, 5.8, -2.26, -0.03, -0.09, -0.03
2923.0, 2864.0, 3689.0, 3358.0, 3097.0, 7.9, 5.74, -2.72, -0.0, 0.11, -0.08
2923.0, 2865.0, 3690.0, 3357.0, 3098.0, 8.03, 5.67, -2.57, -0.0, -0.09, 0.02
2935.0, 2867.0, 3686.0, 3355.0, 3094.0, 7.54, 6.06, -2.49, 0.02, -0.03, -0.03
2922.0, 2865.0, 3687.0, 3358.0, 3095.0, 7.82, 5.81, -2.25, -0.09, -0.01, 0.06
2911.0, 2865.0, 3674.0, 3351.0, 3094.0, 7.79, 5.96, -2.45, 0.11, -0.02, -0.06
2921.0, 2864.0, 3684.0, 3355.0, 3090.0, 7.69, 5.98, -2.28, -0.07, -0.09, 0.04
2918.0, 2864.0, 3681.0, 3353.0, 3091.0, 7.66, 5.86, -2.19, 0.08, -0.05, -0.05
