2714.0, 2718.0, 3438.0, 3145.0, 2827.0, 3.87, 4.23, 7.99, 0.02, -0.04, -0.02
2716.0, 2719.0, 3437.0, 3149.0, 2823.0, 3.8, 4.24, 7.98, 0.02, -0.03, -0.02
2722.0, 2717.0, 3437.0, 3149.0, 2831.0, 3.9, 4.1, 8.04, 0.01, -0.04, -0.01
2718.0, 2717.0, 3434.0, 3149.0, 2829.0, 3.9, 4.12, 8.0, 0.01, -0.04, -0.01
2720.0, 2719.0, 3437.0, 3147.0, 2825.0, 3.77, 4.25, 8.01, -0.0, -0.04, -0.0
2729.0, 2706.0, 3440.0, 3139.0, 2828.0, 3.8, 4.26, 7.98, 0.02, -0.03, -0.02
2717.0, 2715.0, 3437.0, 3145.0, 2829.0, 3.87, 4.1, 7.95, 0.0, -0.04, -0.01
2718.0, 2717.0, 3433.0, 3143.0, 2827.0, 3.83, 4.15, 8.0, 0.01, -0.03, -0.02
2715.0, 2720.0, 3432.0, 3147.0, 2829.0, 3.87, 4.1, 7.97, 0.01, -0.04, -0.01
2717.0, 2715.0, 3437.0, 3151.0, 2826.0, 3.85, 4.12, 8.11, 0.05, -0.03, -0.02
2720.0, 2726.0, 3458.0, 3161.0, 2832.0, 3.94, 4.32, 8.95, 0.35, -0.12, -0.11
2727.0, 2765.0, 3504.0, 3200.0, 2846.0, 4.52, 4.1, 9.28, -0.17, -0.38, 0.12
2754.0, 2777.0, 3568.0, 3254.0, 2889.0, 4.09, 6.7, 12.2, 0.63, -0.34, 0.53
2775.0, 2798.0, 3632.0, 3294.0, 2930.0, 6.44, 4.49, 10.48, 0.81, -1.64, 0.77
2827.0, 2843.0, 3734.0, 3379.0, 3000.0, 6.37, 5.04, 9.38, 0.35, -3.03, 0.88
2853.0, 2869.0, 3723.0, 3376.0, 3035.0, 6.06, 6.5, 6.32, 0.03, -2.94, 1.2
2866.0, 2885.0, 3731.0, 3390.0, 3054.0, 7.04, 3.87, 3.85, -0.4, -3.41, 1.46
2883.0, 2897.0, 3753.0, 3399.0, 3069.0, 6.33, 4.5, 1.02, -0.96, -2.84, 1.92
2899.0, 2907.0, 3758.0, 3404.0, 3071.0, 7.7, 0.79, -0.83, 0.34, -2.09, 1.03
2894.0, 2910.0, 3760.0, 3399.0, 3071.0, 7.7, 0.46, -1.67, -0.45, -1.78, 1.62
2901.0, 2913.0, 3760.0, 3405.0, 3071.0, 6.23, -1.02, 0.33, 0.32, -1.54, 0.3
2898.0, 2911.0, 3865.0, 3455.0, 3071.0, 9.01, -2.78, -2.46, 0.17, -0.92, 0.54
2917.0, 2910.0, 3824.0, 3427.0, 3071.0, 8.33, -1.53, -2.93, -0.47, -0.72, 0.4
2902.0, 2906.0, 3762.0, 3394.0, 3071.0, 9.16, -2.52, -3.62, 0.41, 0.11, -1.02
2901.0, 2907.0, 3750.0, 3389.0, 3071.0, 9.74, -2.24, -2.39, -0.43, -0.03, -0.72
2896.0, 2905.0, 3758.0, 3381.0, 3069.0, 9.22, 0.34, -2.17, -0.54, 0.09, -0.9
2896.0, 2902.0, 3733.0, 3376.0, 3069.0, 9.62, 2.44, -2.19, -0.28, -0.07, -1.02
2896.0, 2898.0, 3728.0, 3371.0, 3059.0, 10.02, 3.5, -2.2, -0.06, -0.05, -0.58
2896.0, 2896.0, 3721.0, 3370.0, 3056.0, 9.88, 2.27, -1.78, -0.17, -0.27, -0.15
2896.0, 2896.0, 3718.0, 3367.0, 3056.0, 9.18, 3.63, -2.54, -0.19, 0.14, -0.02
2895.0, 2896.0, 3714.0, 3364.0, 3056.0, 9.73, 2.3, -2.0, 0.14, 0.01, -0.13
2893.0, 2893.0, 3712.0, 3364.0, 3053.0, 9.51, 2.26, -2.05, 0.01, -0.05, -0.03
2895.0, 2896.0, 3715.0, 3362.0, 3055.0, 9.86, 1.99, -2.21, 0.02, 0.02, -0.08
2893.0, 2896.0, 3712.0, 3359.0, 3053.0, 9.6, 2.52, -2.44, -0.11, -0.1, 0.08
2893.0, 2896.0, 3748.0, 3379.0, 3055.0, 9.36, 2.68, -2.2, -0.03, 0.06, -0.04
2896.0, 2894.0, 3785.0, 3395.0, 3051.0, 9.91, 1.84, -2.2, 0.23, 0.05, -0.19
2891.0, 2906.0, 3789.0, 3395.0, 3053.0, 9.74, 1.69, -2.19, -0.07, -0.09, 0.06
2891.0, 2893.0, 3781.0, 3389.0, 3053.0, 9.62, 2.61, -2.33, -0.12, -0.0, 0.06
2893.0, 2895.0, 3708.0, 3359.0, 3050.0, 9.82, 2.16, -2.11, 0.1, -0.03, -0.07
2889.0, 2890.0, 3703.0, 3360.0, 3053.0, 9.74, 2.21, -2.04, 0.03, -0.03, -0.08
2893.0, 2893.0, 3702.0, 3354.0, 3047.0, 9.55, 2.36, -2.23, -0.01, -0.08, -0.01
2887.0, 2891.0, 3701.0, 3353.0, 3047.0, 9.51, 2.54, -2.33, -0.03, -0.07, 0.01
2891.0, 2885.0, 3701.0, 3351.0, 3049.0, 9.55, 2.29, -2.21, 0.04, 0.01, -0.06
2889.0, 2885.0, 3696.0, 3353.0, 3051.0, 9.69, 1.99, -2.16, -0.01, 0.01, -0.05
2889.0, 2884.0, 3695.0, 3350.0, 3047.0, 9.63, 2.34, -2.17, -0.11, -0.03, 0.01
2886.0, 2885.0, 3696.0, 3350.0, 3049.0, 9.67, 2.3, -2.15, -0.05, -0.01, -0.02
2886.0, 2886.0, 3696.0, 3348.0, 3046.0, 9.38, 2.55, -2.09, -0.01, -0.02, -0.01
2887.0, 2887.0, 3691.0, 3349.0, 3046.0, 9.36, 2.65, -2.15, 0.01, -0.02, -0.07
2886.0, 2883.0, 3689.0, 3349.0, 3045.0, 9.73, 2.16, -2.11, 0.1, 0.1, -0.1
2884.0, 2883.0, 3693.0, 3348.0, 3045.0, 9.77, 2.03, -2.15, -0.02, -0.03, 0.01
