2923.0, 2741.0, 3365.0, 3330.0, 3117.0, 8.84, 1.69, -1.36, -0.93, 1.0, -3.48
2914.0, 2737.0, 3280.0, 3299.0, 3104.0, 5.54, 5.39, 0.75, 0.21, 1.84, -3.74
2928.0, 2742.0, 3286.0, 3309.0, 3115.0, 3.29, 7.38, 2.25, 0.31, 0.84, -3.06
2938.0, 2753.0, 3179.0, 3270.0, 3133.0, 1.65, 8.85, 2.79, -0.08, 1.02, -2.48
2941.0, 2752.0, 3179.0, 3264.0, 3135.0, -0.08, 10.46, 4.5, -0.08, 0.64, -1.36
2946.0, 2752.0, 3185.0, 3264.0, 3135.0, 0.14, 11.47, 3.89, 0.14, 0.01, -0.64
2944.0, 2759.0, 3175.0, 3259.0, 3139.0, 1.59, 10.08, 3.05, 0.21, 0.01, -0.24
2942.0, 2753.0, 3179.0, 3250.0, 3136.0, 2.03, 9.51, 2.6, -0.0, -0.21, 0.06
2941.0, 2752.0, 3174.0, 3267.0, 3133.0, 2.31, 9.35, 2.28, 0.0, 0.04, 0.06
2935.0, 2753.0, 3171.0, 3251.0, 3134.0, 2.66, 8.98, 2.57, 0.04, -0.02, 0.05
2927.0, 2750.0, 3167.0, 3263.0, 3115.0, 2.72, 8.77, 2.81, -0.09, -0.09, 0.03
2934.0, 2752.0, 3171.0, 3258.0, 3124.0, 2.57, 9.05, 3.03, -0.01, -0.04, 0.02
2931.0, 2751.0, 3169.0, 3248.0, 3126.0, 2.62, 8.91, 3.14, -0.05, -0.1, -0.02
2929.0, 2750.0, 3173.0, 3251.0, 3121.0, 2.74, 8.85, 3.07, 0.04, -0.11, -0.03
2931.0, 2750.0, 3171.0, 3248.0, 3120.0, 2.6, 9.07, 2.8, 0.09, -0.07, -0.05
2928.0, 2752.0, 3172.0, 3249.0, 3120.0, 2.54, 8.91, 2.85, 0.02, -0.02, -0.09
2928.0, 2749.0, 3172.0, 3249.0, 3119.0, 2.47, 9.18, 2.81, 0.02, -0.12, -0.04
2928.0, 2747.0, 3174.0, 3263.0, 3120.0, 2.28, 9.39, 2.81, 0.03, -0.08, -0.0
2928.0, 2746.0, 3173.0, 3264.0, 3118.0, 2.61, 9.06, 2.62, 0.07, -0.05, -0.0
2926.0, 2747.0, 3176.0, 3246.0, 3120.0, 2.54, 9.09, 2.54, 0.05, -0.02, -0.02
2945.0, 2739.0, 3174.0, 3255.0, 3119.0, 2.56, 9.12, 2.66, 0.02, -0.07, 0.03
2927.0, 2746.0, 3172.0, 3254.0, 3120.0, 2.31, 9.28, 2.81, 0.01, -0.07, 0.04
2927.0, 2747.0, 3173.0, 3249.0, 3120.0, 2.73, 9.05, 2.56, -0.07, -0.12, 0.05
2928.0, 2746.0, 3178.0, 3248.0, 3119.0, 2.67, 8.98, 2.82, 0.14, 0.07, 0.02
2925.0, 2743.0, 3175.0, 3243.0, 3119.0, 2.79, 8.94, 2.59, 0.01, -0.02, -0.03
2926.0, 2745.0, 3175.0, 3246.0, 3117.0, 2.64, 9.06, 2.72, -0.07, -0.11, 0.02
2928.0, 2745.0, 3179.0, 3248.0, 3117.0, 2.34, 9.34, 2.87, 0.04, -0.02, 0.01
2923.0, 2746.0, 3174.0, 3241.0, 3115.0, 2.6, 9.24, 2.65, 0.02, -0.17, 0.11
2925.0, 2746.0, 3178.0, 3248.0, 3115.0, 2.65, 9.1, 2.65, 0.07, -0.11, 0.12
2923.0, 2743.0, 3179.0, 3248.0, 3116.0, 2.99, 8.91, 2.58, 0.06, -0.02, 0.1
2927.0, 2746.0, 3179.0, 3264.0, 3115.0, 3.15, 8.86, 2.4, -0.02, -0.07, 0.08
2923.0, 2745.0, 3183.0, 3247.0, 3115.0, 3.05, 8.87, 2.56, -0.08, -0.06, 0.06
2923.0, 2747.0, 3178.0, 3245.0, 3111.0, 2.94, 9.11, 2.78, -0.04, -0.07, 0.02
2925.0, 2736.0, 3179.0, 3248.0, 3115.0, 3.2, 8.79, 2.39, 0.03, 0.02, 0.03
2923.0, 2747.0, 3182.0, 3248.0, 3114.0, 3.01, 8.98, 2.84, -0.02, -0.09, 0.03
2918.0, 2748.0, 3182.0, 3242.0, 3114.0, 2.92, 9.07, 2.7, 0.01, 0.05, 0.02
2923.0, 2749.0, 3179.0, 3236.0, 3114.0, 3.07, 9.03, 2.65, 0.03, -0.16, 0.05
2913.0, 2736.0, 3184.0, 3248.0, 3088.0, 2.96, 8.92, 2.74, 0.02, -0.06, 0.04
2925.0, 2749.0, 3182.0, 3259.0, 3113.0, 3.29, 8.76, 2.37, 0.07, -0.04, 0.03
2928.0, 2748.0, 3186.0, 3237.0, 3113.0, 3.24, 9.02, 2.61, -0.02, -0.09, 0.03
2923.0, 2747.0, 3181.0, 3237.0, 3113.0, 3.03, 9.07, 2.85, -0.01, -0.02, 0.01
2922.0, 2746.0, 3180.0, 3245.0, 3111.0, 3.25, 8.82, 2.6, 0.06, -0.07, 0.03
2921.0, 2747.0, 3178.0, 3242.0, 3111.0, 3.16, 9.01, 2.58, 0.04, -0.11, 0.04
2921.0, 2741.0, 3177.0, 3246.0, 3111.0, 3.4, 8.78, 2.36, 0.01, 0.01, 0.01
2923.0, 2749.0, 3179.0, 3238.0, 3110.0, 3.33, 8.9, 2.52, 0.02, -0.08, 0.02
2922.0, 2747.0, 3180.0, 3232.0, 3109.0, 3.21, 8.94, 2.57, -0.01, -0.04, 0.02
2922.0, 2749.0, 3181.0, 3256.0, 3113.0, 3.32, 8.84, 2.67, -0.02, -0.14, 0.04
2929.0, 2763.0, 3182.0, 3263.0, 3120.0, 3.29, 9.04, 2.6, 0.07, -0.04, 0.03
