3153.0, 3312.0, 3478.0, 3437.0, 2864.0, -8.98, 3.5, 6.7, 4.37, -2.11, -0.45
3152.0, 3350.0, 3531.0, 3507.0, 2903.0, -10.2, 9.43, 4.41, 4.37, -2.02, 0.29
3150.0, 3366.0, 3579.0, 3571.0, 2945.0, -10.35, 11.68, 1.93, 4.37, -1.79, 2.29
3153.0, 3386.0, 3662.0, 3655.0, 3014.0, -10.53, 13.69, 0.73, 2.17, -0.8, 4.2
3150.0, 3388.0, 3702.0, 3696.0, 3071.0, -9.2, 14.54, 0.4, 1.23, 0.66, 4.37
3161.0, 3408.0, 3803.0, 3744.0, 3119.0, -6.03, 11.98, -0.33, 0.1, 1.97, 4.37
3153.0, 3396.0, 3792.0, 3783.0, 3151.0, -2.89, 8.82, 0.14, 0.34, 2.14, 4.37
3123.0, 3403.0, 3805.0, 3801.0, 3181.0, -0.28, 6.05, -0.95, -0.37, 2.26, 4.37
3101.0, 3378.0, 3796.0, 3792.0, 3205.0, 2.07, 3.48, 0.07, -0.17, 2.11, 4.18
3066.0, 3363.0, 3803.0, 3806.0, 3203.0, 2.8, 1.48, 1.44, -0.37, 2.62, 2.97
3058.0, 3347.0, 3797.0, 3814.0, 3210.0, 4.06, -0.12, 2.81, -0.09, 2.88, 1.91
3056.0, 3333.0, 3801.0, 3793.0, 3214.0, 4.08, -0.33, 4.99, -0.25, 2.81, 1.25
3053.0, 3315.0, 3804.0, 3791.0, 3209.0, 3.63, -0.17, 6.8, 0.39, 3.38, 0.81
3051.0, 3301.0, 3798.0, 3790.0, 3210.0, 2.5, 0.03, 8.24, -0.18, 2.78, 0.6
3051.0, 3280.0, 3795.0, 3785.0, 3204.0, 0.94, -0.4, 9.56, -0.3, 2.36, 0.42
3050.0, 3268.0, 3795.0, 3782.0, 3211.0, -0.04, -0.97, 10.3, -0.64, 1.64, 0.22
3046.0, 3265.0, 3789.0, 3779.0, 3202.0, -0.32, -1.33, 9.64, -0.35, 1.07, 0.08
3046.0, 3262.0, 3788.0, 3781.0, 3201.0, -1.07, -0.36, 9.6, -0.15, 1.14, -0.21
3050.0, 3261.0, 3792.0, 3779.0, 3199.0, -1.61, -0.24, 10.14, -0.15, 0.79, -0.13
3053.0, 3259.0, 3792.0, 3779.0, 3197.0, -1.99, 0.08, 10.81, 0.01, 0.34, 0.03
3050.0, 3257.0, 3786.0, 3775.0, 3198.0, -2.08, 0.15, 10.73, 0.04, 0.21, 0.05
3051.0, 3255.0, 3779.0, 3769.0, 3200.0, -1.78, -0.18, 10.57, -0.02, -0.14, 0.08
3047.0, 3261.0, 3786.0, 3775.0, 3196.0, -1.52, -0.28, 9.83, 0.02, -0.28, 0.02
3055.0, 3257.0, 3780.0, 3766.0, 3197.0, -1.16, -0.1, 9.21, 0.02, -0.29, -0.03
3051.0, 3255.0, 3775.0, 3766.0, 3197.0, -0.77, -0.09, 8.84, 0.02, -0.2, -0.02
3051.0, 3259.0, 3776.0, 3767.0, 3195.0, -0.66, -0.1, 9.09, 0.07, -0.05, -0.01
3053.0, 3258.0, 3776.0, 3765.0, 3195.0, -0.82, -0.08, 9.56, 0.04, 0.04, -0.06
3052.0, 3253.0, 3773.0, 3773.0, 3195.0, -0.84, -0.03, 9.55, 0.1, -0.03, -0.04
3055.0, 3255.0, 3775.0, 3761.0, 3191.0, -0.94, 0.11, 9.6, 0.11, -0.1, -0.03
3052.0, 3251.0, 3771.0, 3769.0, 3197.0, -0.95, 0.28, 9.7, 0.12, -0.1, 0.02
3055.0, 3254.0, 3767.0, 3761.0, 3190.0, -0.91, 0.38, 9.68, 0.07, -0.1, 0.02
3054.0, 3254.0, 3767.0, 3760.0, 3186.0, -0.78, 0.36, 9.62, 0.05, -0.08, 0.04
3056.0, 3253.0, 3769.0, 3760.0, 3189.0, -0.85, 0.43, 9.6, 0.04, -0.07, 0.02
3055.0, 3254.0, 3769.0, 3757.0, 3186.0, -0.85, 0.23, 9.7, 0.01, -0.02, -0.02
3066.0, 3266.0, 3776.0, 3770.0, 3202.0, -0.84, 0.37, 9.62, 0.0, -0.02, -0.02
3056.0, 3259.0, 3767.0, 3757.0, 3185.0, -0.8, 0.31, 9.66, -0.03, -0.02, -0.05
3037.0, 3248.0, 3770.0, 3771.0, 3186.0, -0.8, 0.42, 9.65, -0.01, -0.0, -0.03
3056.0, 3253.0, 3764.0, 3754.0, 3184.0, -0.79, 0.31, 9.54, -0.02, -0.0, 0.0
3056.0, 3253.0, 3765.0, 3760.0, 3184.0, -0.87, 0.27, 9.52, 0.0, 0.0, 0.03
3053.0, 3248.0, 3743.0, 3729.0, 3182.0, -0.84, 0.22, 9.64, -0.02, 0.03, 0.01
3056.0, 3253.0, 3763.0, 3755.0, 3183.0, -0.96, 0.17, 9.54, 0.0, 0.01, 0.01
3056.0, 3255.0, 3766.0, 3755.0, 3184.0, -0.96, 0.15, 9.62, -0.01, -0.01, 0.01
3055.0, 3250.0, 3762.0, 3757.0, 3184.0, -1.02, 0.18, 9.58, -0.02, 0.01, -0.01
3056.0, 3251.0, 3760.0, 3759.0, 3184.0, -1.06, 0.17, 9.49, 0.01, -0.04, 0.01
3056.0, 3249.0, 3763.0, 3750.0, 3183.0, -1.14, 0.28, 9.56, 0.01, -0.04, 0.0
3057.0, 3251.0, 3760.0, 3750.0, 3182.0, -0.97, 0.25, 9.61, -0.01, -0.03, 0.0
3055.0, 3253.0, 3760.0, 3749.0, 3183.0, -0.99, 0.27, 9.54, 0.01, -0.0, 0.02
3055.0, 3253.0, 3760.0, 3708.0, 3181.0, -1.07, 0.29, 9.72, -0.03, -0.01, 0.0
3057.0, 3253.0, 3761.0, 3753.0, 3181.0, -1.08, 0.24, 9.56, -0.05, -0.01, -0.0
3059.0, 3251.0, 3759.0, 3747.0, 3183.0, -1.13, 0.14, 9.57, -0.03, -0.02, -0.0
