3248.0, 3275.0, 3471.0, 3222.0, 2842.0, -1.23, -0.01, 10.13, -0.24, 0.14, -0.07
3245.0, 3259.0, 3423.0, 3242.0, 2837.0, -1.85, 0.04, 9.67, 0.11, 0.1, -0.23
3233.0, 3264.0, 3443.0, 3215.0, 2835.0, -1.56, -0.27, 9.49, -0.0, -0.11, -0.15
3228.0, 3260.0, 3411.0, 3210.0, 2825.0, -1.86, -0.11, 9.57, -0.15, -0.11, -0.17
3216.0, 3253.0, 3405.0, 3213.0, 2838.0, -1.57, -0.32, 9.42, 0.04, -0.12, -0.18
3203.0, 3251.0, 3395.0, 3209.0, 2837.0, -1.52, -0.21, 9.41, -0.04, -0.12, -0.05
3187.0, 3247.0, 3389.0, 3200.0, 2839.0, -1.53, -0.37, 9.61, -0.13, -0.14, -0.01
3169.0, 3231.0, 3383.0, 3194.0, 2837.0, -1.3, -0.53, 9.56, 0.04, -0.04, -0.12
3145.0, 3216.0, 3379.0, 3191.0, 2832.0, -1.17, -0.45, 9.75, -0.04, -0.18, -0.16
3126.0, 3197.0, 3376.0, 3184.0, 2835.0, -0.49, -0.72, 10.87, 0.25, -0.36, -0.51
3103.0, 3182.0, 3362.0, 3179.0, 2832.0, 0.96, 0.46, 14.37, 1.62, -0.48, -1.6
3071.0, 3179.0, 3396.0, 3179.0, 2832.0, 1.62, 3.39, 17.07, 3.52, -1.87, -1.32
3058.0, 3217.0, 3444.0, 3209.0, 2850.0, 1.64, 6.02, 15.31, 4.37, -2.62, -0.69
3056.0, 3376.0, 3790.0, 3297.0, 2882.0, 1.31, 6.25, 12.32, 4.34, -3.25, 0.45
3051.0, 3504.0, 3555.0, 3463.0, 2941.0, 2.4, 8.55, 8.39, 4.37, -3.74, 0.9
3038.0, 3602.0, 3690.0, 3568.0, 3023.0, 3.51, 5.55, 6.64, 3.33, -3.6, 2.26
3035.0, 3677.0, 3775.0, 3648.0, 3118.0, -0.56, 3.34, 4.81, 2.09, -3.32, 1.93
3034.0, 3755.0, 3801.0, 3733.0, 3221.0, 2.8, 3.33, -1.63, 2.88, -2.85, 1.84
3038.0, 3797.0, 3929.0, 3799.0, 3317.0, 3.84, 2.79, -3.29, 2.57, -1.47, 1.79
3046.0, 3813.0, 3869.0, 3821.0, 3378.0, 3.66, 1.95, -6.44, 1.75, -0.67, 1.17
3119.0, 3798.0, 3878.0, 3831.0, 3402.0, 4.88, 1.29, -7.33, 1.26, -0.45, 0.54
3187.0, 3784.0, 3849.0, 3830.0, 3409.0, 6.32, 0.89, -6.62, 0.47, -0.04, 0.23
3200.0, 3751.0, 3861.0, 3826.0, 3393.0, 7.11, 1.79, -6.73, 0.01, 0.14, -0.01
3200.0, 3776.0, 3859.0, 3824.0, 3390.0, 7.73, 2.01, -6.61, -0.04, 0.1, -0.23
3193.0, 3776.0, 3861.0, 3795.0, 3385.0, 7.71, 2.5, -6.45, -0.01, -0.04, -0.23
3200.0, 3767.0, 3859.0, 3814.0, 3382.0, 7.43, 2.82, -6.5, 0.05, -0.11, -0.07
3198.0, 3767.0, 3850.0, 3811.0, 3377.0, 7.75, 2.42, -6.33, 0.05, -0.05, -0.05
3206.0, 3757.0, 3818.0, 3809.0, 3371.0, 7.68, 2.5, -6.42, 0.06, -0.05, -0.11
3202.0, 3761.0, 3846.0, 3803.0, 3371.0, 7.77, 2.92, -6.31, 0.01, -0.09, -0.07
3200.0, 3757.0, 3838.0, 3803.0, 3366.0, 7.37, 2.81, -6.5, 0.01, -0.14, 0.02
3203.0, 3755.0, 3838.0, 3807.0, 3364.0, 7.4, 2.77, -6.37, 0.11, -0.05, -0.02
3201.0, 3751.0, 3842.0, 3798.0, 3364.0, 7.25, 2.92, -6.55, 0.19, 0.02, -0.11
3199.0, 3757.0, 3839.0, 3799.0, 3359.0, 7.56, 2.38, -6.63, 0.16, -0.05, -0.16
3200.0, 3750.0, 3837.0, 3797.0, 3358.0, 7.48, 2.97, -6.64, -0.03, -0.07, 0.02
3198.0, 3746.0, 3834.0, 3793.0, 3354.0, 7.49, 2.74, -6.56, 0.03, -0.03, 0.03
3200.0, 3744.0, 3869.0, 3792.0, 3353.0, 7.32, 2.5, -6.6, 0.01, -0.12, 0.02
3198.0, 3745.0, 3875.0, 3829.0, 3339.0, 7.22, 2.74, -6.64, 0.07, 0.02, -0.06
3206.0, 3742.0, 3877.0, 3792.0, 3350.0, 7.41, 2.54, -6.68, 0.04, -0.01, 0.02
3200.0, 3743.0, 3885.0, 3792.0, 3348.0, 7.32, 2.44, -6.74, 0.05, 0.01, 0.03
3200.0, 3735.0, 3847.0, 3789.0, 3348.0, 7.52, 2.59, -6.31, 0.04, 0.02, -0.01
3200.0, 3734.0, 3831.0, 3782.0, 3349.0, 7.75, 2.49, -6.66, 0.06, -0.05, -0.01
3201.0, 3729.0, 3830.0, 3789.0, 3345.0, 7.46, 2.69, -6.54, 0.05, -0.06, 0.03
3201.0, 3734.0, 3830.0, 3793.0, 3344.0, 7.41, 2.48, -6.42, 0.05, -0.01, 0.01
3200.0, 3733.0, 3827.0, 3789.0, 3344.0, 7.53, 2.25, -6.56, 0.05, -0.03, -0.01
3200.0, 3734.0, 3824.0, 3792.0, 3345.0, 7.41, 2.46, -6.4, 0.02, -0.02, -0.01
3200.0, 3733.0, 3824.0, 3783.0, 3343.0, 7.32, 2.56, -6.55, -0.0, -0.02, 0.01
3200.0, 3733.0, 3835.0, 3780.0, 3342.0, 7.53, 2.33, -6.45, -0.0, -0.03, -0.01
3199.0, 3728.0, 3824.0, 3787.0, 3342.0, 7.56, 2.64, -6.52, -0.01, -0.02, 0.03
3200.0, 3728.0, 3824.0, 3785.0, 3343.0, 7.47, 2.47, -6.62, 0.03, -0.04, -0.0
3200.0, 3729.0, 3823.0, 3779.0, 3342.0, 7.46, 2.33, -6.45, 0.04, -0.03, 0.02
