3248.0, 3275.0, 3449.0, 3306.0, 2847.0, 8.18, 4.19, -4.33, 0.07, -0.01, -0.02
3248.0, 3273.0, 3455.0, 3308.0, 2848.0, 8.22, 4.14, -4.34, 0.04, 0.03, -0.04
3261.0, 3281.0, 3472.0, 3317.0, 2863.0, 8.23, 4.22, -4.25, 0.03, 0.01, -0.03
3259.0, 3281.0, 3466.0, 3321.0, 2862.0, 8.15, 4.25, -4.36, 0.06, -0.02, -0.07
3259.0, 3282.0, 3462.0, 3322.0, 2859.0, 8.07, 4.39, -4.58, 0.03, -0.04, -0.04
3259.0, 3280.0, 3461.0, 3326.0, 2860.0, 8.11, 4.4, -4.42, 0.05, -0.03, -0.02
3258.0, 3278.0, 3459.0, 3329.0, 2862.0, 8.32, 4.27, -4.25, 0.11, -0.06, -0.03
3255.0, 3266.0, 3469.0, 3333.0, 2861.0, 8.05, 4.15, -4.48, 0.1, -0.14, -0.06
3260.0, 3254.0, 3459.0, 3334.0, 2860.0, 7.97, 4.29, -4.65, 0.1, -0.15, -0.05
3264.0, 3242.0, 3460.0, 3337.0, 2863.0, 7.84, 4.44, -4.73, 0.19, -0.16, -0.06
3259.0, 3225.0, 3450.0, 3335.0, 2861.0, 8.0, 3.92, -5.02, 0.15, -0.07, 0.01
3254.0, 3201.0, 3443.0, 3329.0, 2858.0, 7.93, 3.97, -5.05, 0.43, 0.12, -0.33
3248.0, 3177.0, 3440.0, 3313.0, 2845.0, 7.83, 4.08, -5.29, 0.17, 0.27, -0.27
3247.0, 3163.0, 3457.0, 3311.0, 2842.0, 8.49, 4.53, -5.99, 0.02, 0.57, -0.47
3250.0, 3158.0, 3399.0, 3344.0, 2864.0, 8.3, 3.96, -3.57, -0.05, 0.62, -0.22
3258.0, 3170.0, 3606.0, 3406.0, 2927.0, 6.78, 4.9, -5.07, -0.13, 1.04, -0.36
3225.0, 3191.0, 3696.0, 3472.0, 2997.0, 8.54, 4.81, -2.88, 0.06, 0.55, -0.27
3207.0, 3211.0, 3745.0, 3532.0, 3070.0, 7.48, 5.56, -3.12, 0.06, 0.76, -0.29
3198.0, 3222.0, 3777.0, 3566.0, 3107.0, 8.65, 4.85, -2.85, 0.13, 0.71, -0.22
3184.0, 3359.0, 3833.0, 3595.0, 3112.0, 8.67, 5.0, -1.68, 0.34, 0.17, 0.02
3190.0, 3467.0, 3814.0, 3599.0, 3120.0, 8.67, 4.66, -2.63, 0.65, 0.26, -0.12
3190.0, 3521.0, 3825.0, 3630.0, 3135.0, 8.28, 5.58, -2.73, 0.61, 0.24, -0.1
3186.0, 3563.0, 3856.0, 3703.0, 3139.0, 8.29, 5.23, -2.65, 0.93, 0.12, -0.05
3177.0, 3570.0, 3837.0, 3716.0, 3152.0, 8.27, 5.2, -2.35, 0.88, 0.44, 0.41
3157.0, 3612.0, 3839.0, 3723.0, 3161.0, 8.8, 5.07, -3.11, 1.1, -0.02, 0.07
3150.0, 3622.0, 3827.0, 3729.0, 3185.0, 8.87, 4.06, -2.9, 0.52, -0.23, 0.16
3149.0, 3628.0, 3820.0, 3729.0, 3191.0, 8.6, 3.94, -3.31, 0.03, 0.02, -0.03
3126.0, 3607.0, 3811.0, 3728.0, 3201.0, 8.66, 3.77, -3.32, -0.06, 0.06, -0.06
3127.0, 3600.0, 3807.0, 3733.0, 3221.0, 8.57, 4.36, -3.36, -0.01, -0.14, -0.07
3131.0, 3583.0, 3807.0, 3728.0, 3230.0, 8.21, 4.76, -3.25, -0.12, -0.02, -0.03
3133.0, 3579.0, 3803.0, 3725.0, 3227.0, 8.54, 4.57, -3.38, -0.02, -0.12, 0.06
3138.0, 3583.0, 3805.0, 3723.0, 3229.0, 8.59, 4.36, -3.22, 0.02, -0.13, 0.09
3135.0, 3578.0, 3803.0, 3719.0, 3221.0, 8.63, 4.24, -3.26, -0.02, -0.12, 0.06
3131.0, 3574.0, 3798.0, 3711.0, 3216.0, 8.51, 4.28, -3.31, -0.05, -0.17, 0.17
3131.0, 3583.0, 3799.0, 3716.0, 3216.0, 8.52, 4.27, -3.56, -0.01, -0.06, 0.06
3128.0, 3581.0, 3792.0, 3712.0, 3214.0, 8.54, 4.04, -3.54, 0.03, -0.05, 0.09
3125.0, 3583.0, 3791.0, 3710.0, 3211.0, 8.66, 4.04, -3.56, -0.02, 0.02, 0.02
3125.0, 3581.0, 3790.0, 3713.0, 3213.0, 8.67, 4.03, -3.49, 0.03, -0.03, 0.02
3126.0, 3583.0, 3792.0, 3703.0, 3207.0, 8.67, 3.99, -3.4, -0.06, -0.08, 0.04
3127.0, 3581.0, 3791.0, 3705.0, 3205.0, 8.73, 3.97, -3.35, -0.05, -0.11, 0.01
3123.0, 3580.0, 3783.0, 3706.0, 3203.0, 8.63, 4.05, -3.21, -0.05, -0.08, 0.01
3123.0, 3575.0, 3785.0, 3706.0, 3202.0, 8.67, 4.21, -3.37, -0.06, -0.1, 0.02
3122.0, 3581.0, 3785.0, 3702.0, 3200.0, 8.5, 4.1, -3.64, 0.04, -0.13, 0.03
3122.0, 3579.0, 3781.0, 3697.0, 3201.0, 8.64, 4.13, -3.64, 0.0, -0.08, 0.07
3123.0, 3579.0, 3783.0, 3698.0, 3201.0, 8.66, 3.75, -3.52, 0.04, -0.09, 0.04
3122.0, 3574.0, 3779.0, 3698.0, 3199.0, 8.52, 3.95, -3.64, -0.02, -0.09, 0.03
3127.0, 3562.0, 3791.0, 3713.0, 3197.0, 8.8, 4.06, -3.27, -0.08, -0.04, -0.04
3111.0, 3568.0, 3775.0, 3691.0, 3186.0, 8.62, 3.42, -3.65, 0.05, -0.13, 0.07
3113.0, 3568.0, 3767.0, 3690.0, 3186.0, 8.68, 3.62, -3.77, -0.09, -0.07, -0.0
3111.0, 3568.0, 3773.0, 3693.0, 3185.0, 8.67, 4.18, -3.46, -0.04, -0.12, 0.01
3113.0, 3568.0, 3770.0, 3689.0, 3185.0, 8.57, 4.06, -3.38, -0.05, -0.17, 0.01
3108.0, 3562.0, 3776.0, 3691.0, 3185.0, 8.52, 4.15, -3.8, -0.02, -0.18, -0.04
3135.0, 3559.0, 3773.0, 3693.0, 3184.0, 8.62, 4.0, -3.76, -0.1, -0.21, 0.04
3115.0, 3553.0, 3778.0, 3691.0, 3185.0, 8.42, 4.07, -4.14, 0.03, -0.25, -0.06
3114.0, 3556.0, 3771.0, 3687.0, 3184.0, 8.35, 4.28, -4.15, -0.05, -0.2, 0.02
3114.0, 3550.0, 3773.0, 3690.0, 3184.0, 8.48, 4.43, -3.84, -0.01, -0.16, 0.05
3113.0, 3554.0, 3771.0, 3695.0, 3184.0, 8.33, 4.02, -4.16, 0.15, -0.23, 0.04
3114.0, 3545.0, 3767.0, 3688.0, 3184.0, 8.15, 3.71, -4.55, 0.11, -0.18, 0.04
3115.0, 3533.0, 3770.0, 3691.0, 3182.0, 7.99, 3.95, -4.76, 0.01, -0.12, 0.07
3113.0, 3551.0, 3774.0, 3689.0, 3181.0, 8.15, 3.82, -4.86, 0.01, 0.02, 0.01
3111.0, 3549.0, 3763.0, 3691.0, 3179.0, 8.35, 4.04, -4.25, 0.08, 0.1, -0.02
3111.0, 3550.0, 3766.0, 3687.0, 3183.0, 8.66, 4.28, -3.8, 0.15, 0.07, 0.02
3118.0, 3546.0, 3765.0, 3691.0, 3178.0, 8.66, 3.91, -3.18, 0.43, -0.17, 0.29
3114.0, 3542.0, 3767.0, 3696.0, 3179.0, 8.67, 3.11, -4.14, 0.45, -0.33, 0.22
