3797.0, 3136.0, 3465.0, 3273.0, 3444.0, 9.56, 2.67, -0.91, 0.28, -0.22, 0.08
3843.0, 3139.0, 3461.0, 3273.0, 3453.0, 9.39, 2.45, -1.55, 0.25, -0.09, 0.14
3847.0, 3150.0, 3459.0, 3270.0, 3439.0, 9.82, 2.53, -2.17, 0.23, -0.22, 0.17
3839.0, 3139.0, 3459.0, 3273.0, 3436.0, 9.52, 2.33, -2.35, 0.13, -0.14, 0.09
3833.0, 3136.0, 3453.0, 3269.0, 3425.0, 9.24, 2.18, -2.12, 0.13, -0.14, 0.11
3829.0, 3155.0, 3455.0, 3270.0, 3419.0, 9.55, 1.91, -2.16, 0.13, 0.05, 0.01
3826.0, 3136.0, 3450.0, 3265.0, 3423.0, 9.77, 2.08, -2.02, 0.11, -0.03, 0.01
3824.0, 3154.0, 3454.0, 3266.0, 3414.0, 9.71, 2.18, -1.68, 0.1, -0.07, -0.04
3824.0, 3212.0, 3433.0, 3265.0, 3410.0, 9.41, 2.17, -1.73, 0.07, 0.15, -0.08
3819.0, 3138.0, 3451.0, 3265.0, 3409.0, 9.86, 2.34, -1.64, 0.1, 0.03, 0.04
3814.0, 3141.0, 3451.0, 3263.0, 3409.0, 9.79, 2.18, -1.69, 0.07, -0.14, 0.09
3819.0, 3152.0, 3453.0, 3290.0, 3407.0, 9.73, 1.94, -1.84, 0.07, -0.04, 0.11
3818.0, 3139.0, 3450.0, 3264.0, 3406.0, 9.66, 1.92, -2.11, 0.1, -0.13, 0.04
3818.0, 3148.0, 3451.0, 3264.0, 3403.0, 9.59, 1.87, -2.15, 0.07, -0.08, 0.01
3813.0, 3139.0, 3449.0, 3265.0, 3407.0, 9.48, 1.75, -2.16, 0.11, 0.01, 0.06
3809.0, 3184.0, 3448.0, 3263.0, 3402.0, 9.75, 1.71, -2.21, 0.15, 0.1, 0.05
3810.0, 3137.0, 3453.0, 3266.0, 3399.0, 9.64, 1.38, -1.83, 0.12, -0.08, 0.01
3808.0, 3239.0, 3451.0, 3264.0, 3402.0, 9.56, 1.63, -1.83, 0.05, 0.12, -0.02
3807.0, 3146.0, 3446.0, 3261.0, 3402.0, 9.9, 1.75, -1.96, 0.04, -0.03, 0.0
3811.0, 3149.0, 3453.0, 3262.0, 3402.0, 9.7, 1.89, -1.64, 0.03, -0.05, -0.02
3783.0, 3130.0, 3461.0, 3249.0, 3402.0, 9.74, 1.88, -1.87, 0.03, 0.04, 0.04
3809.0, 3157.0, 3449.0, 3265.0, 3397.0, 10.02, 1.98, -2.04, 0.05, -0.11, 0.09
3809.0, 3141.0, 3449.0, 3261.0, 3391.0, 9.59, 1.73, -1.82, 0.13, -0.09, 0.0
3802.0, 3136.0, 3447.0, 3261.0, 3398.0, 9.92, 1.74, -2.15, 0.14, -0.02, 0.04
3803.0, 3141.0, 3446.0, 3264.0, 3395.0, 9.75, 1.63, -2.03, 0.13, -0.11, -0.01
3805.0, 3248.0, 3450.0, 3264.0, 3406.0, 9.72, 1.52, -1.99, 0.08, 0.03, -0.04
3860.0, 3281.0, 3445.0, 3260.0, 3397.0, 10.19, 1.78, -2.12, 0.09, -0.11, -0.02
3760.0, 3184.0, 3447.0, 3248.0, 3393.0, 9.66, 1.83, -1.91, 0.12, -0.04, -0.0
3802.0, 3144.0, 3450.0, 3259.0, 3392.0, 9.84, 1.66, -2.0, 0.13, 0.02, 0.02
3805.0, 3165.0, 3450.0, 3259.0, 3394.0, 9.84, 1.27, -1.99, 0.07, -0.09, -0.01
3802.0, 3216.0, 3453.0, 3259.0, 3391.0, 9.8, 1.52, -1.98, 0.05, -0.08, -0.05
3807.0, 3173.0, 3449.0, 3258.0, 3393.0, 9.85, 1.53, -2.15, -0.02, -0.05, -0.06
3805.0, 3187.0, 3449.0, 3263.0, 3395.0, 9.72, 1.87, -2.31, -0.0, -0.13, -0.02
3808.0, 3152.0, 3447.0, 3258.0, 3393.0, 9.59, 1.89, -2.36, 0.07, -0.04, -0.02
3803.0, 3174.0, 3447.0, 3262.0, 3396.0, 9.8, 1.73, -2.29, 0.04, -0.05, 0.01
3803.0, 3165.0, 3450.0, 3263.0, 3393.0, 9.52, 1.61, -2.19, 0.07, -0.06, 0.0
3790.0, 3152.0, 3451.0, 3261.0, 3392.0, 9.8, 1.5, -2.34, 0.03, -0.04, -0.06
3798.0, 3152.0, 3454.0, 3262.0, 3392.0, 9.68, 1.62, -2.31, 0.03, -0.03, -0.1
3781.0, 3184.0, 3450.0, 3260.0, 3390.0, 9.62, 1.84, -2.33, 0.02, 0.02, -0.08
3802.0, 3149.0, 3450.0, 3261.0, 3395.0, 9.57, 2.0, -2.2, 0.08, 0.01, -0.08
3835.0, 3130.0, 3453.0, 3259.0, 3391.0, 9.81, 2.16, -2.25, 0.11, 0.09, -0.04
3799.0, 3159.0, 3446.0, 3263.0, 3389.0, 9.9, 1.85, -1.97, 0.04, 0.02, 0.08
3798.0, 3150.0, 3453.0, 3259.0, 3391.0, 9.96, 1.71, -1.93, 0.06, 0.06, 0.09
3795.0, 3152.0, 3451.0, 3258.0, 3391.0, 9.83, 1.7, -1.94, 0.1, -0.04, 0.03
3791.0, 3161.0, 3449.0, 3258.0, 3391.0, 9.53, 1.48, -1.66, 0.09, -0.06, -0.01
3792.0, 3169.0, 3451.0, 3260.0, 3391.0, 9.68, 1.29, -2.08, 0.06, -0.08, -0.07
3795.0, 3197.0, 3451.0, 3258.0, 3390.0, 9.75, 1.43, -2.53, -0.03, -0.05, -0.05
3797.0, 3163.0, 3449.0, 3258.0, 3391.0, 9.89, 1.75, -2.4, -0.07, 0.04, -0.1
3793.0, 3153.0, 3449.0, 3255.0, 3391.0, 9.79, 2.15, -1.99, -0.06, 0.08, -0.05
3837.0, 3279.0, 3446.0, 3261.0, 3387.0, 9.62, 2.05, -1.68, 0.02, 0.04, 0.03
