3145.0, 3314.0, 3380.0, 3228.0, 2794.0, 8.07, 3.17, -5.46, 0.01, -0.01, -0.01
3155.0, 3330.0, 3394.0, 3243.0, 2802.0, 8.04, 3.12, -5.32, -0.01, -0.04, -0.01
3152.0, 3326.0, 3392.0, 3237.0, 2800.0, 8.17, 3.15, -5.45, 0.0, -0.01, -0.01
3152.0, 3327.0, 3392.0, 3237.0, 2799.0, 8.07, 3.16, -5.33, 0.02, -0.05, -0.01
3153.0, 3329.0, 3386.0, 3239.0, 2800.0, 8.12, 3.18, -5.22, 0.01, 0.01, -0.01
3153.0, 3328.0, 3387.0, 3238.0, 2799.0, 8.16, 3.04, -5.38, 0.01, -0.07, -0.02
3155.0, 3329.0, 3389.0, 3237.0, 2800.0, 8.11, 3.13, -5.46, -0.0, -0.02, 0.0
3157.0, 3330.0, 3392.0, 3237.0, 2800.0, 8.13, 3.19, -5.27, 0.02, -0.05, -0.01
3154.0, 3330.0, 3390.0, 3239.0, 2799.0, 8.1, 3.17, -5.35, 0.02, -0.02, 0.0
3156.0, 3333.0, 3394.0, 3237.0, 2798.0, 8.14, 3.1, -5.4, -0.01, -0.03, -0.01
3156.0, 3331.0, 3401.0, 3239.0, 2791.0, 8.14, 3.25, -5.19, -0.01, -0.0, 0.02
3158.0, 3333.0, 3427.0, 3234.0, 2800.0, 8.12, 3.24, -5.3, 0.01, -0.04, 0.02
3159.0, 3329.0, 3445.0, 3231.0, 2798.0, 8.12, 3.07, -5.28, 0.01, -0.01, 0.06
3158.0, 3330.0, 3473.0, 3235.0, 2799.0, 8.11, 3.01, -5.36, 0.03, -0.0, 0.02
3159.0, 3331.0, 3487.0, 3236.0, 2799.0, 8.2, 3.09, -5.3, 0.02, 0.03, 0.02
3158.0, 3331.0, 3427.0, 3235.0, 2798.0, 8.11, 3.13, -5.3, -0.0, 0.02, 0.08
3159.0, 3331.0, 3392.0, 3247.0, 2797.0, 8.47, 2.96, -5.41, 0.13, 0.13, 0.07
3159.0, 3335.0, 3381.0, 3302.0, 2799.0, 8.08, 3.06, -5.06, -0.05, 0.23, 0.2
3151.0, 3356.0, 3387.0, 3323.0, 2786.0, 8.62, 2.7, -5.08, 0.13, 0.12, 0.04
3152.0, 3334.0, 3392.0, 3328.0, 2786.0, 8.56, 2.59, -4.7, -0.0, -0.14, 0.06
3151.0, 3333.0, 3397.0, 3328.0, 2786.0, 8.52, 2.66, -4.99, 0.01, -0.09, 0.01
3152.0, 3339.0, 3394.0, 3318.0, 2785.0, 8.37, 2.66, -5.2, 0.02, -0.13, -0.02
3153.0, 3334.0, 3395.0, 3310.0, 2784.0, 8.24, 2.7, -5.22, -0.1, -0.18, 0.03
3152.0, 3333.0, 3398.0, 3297.0, 2791.0, 8.42, 2.94, -5.53, -0.48, -0.01, 0.36
3154.0, 3423.0, 3550.0, 3393.0, 2787.0, 9.24, 2.81, -6.06, -0.66, 0.69, 0.56
3330.0, 3524.0, 3675.0, 3579.0, 2794.0, 8.65, 4.24, -7.05, -3.08, 2.71, -0.4
3467.0, 3615.0, 3670.0, 3695.0, 2806.0, 7.94, 2.54, -3.7, -2.69, 4.37, -1.58
3550.0, 3670.0, 3728.0, 3728.0, 2812.0, 7.67, 5.56, 3.89, -2.44, 4.06, -1.15
3533.0, 3692.0, 3759.0, 3733.0, 2801.0, 5.04, 4.84, 3.44, -1.74, 4.37, -1.44
3451.0, 3660.0, 3741.0, 3728.0, 2791.0, 4.69, 3.88, 7.03, -0.95, 4.37, -0.09
3408.0, 3652.0, 3739.0, 3719.0, 2822.0, 1.61, 6.66, 8.51, 0.71, 4.3, 1.14
3393.0, 3651.0, 3734.0, 3718.0, 2903.0, -0.9, 6.15, 8.65, 0.92, 2.82, 1.73
3375.0, 3643.0, 3726.0, 3707.0, 2891.0, -0.96, 7.28, 9.77, 1.03, 1.32, 2.38
3391.0, 3645.0, 3718.0, 3714.0, 2863.0, -0.93, 6.26, 10.27, 1.18, -1.94, 2.81
3495.0, 3680.0, 3808.0, 3745.0, 2841.0, 0.8, 6.68, 7.68, 4.01, -4.37, 3.48
3497.0, 3686.0, 3727.0, 3745.0, 2839.0, 5.23, 4.68, 2.0, 3.44, -4.37, 4.24
3605.0, 3663.0, 3712.0, 3719.0, 2823.0, 5.1, 3.06, -0.14, -0.2, -3.81, 3.12
3495.0, 3648.0, 3703.0, 3707.0, 2803.0, 9.46, 1.24, -3.38, -0.19, -0.61, 0.73
3504.0, 3638.0, 3697.0, 3698.0, 2817.0, 10.24, 2.33, -4.37, -0.22, -0.62, 0.49
3495.0, 3647.0, 3697.0, 3700.0, 2800.0, 8.67, 3.84, -2.62, -0.14, -0.22, 0.06
3494.0, 3639.0, 3699.0, 3696.0, 2805.0, 8.99, 3.63, -2.75, -0.17, 0.25, -0.01
3489.0, 3643.0, 3775.0, 3697.0, 2799.0, 9.52, 2.98, -2.73, 0.07, -0.13, 0.01
3485.0, 3642.0, 3749.0, 3699.0, 2800.0, 9.0, 3.49, -2.39, -0.27, 0.09, 0.08
3482.0, 3639.0, 3699.0, 3703.0, 2799.0, 9.36, 2.97, -2.75, -0.04, 0.08, -0.09
3477.0, 3638.0, 3697.0, 3696.0, 2799.0, 8.86, 3.28, -2.31, -0.07, -0.12, -0.01
3472.0, 3634.0, 3697.0, 3696.0, 2798.0, 9.11, 3.66, -2.46, -0.06, -0.02, 0.04
3472.0, 3634.0, 3697.0, 3697.0, 2800.0, 9.37, 3.0, -2.01, 0.03, -0.04, 0.01
3471.0, 3637.0, 3697.0, 3694.0, 2799.0, 9.2, 3.34, -2.46, -0.01, -0.07, 0.03
3471.0, 3637.0, 3747.0, 3696.0, 2799.0, 9.22, 3.15, -2.4, -0.01, 0.01, 0.0
3469.0, 3632.0, 3741.0, 3697.0, 2799.0, 9.25, 3.09, -2.62, -0.01, -0.14, -0.01
3459.0, 3632.0, 3728.0, 3696.0, 2800.0, 9.06, 3.43, -2.44, -0.07, -0.02, 0.0
3466.0, 3632.0, 3714.0, 3691.0, 2800.0, 9.23, 3.44, -2.6, -0.0, -0.03, -0.02
3471.0, 3637.0, 3724.0, 3696.0, 2795.0, 9.22, 3.38, -2.58, -0.0, -0.09, 0.0
3467.0, 3641.0, 3747.0, 3698.0, 2801.0, 9.16, 3.21, -2.48, -0.02, -0.06, -0.01
3465.0, 3631.0, 3728.0, 3695.0, 2797.0, 9.28, 3.33, -2.64, 0.01, 0.01, -0.02
3466.0, 3627.0, 3712.0, 3697.0, 2785.0, 9.32, 3.35, -2.55, -0.0, -0.11, -0.0
3467.0, 3631.0, 3721.0, 3693.0, 2800.0, 9.2, 3.42, -2.53, -0.02, -0.05, 0.01
3462.0, 3627.0, 3714.0, 3680.0, 2798.0, 9.17, 3.3, -2.6, 0.03, -0.06, -0.02
3466.0, 3629.0, 3723.0, 3692.0, 2800.0, 9.21, 3.29, -2.58, 0.0, -0.04, 0.0
