3203.0, 3051.0, 3225.0, 3031.0, 2778.0, 0.2, 2.89, 9.24, 0.01, -0.03, -0.01
3202.0, 3053.0, 3222.0, 3029.0, 2773.0, 0.17, 2.91, 9.22, 0.02, -0.03, -0.01
3203.0, 3051.0, 3225.0, 3026.0, 2778.0, 0.36, 2.72, 9.51, 0.05, 0.06, -0.03
3201.0, 3066.0, 3226.0, 3030.0, 2774.0, -0.02, 3.96, 12.54, 1.03, 0.9, -0.25
3219.0, 3150.0, 3257.0, 3118.0, 2773.0, -0.7, 2.22, 10.16, -0.31, -0.76, 0.27
3211.0, 3216.0, 3373.0, 3354.0, 2851.0, -1.39, 4.36, 10.31, 1.23, -1.29, 0.2
3245.0, 3251.0, 3618.0, 3626.0, 3003.0, 0.88, 5.61, 8.16, 1.35, -0.79, 1.13
3257.0, 3244.0, 3734.0, 3706.0, 3195.0, -0.23, 5.01, 8.17, 1.46, -0.31, 1.45
3342.0, 3205.0, 3766.0, 3718.0, 3253.0, 1.23, 5.8, 7.18, 0.28, -1.06, 1.85
3365.0, 3181.0, 3777.0, 3728.0, 3277.0, 2.85, 4.46, 7.87, 0.19, -0.97, 1.77
3371.0, 3159.0, 3774.0, 3718.0, 3269.0, 4.32, 2.71, 6.52, 0.57, -0.75, 1.48
3365.0, 3145.0, 3775.0, 3712.0, 3262.0, 5.4, 2.73, 5.94, 0.56, -0.0, 1.08
3347.0, 3135.0, 3765.0, 3696.0, 3249.0, 5.42, 2.27, 6.68, 0.21, -0.19, 0.72
3357.0, 3130.0, 3765.0, 3692.0, 3241.0, 6.54, 1.7, 6.44, -0.02, -0.09, 0.27
3374.0, 3122.0, 3763.0, 3685.0, 3239.0, 6.92, 1.2, 6.83, -0.16, -0.46, -0.24
3406.0, 3131.0, 3798.0, 3696.0, 3227.0, 6.33, 1.57, 6.97, -0.46, -0.35, -0.87
3421.0, 3120.0, 3767.0, 3673.0, 3223.0, 6.12, 2.49, 7.35, -0.46, -0.59, -1.29
3418.0, 3126.0, 3764.0, 3675.0, 3230.0, 4.82, 3.79, 7.64, -0.54, -0.67, -1.62
3408.0, 3117.0, 3753.0, 3661.0, 3215.0, 4.76, 4.88, 6.46, -0.35, -0.4, -1.52
3399.0, 3117.0, 3749.0, 3656.0, 3207.0, 3.98, 5.98, 6.87, -0.42, -0.35, -1.3
3386.0, 3114.0, 3742.0, 3653.0, 3201.0, 4.19, 5.84, 5.86, 0.25, 0.16, -1.06
3383.0, 3110.0, 3741.0, 3648.0, 3200.0, 3.58, 7.45, 6.21, -0.24, -0.16, -0.71
3376.0, 3113.0, 3741.0, 3647.0, 3200.0, 3.3, 7.85, 5.92, 0.21, 0.23, -0.31
3376.0, 3109.0, 3737.0, 3642.0, 3198.0, 3.22, 7.86, 5.2, -0.07, 0.45, 0.18
3375.0, 3114.0, 3739.0, 3677.0, 3195.0, 3.43, 6.63, 5.16, -0.1, 0.71, 0.51
3371.0, 3059.0, 3731.0, 3643.0, 3190.0, 3.03, 6.19, 4.76, 0.2, 1.26, 0.64
3387.0, 3122.0, 3740.0, 3642.0, 3200.0, 1.87, 6.34, 5.93, 0.29, 1.74, 0.86
3371.0, 3122.0, 3737.0, 3638.0, 3193.0, 1.35, 5.44, 8.25, 0.1, 1.87, 0.91
3357.0, 3113.0, 3728.0, 3625.0, 3183.0, 1.27, 4.84, 10.16, 0.14, 1.17, 1.14
3383.0, 3117.0, 3729.0, 3632.0, 3186.0, 1.44, 4.03, 10.21, 0.09, 1.01, 0.64
3395.0, 3137.0, 3725.0, 3629.0, 3182.0, 2.09, 2.84, 10.75, -0.09, 0.52, 0.28
3408.0, 3119.0, 3728.0, 3630.0, 3181.0, 2.4, 2.2, 10.95, -0.06, 0.06, -0.37
3411.0, 3117.0, 3725.0, 3631.0, 3179.0, 2.27, 3.04, 9.01, -0.07, -0.48, -0.82
3418.0, 3120.0, 3728.0, 3631.0, 3183.0, 1.25, 3.99, 8.11, -0.37, -0.61, -1.12
3415.0, 3119.0, 3715.0, 3632.0, 3183.0, 1.41, 4.49, 8.29, -0.51, -0.37, -1.17
3415.0, 3119.0, 3720.0, 3629.0, 3180.0, 0.37, 5.11, 9.03, -0.15, -0.63, -0.96
3418.0, 3120.0, 3721.0, 3627.0, 3175.0, 0.38, 4.98, 8.36, -0.39, -0.39, -1.05
3412.0, 3119.0, 3726.0, 3623.0, 3179.0, 0.87, 4.93, 7.92, -0.2, -0.38, -0.95
3411.0, 3119.0, 3722.0, 3623.0, 3175.0, 0.48, 4.85, 7.8, -0.13, 0.0, -0.86
3408.0, 3115.0, 3717.0, 3621.0, 3173.0, -0.07, 5.43, 8.56, -0.24, -0.02, -0.64
3406.0, 3117.0, 3718.0, 3622.0, 3172.0, 0.07, 5.31, 8.81, 0.01, 0.09, -0.48
3405.0, 3119.0, 3725.0, 3621.0, 3172.0, -0.02, 5.27, 8.79, -0.15, -0.18, -0.12
3403.0, 3121.0, 3718.0, 3602.0, 3170.0, -0.18, 5.04, 8.84, -0.04, 0.0, -0.03
3399.0, 3119.0, 3709.0, 3623.0, 3170.0, 0.3, 4.5, 8.67, -0.01, 0.04, 0.01
3401.0, 3118.0, 3718.0, 3637.0, 3168.0, 0.34, 4.38, 8.84, 0.01, 0.0, 0.04
3403.0, 3119.0, 3716.0, 3618.0, 3170.0, 0.34, 4.29, 8.82, 0.01, 0.0, 0.04
3401.0, 3118.0, 3715.0, 3603.0, 3158.0, 0.39, 4.19, 8.65, 0.04, -0.06, 0.04
3401.0, 3119.0, 3717.0, 3617.0, 3167.0, 0.35, 4.35, 8.61, -0.03, 0.02, -0.01
3401.0, 3119.0, 3715.0, 3620.0, 3167.0, 0.3, 4.38, 8.73, -0.04, -0.09, 0.04
3397.0, 3117.0, 3713.0, 3615.0, 3161.0, 0.24, 4.15, 8.84, -0.11, 0.0, 0.03
3397.0, 3116.0, 3701.0, 3616.0, 3162.0, 0.55, 4.01, 8.63, 0.02, -0.04, 0.02
