3424.0, 3504.0, 3644.0, 3571.0, 2823.0, 9.43, 0.33, 3.01, -0.01, -0.04, -0.01
3419.0, 3504.0, 3645.0, 3570.0, 2822.0, 9.34, 0.29, 3.0, -0.02, 0.04, 0.01
3419.0, 3506.0, 3646.0, 3557.0, 2825.0, 9.62, -0.01, 2.93, 0.03, 0.04, 0.02
3418.0, 3503.0, 3642.0, 3570.0, 2823.0, 9.44, 0.16, 3.24, -0.01, 0.04, 0.02
3408.0, 3479.0, 3642.0, 3568.0, 2821.0, 9.54, -0.01, 3.41, -0.02, 0.0, 0.03
3417.0, 3504.0, 3641.0, 3569.0, 2821.0, 9.45, -0.07, 3.37, -0.04, -0.05, -0.01
3414.0, 3501.0, 3644.0, 3489.0, 2819.0, 9.49, 0.09, 3.24, -0.04, -0.04, -0.03
3411.0, 3502.0, 3667.0, 3569.0, 2822.0, 9.5, -0.04, 3.34, -0.02, -0.04, -0.03
3408.0, 3435.0, 3639.0, 3583.0, 2822.0, 9.55, 0.07, 3.26, 0.02, -0.06, -0.04
3413.0, 3502.0, 3643.0, 3542.0, 2823.0, 9.37, 0.18, 3.28, 0.02, -0.05, -0.04
3410.0, 3503.0, 3640.0, 3571.0, 2822.0, 9.52, 0.27, 3.17, 0.08, -0.05, -0.04
3408.0, 3497.0, 3639.0, 3565.0, 2820.0, 9.55, 0.34, 3.2, 0.08, -0.05, 0.01
3407.0, 3519.0, 3609.0, 3570.0, 2819.0, 9.44, 0.35, 3.15, 0.09, -0.04, 0.02
3414.0, 3502.0, 3643.0, 3572.0, 2821.0, 9.53, 0.2, 3.16, 0.14, -0.06, 0.02
3411.0, 3499.0, 3639.0, 3570.0, 2823.0, 9.47, 0.28, 2.98, 0.09, -0.0, 0.03
3410.0, 3500.0, 3636.0, 3574.0, 2820.0, 9.45, 0.26, 3.22, 0.11, 0.02, 0.02
3412.0, 3498.0, 3642.0, 3574.0, 2823.0, 9.52, 0.12, 3.34, 0.07, -0.06, 0.03
3411.0, 3501.0, 3641.0, 3574.0, 2818.0, 9.41, 0.18, 3.16, 0.06, -0.07, 0.0
3419.0, 3499.0, 3633.0, 3600.0, 2820.0, 9.46, 0.22, 3.08, 0.02, -0.08, 0.0
3394.0, 3539.0, 3637.0, 3575.0, 2822.0, 9.42, 0.27, 3.2, -0.01, -0.07, -0.01
3408.0, 3495.0, 3641.0, 3573.0, 2823.0, 9.48, 0.18, 3.12, 0.02, -0.07, -0.02
3409.0, 3501.0, 3636.0, 3573.0, 2822.0, 9.49, 0.26, 3.02, 0.02, -0.06, -0.01
3406.0, 3501.0, 3639.0, 3573.0, 2820.0, 9.45, 0.2, 3.0, 0.04, -0.02, -0.02
3408.0, 3499.0, 3638.0, 3570.0, 2821.0, 9.55, 0.3, 2.88, -0.01, -0.01, -0.0
3400.0, 3514.0, 3639.0, 3571.0, 2819.0, 9.44, 0.25, 3.22, 0.02, -0.01, 0.01
3408.0, 3495.0, 3641.0, 3574.0, 2819.0, 9.52, 0.36, 3.11, 0.02, 0.0, 0.02
3408.0, 3500.0, 3639.0, 3570.0, 2821.0, 9.56, 0.26, 3.11, 0.04, 0.02, 0.02
3405.0, 3491.0, 3635.0, 3570.0, 2819.0, 9.5, 0.29, 3.16, 0.02, 0.02, 0.04
3408.0, 3498.0, 3626.0, 3569.0, 2818.0, 9.42, 0.18, 3.31, 0.0, -0.04, 0.03
3408.0, 3493.0, 3638.0, 3570.0, 2821.0, 9.5, 0.08, 3.29, -0.01, -0.01, 0.02
3410.0, 3471.0, 3632.0, 3562.0, 2831.0, 9.46, -0.01, 3.26, -0.01, -0.03, 0.01
3397.0, 3494.0, 3638.0, 3570.0, 2819.0, 9.46, 0.19, 3.23, -0.02, -0.05, 0.01
3402.0, 3493.0, 3639.0, 3569.0, 2819.0, 9.44, 0.12, 3.23, 0.03, -0.01, 0.01
3417.0, 3493.0, 3635.0, 3573.0, 2851.0, 9.46, 0.12, 3.1, 0.02, -0.01, 0.02
3405.0, 3491.0, 3546.0, 3575.0, 2820.0, 9.48, -0.08, 3.3, 0.01, -0.03, 0.01
3407.0, 3493.0, 3635.0, 3571.0, 2819.0, 9.5, 0.02, 3.31, -0.01, -0.0, 0.02
3405.0, 3490.0, 3634.0, 3571.0, 2822.0, 9.48, 0.11, 3.31, 0.02, -0.04, -0.0
3408.0, 3497.0, 3634.0, 3570.0, 2819.0, 9.42, 0.06, 3.2, 0.02, -0.02, -0.02
3408.0, 3488.0, 3602.0, 3568.0, 2819.0, 9.41, 0.1, 3.24, 0.02, -0.03, -0.01
3406.0, 3489.0, 3633.0, 3568.0, 2819.0, 9.48, 0.1, 3.25, 0.02, -0.01, -0.0
3402.0, 3493.0, 3636.0, 3575.0, 2823.0, 9.42, 0.17, 3.27, 0.0, -0.05, 0.0
3403.0, 3489.0, 3633.0, 3568.0, 2819.0, 9.49, -0.0, 3.26, 0.05, -0.02, -0.0
3405.0, 3490.0, 3633.0, 3571.0, 2825.0, 9.51, 0.07, 3.3, 0.02, -0.04, -0.01
3397.0, 3490.0, 3639.0, 3575.0, 2811.0, 9.46, 0.07, 3.34, 0.04, -0.01, -0.01
3402.0, 3495.0, 3635.0, 3573.0, 2821.0, 9.44, 0.11, 3.36, -0.0, -0.06, -0.0
3406.0, 3485.0, 3631.0, 3568.0, 2821.0, 9.38, 0.15, 3.27, 0.06, -0.04, -0.02
3403.0, 3489.0, 3634.0, 3552.0, 2826.0, 9.46, 0.16, 3.21, 0.0, -0.03, -0.0
3399.0, 3488.0, 3632.0, 3573.0, 2818.0, 9.45, 0.1, 3.28, 0.02, -0.04, -0.01
3404.0, 3486.0, 3635.0, 3571.0, 2833.0, 9.46, 0.13, 3.32, 0.02, -0.03, -0.01
3397.0, 3488.0, 3632.0, 3571.0, 2821.0, 9.42, 0.15, 3.38, 0.03, -0.06, -0.01
3450.0, 3487.0, 3632.0, 3568.0, 2819.0, 9.52, 0.01, 3.14, 0.02, -0.03, -0.02
