2559.0, 2609.0, 3275.0, 3171.0, 2775.0, 0.63, 2.9, 9.16, 0.0, -0.03, -0.01
2559.0, 2608.0, 3273.0, 3169.0, 2774.0, 0.6, 2.84, 9.31, 0.01, -0.04, -0.01
2581.0, 2609.0, 3269.0, 3169.0, 2778.0, 0.64, 2.86, 9.15, 0.0, -0.04, -0.01
2559.0, 2607.0, 3221.0, 3168.0, 2789.0, 0.62, 2.86, 9.15, 0.01, -0.03, -0.02
2559.0, 2608.0, 3271.0, 3169.0, 2773.0, 0.66, 2.88, 9.21, 0.0, -0.04, -0.01
2559.0, 2608.0, 3271.0, 3170.0, 2771.0, 0.62, 2.81, 9.17, 0.02, -0.04, -0.0
2582.0, 2608.0, 3274.0, 3166.0, 2783.0, 0.65, 2.9, 9.18, 0.01, -0.03, -0.0
2559.0, 2607.0, 3280.0, 3178.0, 2777.0, 0.64, 2.77, 9.2, 0.01, -0.03, -0.01
2559.0, 2608.0, 3271.0, 3165.0, 2775.0, 0.64, 2.9, 9.21, -0.0, -0.04, -0.01
2559.0, 2609.0, 3271.0, 3174.0, 2775.0, 0.56, 2.9, 9.14, 0.0, -0.04, -0.01
2559.0, 2608.0, 3268.0, 3173.0, 2773.0, 0.56, 2.88, 9.12, 0.01, -0.03, -0.01
2559.0, 2608.0, 3269.0, 3173.0, 2775.0, 0.65, 2.8, 9.26, 0.0, -0.03, -0.01
2559.0, 2608.0, 3271.0, 3126.0, 2773.0, 0.79, 2.81, 9.35, -0.0, 0.04, -0.04
2559.0, 2608.0, 3277.0, 3179.0, 2775.0, 0.74, 3.9, 11.55, -0.32, 0.44, 0.16
2559.0, 2639.0, 3344.0, 3229.0, 2774.0, 0.7, 2.39, 12.73, -0.37, -1.53, 0.75
2583.0, 2690.0, 3380.0, 3290.0, 2794.0, 0.63, 2.64, 12.75, 0.54, -0.32, -0.02
2589.0, 2695.0, 3403.0, 3312.0, 2800.0, -0.11, 2.7, 12.28, 0.97, -0.94, 0.12
2594.0, 2702.0, 3503.0, 3392.0, 2814.0, 0.95, 1.19, 6.75, 1.02, -2.36, 0.77
2608.0, 2703.0, 3554.0, 3472.0, 2859.0, -5.29, 4.31, 19.61, -1.15, -4.37, 0.25
2627.0, 2688.0, 3695.0, 3581.0, 2895.0, 5.16, 2.45, 3.91, -3.08, -4.37, 0.45
2655.0, 2697.0, 3742.0, 3575.0, 2949.0, 6.57, 1.56, 1.51, -3.45, -4.37, 0.19
2678.0, 2715.0, 3775.0, 3649.0, 3010.0, 8.3, 2.76, -0.28, -1.86, -3.04, -0.46
2695.0, 2726.0, 3799.0, 3621.0, 3033.0, 8.54, 2.47, -1.65, -0.69, -2.33, -0.62
2743.0, 2762.0, 3875.0, 3668.0, 3040.0, 8.26, 2.91, -3.17, -0.88, -1.5, -0.48
2699.0, 2736.0, 3805.0, 3628.0, 3043.0, 8.69, 3.96, -4.02, -1.04, -0.9, -0.3
2693.0, 2719.0, 3794.0, 3617.0, 3035.0, 8.98, 3.46, -3.5, -0.37, -0.88, -0.17
2695.0, 2719.0, 3805.0, 3627.0, 3035.0, 8.76, 3.31, -3.17, -0.21, -0.52, -0.07
2919.0, 2868.0, 4007.0, 3747.0, 3034.0, 9.29, 2.66, -3.52, -0.03, -0.39, -0.12
2688.0, 2707.0, 3798.0, 3626.0, 3037.0, 9.11, 2.8, -3.89, -0.27, -0.15, 0.03
2685.0, 2709.0, 3789.0, 3612.0, 3034.0, 8.88, 3.11, -3.55, -0.02, -0.21, 0.08
2704.0, 2704.0, 3792.0, 3634.0, 3040.0, 9.32, 3.08, -3.32, 0.09, -0.05, -0.0
2690.0, 2709.0, 3791.0, 3616.0, 3039.0, 8.96, 2.37, -3.42, 0.1, -0.11, 0.1
2722.0, 2731.0, 3794.0, 3685.0, 3058.0, 9.3, 2.44, -3.43, 0.33, -0.09, 0.06
2698.0, 2717.0, 3798.0, 3619.0, 3056.0, 9.52, 2.53, -3.76, 0.35, -0.54, 0.19
2734.0, 2742.0, 3866.0, 3660.0, 3068.0, 8.89, 2.49, -3.56, 0.27, -0.33, 0.16
2720.0, 2737.0, 3827.0, 3643.0, 3088.0, 9.4, 1.66, -4.62, 0.22, -0.05, 0.02
2721.0, 2739.0, 3809.0, 3696.0, 3090.0, 8.9, 1.56, -4.18, 0.07, -0.09, 0.02
2766.0, 2768.0, 3887.0, 3671.0, 3101.0, 9.14, 2.26, -3.97, 0.1, -0.27, 0.11
2736.0, 2754.0, 3841.0, 3647.0, 3117.0, 8.94, 1.94, -4.32, 0.16, -0.27, 0.12
2768.0, 2777.0, 3877.0, 3665.0, 3119.0, 9.49, 1.62, -4.91, 0.13, -0.23, 0.05
2726.0, 2737.0, 3792.0, 3622.0, 3120.0, 8.89, 1.97, -4.53, 0.13, -0.24, 0.1
2721.0, 2745.0, 3789.0, 3619.0, 3125.0, 8.71, 1.6, -4.26, 0.04, 0.0, 0.01
2718.0, 2743.0, 3783.0, 3618.0, 3126.0, 9.05, 1.62, -5.05, -0.07, -0.03, 0.06
2724.0, 2741.0, 3765.0, 3651.0, 3120.0, 8.94, 1.55, -4.65, 0.11, -0.16, 0.02
2719.0, 2741.0, 3779.0, 3611.0, 3120.0, 8.45, 1.54, -4.42, 0.03, 0.15, -0.04
2711.0, 2736.0, 3775.0, 3645.0, 3099.0, 9.15, 1.47, -4.94, 0.03, 0.04, -0.04
2713.0, 2736.0, 3773.0, 3612.0, 3120.0, 8.95, 1.64, -4.68, 0.15, -0.2, 0.04
2711.0, 2736.0, 3776.0, 3605.0, 3118.0, 8.65, 2.05, -4.54, 0.11, 0.06, -0.02
2715.0, 2737.0, 3770.0, 3609.0, 3118.0, 9.1, 1.43, -4.69, 0.12, -0.07, 0.01
2710.0, 2736.0, 3774.0, 3613.0, 3115.0, 9.04, 1.23, -4.49, 0.1, -0.19, 0.02
2707.0, 2736.0, 3771.0, 3602.0, 3110.0, 8.73, 1.36, -4.54, 0.06, 0.0, -0.03
