2701.0, 2720.0, 3478.0, 3166.0, 2800.0, 2.85, 4.69, 8.08, -0.0, -0.05, -0.0
2717.0, 2719.0, 3473.0, 3163.0, 2801.0, 2.75, 4.68, 8.1, 0.03, -0.04, -0.01
2715.0, 2719.0, 3477.0, 3159.0, 2801.0, 2.87, 4.66, 8.11, 0.0, -0.04, -0.01
2718.0, 2718.0, 3474.0, 3158.0, 2797.0, 2.84, 4.62, 8.22, 0.01, -0.03, -0.01
2717.0, 2717.0, 3473.0, 3157.0, 2798.0, 2.89, 4.66, 8.13, 0.01, -0.04, -0.01
2718.0, 2718.0, 3474.0, 3158.0, 2798.0, 2.8, 4.63, 8.06, 0.01, -0.03, -0.0
2708.0, 2718.0, 3471.0, 3158.0, 2800.0, 2.77, 4.64, 8.06, 0.01, -0.04, -0.01
2718.0, 2717.0, 3472.0, 3157.0, 2800.0, 2.87, 4.59, 8.3, 0.05, -0.03, -0.01
2719.0, 2733.0, 3489.0, 3178.0, 2806.0, 2.51, 4.75, 9.79, 0.32, -0.65, 0.25
2727.0, 2745.0, 3521.0, 3200.0, 2822.0, 3.65, 7.91, 12.53, 0.62, -1.32, 0.42
2726.0, 2752.0, 3528.0, 3203.0, 2827.0, 4.61, 8.01, 14.37, 1.73, -2.04, 0.71
2721.0, 2758.0, 3565.0, 3236.0, 2833.0, 3.64, 3.14, 12.42, 0.73, -4.09, 0.97
2721.0, 2768.0, 3605.0, 3266.0, 2847.0, 2.22, 6.16, 7.83, 0.34, -4.37, 1.18
2724.0, 2773.0, 3614.0, 3280.0, 2857.0, 2.79, 4.46, -0.62, -0.82, -4.22, 1.1
2725.0, 2774.0, 3630.0, 3293.0, 2865.0, 5.25, 1.53, -5.32, -1.31, -3.36, 0.49
2723.0, 2783.0, 3663.0, 3316.0, 2864.0, 6.21, 5.23, -6.43, -0.96, -2.39, 0.53
2725.0, 2775.0, 3712.0, 3344.0, 2878.0, 6.77, 5.37, -7.08, -0.83, -0.72, 0.23
2725.0, 2781.0, 3648.0, 3319.0, 2879.0, 8.74, 3.88, -6.31, -0.06, 0.35, 0.01
2721.0, 2771.0, 3637.0, 3310.0, 2879.0, 9.39, 3.2, -6.45, -0.25, 0.51, 0.47
2723.0, 2770.0, 3648.0, 3315.0, 2880.0, 9.0, 4.14, -2.96, 0.12, 0.9, 0.64
2719.0, 2768.0, 3649.0, 3321.0, 2880.0, 8.86, 3.83, -2.83, 0.09, 1.11, 0.81
2729.0, 2758.0, 3634.0, 3310.0, 2879.0, 6.95, 6.0, -1.7, 0.42, 1.48, 1.02
2713.0, 2763.0, 3613.0, 3299.0, 2879.0, 10.28, -0.04, 5.32, 1.23, 1.03, 0.45
2711.0, 2761.0, 3611.0, 3295.0, 2880.0, 9.98, 0.73, 4.69, -0.31, 0.14, 0.5
2707.0, 2759.0, 3616.0, 3302.0, 2880.0, 9.18, 2.66, 2.11, 0.2, 0.01, -0.11
2712.0, 2757.0, 3616.0, 3298.0, 2878.0, 9.33, 2.46, 1.58, 0.25, -0.04, -0.17
2706.0, 2754.0, 3610.0, 3297.0, 2879.0, 10.02, 1.45, 1.05, -0.05, -0.12, -0.03
2709.0, 2755.0, 3604.0, 3293.0, 2874.0, 9.83, 2.24, 0.69, 0.03, 0.03, -0.17
2705.0, 2754.0, 3643.0, 3290.0, 2877.0, 9.51, 2.37, 0.29, 0.32, -0.07, -0.17
2706.0, 2753.0, 3607.0, 3287.0, 2875.0, 10.08, 1.5, 0.96, 0.08, 0.07, -0.15
2704.0, 2753.0, 3600.0, 3289.0, 2874.0, 9.96, 2.4, 0.74, -0.13, -0.11, 0.04
2706.0, 2754.0, 3602.0, 3289.0, 2875.0, 9.63, 2.95, 0.75, 0.07, -0.14, 0.06
2704.0, 2769.0, 3600.0, 3289.0, 2876.0, 9.78, 2.17, 0.72, 0.2, 0.1, -0.1
2706.0, 2742.0, 3600.0, 3285.0, 2874.0, 9.88, 2.09, 0.82, -0.05, 0.02, 0.02
2702.0, 2750.0, 3600.0, 3284.0, 2877.0, 9.88, 2.26, 0.98, 0.15, -0.05, -0.03
2709.0, 2754.0, 3597.0, 3281.0, 2871.0, 9.62, 2.29, 0.87, -0.02, -0.04, 0.02
2709.0, 2750.0, 3599.0, 3280.0, 2862.0, 9.63, 2.64, 0.88, 0.09, -0.02, 0.05
2705.0, 2750.0, 3583.0, 3280.0, 2870.0, 9.84, 1.86, 0.5, 0.14, -0.04, -0.03
2705.0, 2751.0, 3599.0, 3281.0, 2876.0, 9.87, 1.93, 0.72, -0.13, -0.01, 0.0
2707.0, 2752.0, 3599.0, 3280.0, 2873.0, 9.74, 2.76, 1.04, -0.08, -0.02, 0.04
2705.0, 2751.0, 3598.0, 3281.0, 2873.0, 9.89, 1.82, 0.85, 0.19, -0.01, -0.01
2705.0, 2752.0, 3601.0, 3280.0, 2871.0, 10.0, 1.72, 1.01, -0.07, -0.05, -0.03
2709.0, 2754.0, 3600.0, 3280.0, 2871.0, 9.56, 2.88, 0.52, 0.01, -0.1, 0.03
2711.0, 2751.0, 3583.0, 3278.0, 2870.0, 9.75, 2.0, 0.91, 0.07, 0.03, 0.04
2715.0, 2753.0, 3583.0, 3279.0, 2868.0, 9.81, 1.95, 0.91, -0.02, -0.09, 0.0
2718.0, 2764.0, 3583.0, 3280.0, 2866.0, 9.8, 2.2, 0.61, 0.08, -0.06, -0.02
2718.0, 2754.0, 3583.0, 3279.0, 2867.0, 9.73, 2.21, 0.81, -0.02, 0.03, -0.03
2718.0, 2754.0, 3583.0, 3277.0, 2869.0, 9.79, 2.32, 0.87, 0.07, -0.02, -0.02
