3312.0, 3378.0, 3891.0, 3473.0, 3523.0, -6.37, 2.16, 6.85, 0.02, -0.04, 0.01
3310.0, 3376.0, 3901.0, 3469.0, 3525.0, -6.33, 2.07, 6.81, 0.03, -0.02, -0.04
3312.0, 3376.0, 3893.0, 3473.0, 3522.0, -6.25, 2.08, 6.8, 0.02, -0.05, 0.03
3312.0, 3378.0, 3894.0, 3447.0, 3523.0, -6.35, 2.26, 6.84, -0.01, -0.02, -0.02
3312.0, 3376.0, 3890.0, 3473.0, 3522.0, -6.17, 2.04, 6.86, -0.0, -0.03, -0.0
3312.0, 3376.0, 3893.0, 3472.0, 3521.0, -6.45, 2.29, 6.88, 0.03, -0.03, 0.02
3312.0, 3377.0, 3894.0, 3472.0, 3551.0, -6.39, 2.04, 6.79, 0.02, -0.02, -0.03
3312.0, 3376.0, 3897.0, 3471.0, 3524.0, -6.29, 2.06, 6.79, 0.0, -0.03, 0.02
3312.0, 3376.0, 3892.0, 3469.0, 3520.0, -6.34, 2.26, 6.78, 0.01, -0.03, -0.01
3313.0, 3373.0, 3894.0, 3473.0, 3526.0, -6.26, 2.06, 6.78, 0.01, -0.04, -0.01
3312.0, 3385.0, 3886.0, 3472.0, 3521.0, -6.4, 2.11, 6.72, 0.02, -0.05, 0.01
3312.0, 3376.0, 3887.0, 3471.0, 3522.0, -6.35, 2.2, 6.76, 0.01, -0.04, 0.0
3312.0, 3376.0, 3890.0, 3473.0, 3523.0, -6.35, 2.13, 6.76, 0.0, -0.04, 0.01
3312.0, 3376.0, 3891.0, 3471.0, 3525.0, -6.3, 2.13, 6.76, 0.01, -0.04, -0.0
3312.0, 3373.0, 3894.0, 3473.0, 3526.0, -6.38, 2.2, 6.79, 0.01, -0.03, -0.02
3312.0, 3376.0, 3893.0, 3472.0, 3520.0, -6.35, 2.09, 6.67, 0.01, -0.03, 0.01
3312.0, 3376.0, 3893.0, 3475.0, 3523.0, -6.33, 2.25, 6.84, 0.03, -0.03, -0.01
3312.0, 3373.0, 3898.0, 3473.0, 3525.0, -6.36, 2.17, 6.79, 0.13, 0.01, -0.02
3312.0, 3373.0, 3890.0, 3472.0, 3521.0, -6.44, 2.37, 6.77, 0.14, 0.01, -0.04
3319.0, 3376.0, 3895.0, 3472.0, 3537.0, -6.39, 2.36, 6.84, 0.09, 0.01, -0.05
3313.0, 3376.0, 3888.0, 3472.0, 3530.0, -6.25, 2.15, 6.66, 0.04, -0.04, 0.01
3312.0, 3376.0, 3889.0, 3473.0, 3536.0, -6.43, 2.5, 6.68, 0.08, -0.02, -0.0
3312.0, 3374.0, 3904.0, 3473.0, 3525.0, -6.41, 2.27, 6.57, -0.0, -0.02, -0.01
3311.0, 3375.0, 3891.0, 3471.0, 3524.0, -6.38, 2.32, 6.69, -0.01, -0.05, 0.01
3312.0, 3375.0, 3889.0, 3472.0, 3527.0, -6.43, 2.4, 6.68, 0.0, -0.04, -0.0
3312.0, 3374.0, 3891.0, 3472.0, 3526.0, -6.47, 2.24, 6.7, -0.0, -0.03, -0.01
3311.0, 3376.0, 3891.0, 3477.0, 3520.0, -6.32, 2.43, 6.68, -0.01, -0.03, -0.02
3311.0, 3375.0, 3891.0, 3472.0, 3521.0, -6.36, 2.09, 6.62, -0.01, -0.05, -0.01
3312.0, 3376.0, 3889.0, 3472.0, 3521.0, -6.52, 2.37, 6.61, 0.01, -0.04, 0.01
3309.0, 3371.0, 3915.0, 3441.0, 3520.0, -6.39, 2.33, 6.64, -0.0, -0.04, -0.04
3312.0, 3375.0, 3892.0, 3472.0, 3522.0, -6.37, 2.24, 6.73, -0.01, -0.04, 0.02
3310.0, 3376.0, 3894.0, 3484.0, 3521.0, -6.59, 2.47, 6.65, 0.03, 0.04, -0.01
3311.0, 3371.0, 3891.0, 3475.0, 3521.0, -6.34, 2.21, 6.77, 0.0, -0.08, 0.01
3312.0, 3373.0, 3898.0, 3472.0, 3523.0, -6.49, 2.43, 6.6, 0.03, 0.02, -0.01
3312.0, 3376.0, 3891.0, 3472.0, 3525.0, -6.36, 2.32, 6.61, 0.01, -0.07, -0.02
3312.0, 3376.0, 3894.0, 3469.0, 3521.0, -6.43, 2.44, 6.65, -0.01, -0.04, -0.01
3311.0, 3375.0, 3894.0, 3472.0, 3523.0, -6.27, 2.15, 6.66, -0.01, -0.07, -0.02
3311.0, 3332.0, 3894.0, 3472.0, 3527.0, -6.39, 2.4, 6.77, -0.0, -0.07, 0.0
3312.0, 3374.0, 3893.0, 3472.0, 3521.0, -6.39, 2.15, 6.61, -0.01, -0.02, -0.04
3312.0, 3376.0, 3891.0, 3472.0, 3522.0, -6.38, 2.2, 6.68, -0.0, -0.03, 0.0
3310.0, 3376.0, 3892.0, 3471.0, 3521.0, -6.52, 2.28, 6.71, -0.01, -0.03, -0.02
3311.0, 3374.0, 3894.0, 3471.0, 3522.0, -6.33, 2.04, 6.73, -0.0, -0.04, -0.03
3312.0, 3375.0, 3894.0, 3470.0, 3520.0, -6.46, 2.38, 6.69, 0.01, -0.05, 0.01
3310.0, 3374.0, 3894.0, 3472.0, 3533.0, -6.42, 2.22, 6.68, 0.02, -0.04, -0.04
3308.0, 3371.0, 3893.0, 3456.0, 3520.0, -6.4, 2.2, 6.66, 0.01, -0.05, 0.01
3312.0, 3375.0, 3892.0, 3472.0, 3522.0, -6.4, 2.38, 6.69, 0.02, -0.04, -0.01
3309.0, 3373.0, 3890.0, 3472.0, 3519.0, -6.29, 2.16, 6.66, 0.04, -0.04, -0.0
3311.0, 3373.0, 3891.0, 3478.0, 3520.0, -6.43, 2.27, 6.67, 0.01, -0.07, 0.03
3312.0, 3375.0, 3891.0, 3471.0, 3519.0, -6.36, 2.23, 6.52, -0.01, -0.05, 0.01
3312.0, 3374.0, 3889.0, 3469.0, 3525.0, -6.41, 2.18, 6.72, -0.03, -0.05, -0.02
