3357.0, 3407.0, 3927.0, 3520.0, 3519.0, -6.88, -1.51, 6.46, -0.03, 0.0, -0.01
3355.0, 3406.0, 3923.0, 3518.0, 3520.0, -6.5, -1.78, 6.33, 0.02, -0.02, -0.05
3376.0, 3405.0, 3930.0, 3519.0, 3522.0, -7.01, -1.84, 6.7, -0.1, -0.08, 0.03
3370.0, 3412.0, 3935.0, 3526.0, 3536.0, -6.81, -1.51, 6.26, 0.02, -0.02, 0.01
3393.0, 3406.0, 3927.0, 3515.0, 3517.0, -6.57, -1.86, 6.31, -0.02, -0.05, -0.01
3390.0, 3403.0, 3922.0, 3518.0, 3547.0, -6.68, -1.86, 6.51, -0.03, -0.03, -0.0
3372.0, 3402.0, 3922.0, 3515.0, 3520.0, -6.57, -1.99, 6.13, 0.01, -0.01, -0.0
3374.0, 3403.0, 3922.0, 3520.0, 3520.0, -6.95, -1.71, 6.38, -0.05, -0.02, 0.02
3398.0, 3408.0, 3920.0, 3519.0, 3519.0, -6.85, -1.71, 6.27, -0.05, 0.11, -0.07
3381.0, 3408.0, 3922.0, 3519.0, 3504.0, -6.64, -1.9, 6.4, 0.04, -0.03, 0.02
3401.0, 3408.0, 3925.0, 3510.0, 3501.0, -6.71, -2.04, 6.42, -0.03, -0.01, 0.01
3392.0, 3408.0, 3925.0, 3515.0, 3489.0, -6.76, -1.97, 6.49, -0.01, 0.02, -0.09
3396.0, 3407.0, 3920.0, 3510.0, 3499.0, -6.89, -1.85, 6.3, 0.01, -0.06, -0.0
3383.0, 3403.0, 3920.0, 3515.0, 3485.0, -6.95, -1.74, 6.07, 0.01, -0.06, 0.01
3366.0, 3396.0, 3920.0, 3517.0, 3487.0, -6.76, -2.03, 6.39, -0.03, -0.02, 0.02
3321.0, 3399.0, 3930.0, 3518.0, 3483.0, -7.02, -1.65, 6.33, 0.02, -0.01, 0.01
3370.0, 3394.0, 3920.0, 3517.0, 3485.0, -6.86, -2.01, 6.26, 0.02, -0.05, 0.03
3369.0, 3395.0, 3920.0, 3513.0, 3479.0, -6.92, -1.89, 6.3, 0.05, -0.03, 0.0
3378.0, 3391.0, 3920.0, 3515.0, 3487.0, -6.63, -2.14, 6.12, 0.03, -0.04, -0.02
3387.0, 3391.0, 3917.0, 3519.0, 3488.0, -6.95, -1.87, 6.32, 0.02, -0.1, -0.01
3389.0, 3391.0, 3920.0, 3513.0, 3485.0, -6.87, -1.7, 6.38, 0.1, -0.03, -0.04
3387.0, 3392.0, 3920.0, 3510.0, 3482.0, -6.84, -1.78, 6.04, 0.02, -0.05, -0.03
3386.0, 3389.0, 3920.0, 3511.0, 3479.0, -6.85, -1.81, 6.32, -0.01, -0.04, -0.0
3381.0, 3386.0, 3918.0, 3514.0, 3481.0, -6.87, -1.78, 6.34, -0.07, -0.01, -0.02
3383.0, 3385.0, 3917.0, 3511.0, 3478.0, -6.88, -1.87, 6.33, -0.04, -0.0, -0.03
3382.0, 3391.0, 3920.0, 3515.0, 3475.0, -6.77, -2.03, 6.28, -0.03, -0.04, -0.02
3379.0, 3391.0, 3917.0, 3511.0, 3472.0, -6.92, -1.84, 6.43, -0.05, -0.01, -0.05
3319.0, 3389.0, 3919.0, 3511.0, 3473.0, -6.83, -2.01, 6.23, -0.04, -0.02, -0.02
3310.0, 3394.0, 3918.0, 3513.0, 3472.0, -6.87, -1.85, 6.34, -0.0, -0.08, -0.0
3311.0, 3374.0, 3918.0, 3497.0, 3470.0, -6.9, -2.05, 6.17, -0.03, -0.0, -0.02
3309.0, 3393.0, 3918.0, 3515.0, 3471.0, -6.9, -1.88, 6.2, 0.04, -0.03, -0.01
3309.0, 3392.0, 3920.0, 3508.0, 3469.0, -6.78, -2.11, 6.41, -0.0, -0.06, -0.01
3310.0, 3395.0, 3918.0, 3509.0, 3472.0, -6.81, -2.11, 6.16, 0.02, -0.02, -0.01
3312.0, 3397.0, 3917.0, 3507.0, 3471.0, -6.89, -1.97, 6.27, 0.02, -0.06, -0.01
3309.0, 3390.0, 3918.0, 3500.0, 3472.0, -6.78, -1.98, 6.2, -0.01, -0.03, -0.01
3319.0, 3405.0, 3923.0, 3518.0, 3481.0, -6.89, -2.01, 6.17, 0.0, -0.05, -0.01
3310.0, 3392.0, 3915.0, 3509.0, 3469.0, -6.76, -2.09, 6.24, -0.0, -0.02, -0.02
3309.0, 3391.0, 3915.0, 3511.0, 3467.0, -6.79, -2.04, 6.2, -0.01, -0.04, -0.0
3309.0, 3390.0, 3915.0, 3514.0, 3469.0, -6.94, -1.98, 6.31, -0.02, -0.05, -0.01
3310.0, 3377.0, 3927.0, 3508.0, 3461.0, -6.74, -2.13, 6.32, -0.02, -0.05, -0.01
3309.0, 3392.0, 3915.0, 3514.0, 3467.0, -6.91, -2.03, 6.08, 0.02, -0.0, -0.04
3308.0, 3386.0, 3917.0, 3516.0, 3466.0, -6.9, -2.25, 6.14, -0.01, -0.04, -0.03
3307.0, 3392.0, 3908.0, 3509.0, 3467.0, -6.9, -2.04, 6.3, -0.02, -0.02, -0.01
3309.0, 3391.0, 3913.0, 3506.0, 3472.0, -6.74, -1.83, 6.05, 0.01, -0.04, 0.0
3307.0, 3435.0, 3920.0, 3505.0, 3466.0, -6.93, -2.17, 6.13, -0.04, -0.05, 0.03
3310.0, 3406.0, 3918.0, 3508.0, 3464.0, -6.81, -2.14, 6.28, 0.05, 0.01, -0.04
3317.0, 3408.0, 3920.0, 3511.0, 3466.0, -6.82, -2.17, 6.22, -0.01, -0.04, -0.0
3309.0, 3403.0, 3911.0, 3510.0, 3465.0, -6.91, -2.02, 6.24, 0.0, -0.05, -0.02
3310.0, 3407.0, 3918.0, 3511.0, 3463.0, -6.88, -2.1, 6.09, 0.0, -0.04, -0.01
3309.0, 3427.0, 3914.0, 3509.0, 3465.0, -6.78, -2.21, 6.1, 0.01, -0.05, -0.0
3359.0, 3402.0, 3814.0, 3457.0, 3440.0, -6.25, -0.97, 7.15, 0.05, -0.05, -0.04
3353.0, 3407.0, 3823.0, 3470.0, 3440.0, -6.37, -0.94, 7.01, 0.04, -0.09, -0.04
3353.0, 3403.0, 3920.0, 3513.0, 3439.0, -6.48, -1.08, 6.88, 0.03, -0.07, -0.04
3347.0, 3404.0, 3797.0, 3456.0, 3437.0, -6.38, -1.07, 6.81, -0.04, -0.05, -0.06
3350.0, 3406.0, 3799.0, 3454.0, 3433.0, -6.48, -0.8, 6.77, -0.06, -0.06, 0.02
3349.0, 3408.0, 3795.0, 3451.0, 3433.0, -6.43, -0.87, 7.07, 0.05, -0.04, -0.02
3348.0, 3402.0, 3823.0, 3465.0, 3428.0, -6.28, -1.07, 7.06, 0.03, 0.01, -0.09
3359.0, 3402.0, 3834.0, 3466.0, 3430.0, -6.28, -1.26, 6.92, -0.04, -0.06, -0.03
3447.0, 3401.0, 3801.0, 3456.0, 3430.0, -6.38, -0.95, 7.22, -0.04, -0.03, -0.08
3357.0, 3397.0, 3892.0, 3501.0, 3427.0, -6.2, -1.26, 6.99, 0.01, -0.04, -0.06
3363.0, 3401.0, 3806.0, 3453.0, 3427.0, -6.45, -0.87, 7.0, -0.02, -0.06, -0.03
3421.0, 3399.0, 3778.0, 3458.0, 3419.0, -6.26, -1.28, 7.06, 0.05, -0.01, -0.07
3410.0, 3403.0, 3805.0, 3460.0, 3440.0, -6.36, -1.09, 6.98, -0.03, -0.08, 0.01
3349.0, 3399.0, 3792.0, 3453.0, 3426.0, -6.4, -1.09, 7.14, 0.04, -0.04, -0.07
3347.0, 3399.0, 3794.0, 3451.0, 3422.0, -6.38, -0.98, 6.77, -0.0, -0.05, -0.02
3348.0, 3399.0, 3856.0, 3479.0, 3424.0, -6.35, -1.08, 6.83, -0.0, -0.06, 0.0
3348.0, 3410.0, 3838.0, 3463.0, 3424.0, -6.36, -1.13, 7.01, -0.02, -0.07, 0.01
3344.0, 3406.0, 3843.0, 3472.0, 3420.0, -6.14, -1.23, 7.04, 0.01, -0.01, -0.04
3351.0, 3407.0, 3835.0, 3467.0, 3420.0, -6.26, -1.11, 7.05, -0.02, -0.06, 0.03
3344.0, 3422.0, 3819.0, 3507.0, 3412.0, -6.35, -0.94, 7.03, 0.02, -0.06, -0.01
3364.0, 3404.0, 3851.0, 3472.0, 3419.0, -6.21, -1.3, 7.07, -0.02, -0.08, -0.02
3344.0, 3405.0, 3844.0, 3472.0, 3418.0, -6.25, -1.32, 6.97, -0.01, -0.05, 0.02
3364.0, 3407.0, 3841.0, 3474.0, 3418.0, -6.25, -1.02, 6.88, 0.03, -0.0, -0.05
3367.0, 3407.0, 3829.0, 3471.0, 3418.0, -6.34, -1.3, 7.05, 0.01, -0.06, 0.01
3344.0, 3405.0, 3806.0, 3456.0, 3429.0, -6.19, -1.18, 7.09, -0.0, -0.04, -0.0
3344.0, 3407.0, 3792.0, 3447.0, 3418.0, -6.23, -1.33, 6.97, -0.01, -0.03, -0.01
3344.0, 3408.0, 3792.0, 3450.0, 3414.0, -6.34, -1.02, 7.01, 0.03, -0.03, -0.0
3365.0, 3406.0, 3789.0, 3445.0, 3415.0, -6.36, -1.11, 7.13, 0.04, -0.02, -0.04
3344.0, 3406.0, 3792.0, 3442.0, 3414.0, -6.25, -1.26, 7.02, -0.02, -0.03, -0.0
3344.0, 3402.0, 3792.0, 3450.0, 3415.0, -6.38, -0.92, 6.87, 0.0, -0.03, 0.03
3342.0, 3408.0, 3793.0, 3449.0, 3413.0, -6.29, -1.15, 7.09, 0.02, -0.01, -0.03
3346.0, 3405.0, 3798.0, 3449.0, 3415.0, -6.17, -1.38, 7.23, -0.03, -0.05, 0.05
3367.0, 3403.0, 3798.0, 3453.0, 3414.0, -6.11, -1.26, 7.23, -0.02, -0.05, 0.0
3362.0, 3407.0, 3794.0, 3449.0, 3411.0, -6.34, -1.16, 6.94, 0.01, -0.07, -0.01
3364.0, 3404.0, 3796.0, 3454.0, 3411.0, -6.42, -1.24, 7.04, -0.01, -0.06, -0.03
3363.0, 3403.0, 3810.0, 3456.0, 3413.0, -6.32, -1.24, 6.79, -0.03, -0.04, -0.01
3366.0, 3403.0, 3794.0, 3444.0, 3408.0, -6.34, -1.12, 6.96, -0.01, -0.04, 0.01
3365.0, 3402.0, 3786.0, 3430.0, 3410.0, -6.32, -1.02, 7.03, 0.02, -0.04, -0.02
3365.0, 3404.0, 3786.0, 3440.0, 3410.0, -6.27, -1.26, 7.18, 0.0, -0.03, -0.03
3367.0, 3405.0, 3785.0, 3445.0, 3410.0, -6.23, -1.27, 7.02, -0.04, -0.06, 0.03
3367.0, 3404.0, 3791.0, 3443.0, 3399.0, -6.24, -1.18, 7.11, 0.02, -0.05, -0.03
3346.0, 3408.0, 3792.0, 3447.0, 3411.0, -6.22, -1.4, 7.03, -0.05, -0.06, 0.02
3342.0, 3405.0, 3777.0, 3449.0, 3411.0, -6.43, -0.96, 6.96, 0.02, -0.06, 0.01
3343.0, 3405.0, 3785.0, 3446.0, 3408.0, -6.2, -1.52, 7.07, -0.03, -0.04, -0.04
3344.0, 3399.0, 3781.0, 3442.0, 3408.0, -6.2, -1.26, 6.93, -0.07, -0.05, 0.02
3346.0, 3413.0, 3792.0, 3430.0, 3404.0, -6.38, -0.97, 6.99, 0.05, -0.01, -0.05
3374.0, 3405.0, 3793.0, 3450.0, 3410.0, -6.24, -1.56, 7.09, 0.01, -0.04, -0.03
3371.0, 3403.0, 3792.0, 3453.0, 3410.0, -6.17, -1.27, 7.15, -0.02, -0.03, 0.0
3367.0, 3404.0, 3796.0, 3450.0, 3408.0, -6.18, -1.23, 7.07, 0.02, -0.02, -0.05
3359.0, 3405.0, 3792.0, 3449.0, 3409.0, -6.21, -1.38, 7.06, 0.01, -0.03, -0.04
