3280.0, 3408.0, 3931.0, 3523.0, 3543.0, -6.17, -1.55, 6.75, 0.09, 0.06, -0.08
3275.0, 3406.0, 3932.0, 3518.0, 3564.0, -6.48, -1.76, 6.66, -0.05, -0.19, 0.08
3277.0, 3458.0, 3933.0, 3527.0, 3571.0, -6.39, -1.39, 6.71, -0.03, 0.03, 0.07
3280.0, 3455.0, 3936.0, 3525.0, 3567.0, -6.59, -1.36, 6.72, 0.06, 0.02, -0.09
3278.0, 3415.0, 3927.0, 3523.0, 3563.0, -6.46, -1.64, 6.7, 0.03, -0.04, 0.02
3280.0, 3411.0, 3935.0, 3526.0, 3582.0, -6.5, -1.55, 6.79, -0.07, 0.02, -0.05
3280.0, 3413.0, 3933.0, 3520.0, 3566.0, -6.56, -1.64, 6.59, 0.06, 0.02, -0.0
3280.0, 3408.0, 3921.0, 3522.0, 3559.0, -6.32, -1.53, 6.8, 0.07, 0.01, -0.05
3279.0, 3408.0, 3923.0, 3520.0, 3565.0, -6.45, -1.6, 6.96, -0.05, -0.01, -0.03
3279.0, 3405.0, 3921.0, 3517.0, 3561.0, -6.51, -1.44, 6.78, 0.02, 0.01, -0.05
3280.0, 3408.0, 3921.0, 3518.0, 3563.0, -6.36, -1.75, 6.66, 0.11, 0.01, -0.03
3280.0, 3408.0, 3920.0, 3533.0, 3559.0, -6.56, -1.62, 6.54, -0.03, 0.0, -0.01
3280.0, 3407.0, 3923.0, 3523.0, 3554.0, -6.44, -1.74, 6.59, 0.03, 0.06, -0.09
3280.0, 3408.0, 3927.0, 3522.0, 3557.0, -6.49, -1.72, 6.51, -0.03, 0.04, -0.06
3279.0, 3408.0, 3923.0, 3520.0, 3552.0, -6.46, -1.48, 6.78, -0.01, 0.01, -0.03
3279.0, 3408.0, 3922.0, 3519.0, 3539.0, -6.62, -1.66, 6.96, 0.1, 0.0, -0.04
3283.0, 3403.0, 3930.0, 3529.0, 3536.0, -6.53, -1.45, 6.6, 0.09, -0.02, -0.02
3275.0, 3408.0, 3924.0, 3520.0, 3543.0, -6.54, -1.8, 6.62, 0.05, -0.02, -0.02
3266.0, 3408.0, 3920.0, 3520.0, 3550.0, -6.68, -1.71, 6.45, -0.0, -0.03, -0.02
3277.0, 3406.0, 3921.0, 3520.0, 3545.0, -6.57, -1.56, 6.59, 0.09, 0.02, -0.01
3274.0, 3404.0, 3920.0, 3517.0, 3568.0, -6.64, -1.7, 6.62, 0.03, -0.03, -0.03
3270.0, 3406.0, 3925.0, 3520.0, 3541.0, -6.55, -1.84, 6.58, 0.01, -0.03, -0.04
3269.0, 3408.0, 3921.0, 3519.0, 3537.0, -6.56, -1.64, 6.62, 0.01, -0.0, -0.08
3265.0, 3403.0, 3921.0, 3513.0, 3536.0, -6.66, -1.72, 6.47, 0.08, -0.0, -0.14
3270.0, 3402.0, 3920.0, 3515.0, 3536.0, -6.9, -1.75, 6.75, -0.07, -0.02, -0.04
3269.0, 3405.0, 3919.0, 3520.0, 3534.0, -6.62, -1.45, 6.44, -0.02, -0.02, -0.04
3266.0, 3403.0, 3918.0, 3520.0, 3533.0, -6.5, -1.82, 6.71, -0.02, -0.04, -0.09
3269.0, 3403.0, 3918.0, 3522.0, 3531.0, -6.55, -1.86, 6.38, -0.25, 0.08, -0.3
3266.0, 3407.0, 3924.0, 3518.0, 3530.0, -6.78, -1.89, 6.57, -0.12, -0.05, -0.16
3263.0, 3447.0, 3916.0, 3515.0, 3529.0, -6.52, -2.4, 6.28, -0.12, -0.06, -0.09
3263.0, 3446.0, 3919.0, 3520.0, 3529.0, -6.83, -1.95, 6.53, -0.01, -0.03, -0.0
3261.0, 3446.0, 3916.0, 3516.0, 3524.0, -6.56, -2.35, 6.38, 0.0, 0.01, -0.02
3264.0, 3439.0, 3905.0, 3517.0, 3494.0, -6.56, -2.3, 6.38, 0.0, -0.06, -0.04
3259.0, 3440.0, 3920.0, 3516.0, 3522.0, -6.72, -2.36, 6.44, -0.02, -0.03, -0.05
3261.0, 3442.0, 3915.0, 3518.0, 3523.0, -6.72, -2.23, 6.37, -0.05, -0.04, -0.02
3273.0, 3442.0, 3918.0, 3517.0, 3523.0, -6.62, -2.15, 6.25, 0.01, -0.04, -0.05
3250.0, 3440.0, 3915.0, 3525.0, 3519.0, -6.58, -2.43, 6.18, -0.03, -0.06, -0.03
3259.0, 3440.0, 3915.0, 3514.0, 3517.0, -6.61, -2.34, 6.54, 0.01, -0.04, 0.0
3259.0, 3426.0, 3915.0, 3514.0, 3517.0, -6.63, -2.23, 6.39, 0.01, -0.02, -0.03
3258.0, 3438.0, 3919.0, 3510.0, 3519.0, -6.6, -2.4, 6.39, 0.02, -0.03, -0.04
3258.0, 3435.0, 3918.0, 3510.0, 3519.0, -6.73, -2.37, 6.21, 0.01, -0.06, 0.0
3270.0, 3434.0, 3911.0, 3504.0, 3519.0, -6.57, -2.31, 6.3, 0.04, -0.01, -0.06
3259.0, 3451.0, 3913.0, 3515.0, 3514.0, -6.49, -2.52, 6.16, -0.01, -0.04, -0.03
3247.0, 3429.0, 3910.0, 3514.0, 3520.0, -6.75, -2.32, 6.41, 0.01, -0.02, -0.01
3260.0, 3435.0, 3925.0, 3507.0, 3511.0, -6.6, -2.39, 6.39, 0.01, -0.02, -0.02
3258.0, 3439.0, 3920.0, 3511.0, 3514.0, -6.63, -2.33, 6.54, 0.02, -0.08, 0.01
3261.0, 3404.0, 3911.0, 3515.0, 3511.0, -6.69, -2.27, 6.46, 0.03, -0.02, -0.03
3263.0, 3421.0, 3906.0, 3516.0, 3513.0, -6.59, -2.36, 6.29, 0.04, -0.02, -0.01
3259.0, 3453.0, 3907.0, 3511.0, 3536.0, -6.64, -2.45, 6.28, 0.05, -0.07, 0.02
3259.0, 3418.0, 3908.0, 3509.0, 3509.0, -6.73, -2.11, 6.25, 0.14, 0.15, -0.11
3259.0, 3429.0, 3911.0, 3510.0, 3504.0, -6.65, -2.33, 6.11, 0.03, -0.04, -0.01
3322.0, 3377.0, 3791.0, 3451.0, 3440.0, -7.02, -2.29, 5.76, -0.13, -0.08, 0.0
3322.0, 3378.0, 3799.0, 3459.0, 3440.0, -7.2, -2.21, 5.89, -0.1, -0.01, -0.02
3313.0, 3376.0, 3778.0, 3459.0, 3477.0, -6.99, -2.42, 5.75, -0.01, -0.03, -0.01
3317.0, 3376.0, 3834.0, 3467.0, 3442.0, -7.16, -2.25, 5.94, 0.01, -0.07, 0.01
3318.0, 3379.0, 3807.0, 3457.0, 3439.0, -7.07, -2.59, 5.83, 0.01, -0.03, -0.04
3319.0, 3378.0, 3809.0, 3456.0, 3435.0, -7.11, -2.34, 5.85, -0.01, -0.03, -0.01
3315.0, 3376.0, 3795.0, 3446.0, 3490.0, -7.11, -2.4, 5.88, 0.04, -0.05, -0.06
3314.0, 3376.0, 3787.0, 3454.0, 3486.0, -6.95, -2.64, 6.0, -0.06, -0.11, -0.03
3314.0, 3378.0, 3793.0, 3446.0, 3485.0, -7.08, -2.32, 5.81, -0.03, -0.03, 0.01
3317.0, 3380.0, 3901.0, 3502.0, 3489.0, -7.05, -2.28, 5.56, 0.0, -0.08, -0.04
3317.0, 3381.0, 3854.0, 3475.0, 3491.0, -7.15, -2.3, 6.0, -0.01, -0.06, -0.0
3314.0, 3379.0, 3859.0, 3478.0, 3491.0, -7.03, -2.39, 5.82, -0.02, -0.01, -0.01
3313.0, 3361.0, 3891.0, 3498.0, 3475.0, -6.93, -2.44, 5.87, 0.03, -0.05, -0.02
3315.0, 3384.0, 3889.0, 3502.0, 3473.0, -7.16, -2.3, 5.99, 0.04, -0.02, -0.02
3320.0, 3376.0, 3760.0, 3436.0, 3472.0, -7.03, -2.49, 5.72, -0.0, -0.02, -0.05
3317.0, 3376.0, 3755.0, 3435.0, 3449.0, -7.05, -2.59, 5.83, -0.02, -0.09, -0.0
3317.0, 3376.0, 3760.0, 3429.0, 3435.0, -7.09, -2.35, 5.83, 0.0, -0.04, -0.01
3315.0, 3376.0, 3758.0, 3431.0, 3434.0, -7.03, -2.36, 5.71, 0.04, -0.01, -0.06
3317.0, 3376.0, 3755.0, 3430.0, 3431.0, -7.02, -2.6, 5.79, -0.01, -0.08, 0.01
3318.0, 3376.0, 3755.0, 3429.0, 3425.0, -7.07, -2.27, 5.77, 0.01, -0.07, 0.04
3323.0, 3373.0, 3754.0, 3426.0, 3419.0, -7.02, -2.51, 5.77, 0.21, 0.05, -0.07
3329.0, 3375.0, 3750.0, 3425.0, 3419.0, -6.97, -2.63, 5.68, 0.03, -0.07, 0.06
3331.0, 3371.0, 3751.0, 3425.0, 3418.0, -7.16, -2.19, 6.0, 0.05, -0.04, -0.02
3335.0, 3374.0, 3750.0, 3423.0, 3421.0, -6.93, -2.53, 5.88, -0.02, -0.05, -0.01
3335.0, 3372.0, 3746.0, 3423.0, 3421.0, -6.92, -2.32, 5.73, -0.04, -0.06, 0.02
3339.0, 3371.0, 3750.0, 3423.0, 3434.0, -7.19, -2.08, 5.91, 0.02, -0.07, 0.02
3335.0, 3375.0, 3753.0, 3424.0, 3441.0, -6.92, -2.65, 6.03, 0.0, -0.03, -0.01
3337.0, 3373.0, 3749.0, 3426.0, 3446.0, -6.96, -2.4, 5.87, -0.07, -0.05, 0.04
3335.0, 3374.0, 3747.0, 3423.0, 3471.0, -7.14, -2.17, 5.86, -0.01, -0.08, -0.02
3334.0, 3371.0, 3750.0, 3422.0, 3469.0, -7.09, -2.44, 6.06, -0.06, -0.06, 0.01
3335.0, 3373.0, 3760.0, 3424.0, 3471.0, -6.93, -2.41, 5.88, -0.01, -0.05, 0.0
3348.0, 3371.0, 3773.0, 3414.0, 3467.0, -7.02, -2.52, 5.95, -0.01, -0.07, 0.0
3338.0, 3367.0, 3749.0, 3425.0, 3467.0, -7.0, -2.57, 5.9, -0.05, -0.06, 0.01
3333.0, 3371.0, 3745.0, 3422.0, 3469.0, -6.95, -2.43, 5.82, -0.02, -0.08, 0.01
3333.0, 3365.0, 3746.0, 3423.0, 3469.0, -6.93, -2.42, 5.94, 0.0, -0.05, -0.0
3331.0, 3366.0, 3743.0, 3423.0, 3469.0, -7.05, -2.45, 5.89, -0.01, -0.04, -0.0
3332.0, 3369.0, 3743.0, 3423.0, 3468.0, -6.88, -2.38, 6.02, 0.06, -0.01, 0.0
3334.0, 3369.0, 3744.0, 3421.0, 3471.0, -6.89, -2.45, 5.88, 0.02, -0.0, -0.05
3331.0, 3368.0, 3745.0, 3421.0, 3471.0, -6.97, -2.48, 6.01, -0.07, -0.09, 0.04
3334.0, 3369.0, 3746.0, 3425.0, 3466.0, -7.08, -2.18, 6.05, 0.01, -0.06, 0.02
3334.0, 3371.0, 3742.0, 3422.0, 3467.0, -6.9, -2.6, 5.9, 0.05, -0.03, -0.03
3331.0, 3370.0, 3743.0, 3421.0, 3471.0, -6.8, -2.66, 5.86, -0.02, -0.08, 0.05
3331.0, 3371.0, 3745.0, 3421.0, 3472.0, -7.07, -2.36, 6.04, -0.01, -0.02, -0.02
3333.0, 3369.0, 3743.0, 3418.0, 3463.0, -6.85, -2.6, 5.8, -0.02, -0.03, -0.03
3330.0, 3365.0, 3741.0, 3418.0, 3466.0, -7.0, -2.27, 5.79, -0.01, -0.05, -0.01
3330.0, 3369.0, 3745.0, 3424.0, 3466.0, -7.11, -2.28, 5.78, 0.03, 0.01, -0.04
3329.0, 3365.0, 3741.0, 3419.0, 3499.0, -6.85, -2.62, 6.01, 0.03, -0.04, -0.01
3330.0, 3366.0, 3742.0, 3419.0, 3472.0, -6.97, -2.36, 6.17, -0.01, -0.02, -0.0
3328.0, 3366.0, 3740.0, 3424.0, 3415.0, -6.89, -2.4, 5.97, 0.03, -0.03, -0.01
3330.0, 3365.0, 3743.0, 3418.0, 3409.0, -7.01, -2.38, 5.94, -0.0, -0.05, -0.01
