3271.0, 3439.0, 3919.0, 3522.0, 3529.0, -6.0, -2.39, 7.05, -0.39, -0.15, 0.01
3275.0, 3453.0, 3920.0, 3515.0, 3537.0, -6.52, -2.47, 6.73, 0.16, 0.16, -0.04
3280.0, 3403.0, 3914.0, 3514.0, 3545.0, -5.94, -2.24, 6.43, 0.32, -0.06, -0.05
3280.0, 3443.0, 3918.0, 3511.0, 3541.0, -6.11, -2.94, 7.2, -0.12, -0.15, 0.03
3277.0, 3446.0, 3913.0, 3511.0, 3539.0, -6.53, -2.21, 7.25, -0.08, -0.03, 0.02
3294.0, 3430.0, 3911.0, 3502.0, 3533.0, -6.01, -2.49, 6.87, 0.12, 0.01, -0.08
3277.0, 3414.0, 3915.0, 3520.0, 3534.0, -6.15, -2.67, 6.79, -0.02, -0.14, 0.09
3277.0, 3420.0, 3911.0, 3514.0, 3536.0, -6.25, -2.16, 7.09, 0.01, -0.03, 0.02
3277.0, 3413.0, 3911.0, 3504.0, 3529.0, -6.01, -2.46, 6.65, -0.0, -0.04, -0.05
3275.0, 3409.0, 3915.0, 3509.0, 3525.0, -6.0, -2.55, 6.84, 0.02, -0.08, 0.04
3271.0, 3408.0, 3913.0, 3506.0, 3526.0, -6.02, -2.27, 6.85, 0.03, -0.02, 0.01
3271.0, 3407.0, 3909.0, 3508.0, 3521.0, -6.06, -2.43, 6.88, 0.05, -0.01, -0.04
3274.0, 3406.0, 3917.0, 3511.0, 3519.0, -5.94, -2.55, 6.65, 0.01, -0.05, 0.0
3278.0, 3404.0, 3914.0, 3515.0, 3521.0, -6.26, -2.25, 6.97, 0.06, -0.02, 0.0
3273.0, 3407.0, 3914.0, 3509.0, 3520.0, -6.13, -2.62, 6.72, 0.0, 0.07, -0.05
3278.0, 3402.0, 3905.0, 3517.0, 3518.0, -5.95, -2.26, 6.9, 0.06, -0.07, 0.05
3328.0, 3403.0, 3909.0, 3511.0, 3516.0, -6.31, -2.4, 7.28, 0.05, 0.01, -0.03
3348.0, 3398.0, 3907.0, 3515.0, 3513.0, -5.89, -2.64, 6.74, -0.04, -0.04, 0.02
3357.0, 3399.0, 3907.0, 3514.0, 3511.0, -6.24, -2.22, 7.02, 0.02, -0.05, -0.02
3343.0, 3378.0, 3908.0, 3507.0, 3516.0, -6.13, -2.35, 6.79, 0.03, 0.0, 0.0
3337.0, 3401.0, 3909.0, 3517.0, 3510.0, -6.23, -2.39, 6.62, 0.04, -0.06, 0.05
3333.0, 3396.0, 3909.0, 3505.0, 3511.0, -6.13, -2.55, 6.72, 0.01, 0.01, -0.02
3328.0, 3394.0, 3907.0, 3506.0, 3510.0, -6.07, -2.17, 6.94, 0.04, -0.02, -0.01
3321.0, 3400.0, 3911.0, 3504.0, 3509.0, -6.18, -2.48, 6.83, -0.06, -0.0, -0.04
3312.0, 3398.0, 3905.0, 3515.0, 3507.0, -6.16, -2.47, 6.73, -0.03, -0.01, 0.01
3314.0, 3397.0, 3905.0, 3507.0, 3507.0, -6.15, -2.2, 6.82, -0.0, -0.02, -0.05
3312.0, 3393.0, 3910.0, 3504.0, 3506.0, -6.29, -2.65, 6.76, -0.04, -0.02, -0.02
3313.0, 3402.0, 3922.0, 3493.0, 3504.0, -6.2, -2.48, 6.77, -0.02, -0.05, -0.01
3312.0, 3394.0, 3907.0, 3505.0, 3505.0, -6.22, -2.49, 6.96, -0.04, -0.06, -0.0
3312.0, 3398.0, 3907.0, 3505.0, 3505.0, -6.14, -2.58, 6.76, -0.02, -0.05, -0.03
3312.0, 3394.0, 3908.0, 3511.0, 3515.0, -6.18, -2.58, 6.71, -0.03, -0.08, -0.03
3311.0, 3394.0, 3903.0, 3507.0, 3505.0, -6.29, -2.5, 6.76, -0.04, -0.06, -0.02
3312.0, 3387.0, 3909.0, 3525.0, 3498.0, -6.22, -2.58, 6.82, -0.06, -0.04, -0.06
3312.0, 3395.0, 3906.0, 3509.0, 3505.0, -6.22, -2.63, 6.98, -0.05, -0.1, -0.03
3312.0, 3393.0, 3905.0, 3504.0, 3504.0, -6.26, -2.51, 6.73, -0.03, -0.1, -0.03
3312.0, 3392.0, 3898.0, 3506.0, 3503.0, -6.03, -2.61, 6.93, -0.0, -0.13, -0.04
3311.0, 3393.0, 3906.0, 3510.0, 3505.0, -5.97, -2.81, 6.83, -0.06, -0.11, -0.04
3314.0, 3393.0, 3904.0, 3505.0, 3505.0, -5.99, -2.71, 6.64, -0.07, -0.09, -0.04
3312.0, 3394.0, 3904.0, 3518.0, 3504.0, -5.99, -2.63, 6.8, -0.02, -0.05, -0.04
3312.0, 3391.0, 3898.0, 3506.0, 3504.0, -5.86, -3.02, 6.68, -0.04, -0.05, -0.02
3314.0, 3391.0, 3903.0, 3504.0, 3504.0, -5.96, -2.59, 6.96, 0.01, -0.03, -0.05
3312.0, 3391.0, 3953.0, 3504.0, 3504.0, -5.89, -3.13, 6.9, -0.03, -0.03, -0.06
3312.0, 3377.0, 3906.0, 3507.0, 3503.0, -6.01, -2.72, 6.79, 0.03, -0.03, -0.05
3312.0, 3405.0, 3923.0, 3514.0, 3495.0, -5.98, -2.89, 6.65, 0.03, -0.05, -0.06
3312.0, 3391.0, 3902.0, 3504.0, 3500.0, -5.89, -2.97, 6.59, 0.0, -0.05, 0.02
3309.0, 3393.0, 3900.0, 3504.0, 3499.0, -5.9, -3.08, 6.59, -0.0, 0.01, -0.01
3311.0, 3393.0, 3904.0, 3502.0, 3501.0, -5.82, -2.89, 6.95, -0.05, -0.05, 0.02
3312.0, 3397.0, 3902.0, 3505.0, 3501.0, -6.1, -2.82, 7.02, -0.02, -0.02, 0.02
3309.0, 3395.0, 3898.0, 3505.0, 3495.0, -5.93, -2.66, 6.7, 0.07, -0.04, 0.08
3306.0, 3397.0, 3903.0, 3504.0, 3482.0, -5.84, -2.67, 6.69, 0.12, -0.06, 0.09
3307.0, 3394.0, 3903.0, 3505.0, 3502.0, -5.86, -3.04, 6.78, 0.04, 0.01, 0.03
3326.0, 3376.0, 3772.0, 3438.0, 3427.0, -7.13, -1.52, 6.06, -0.04, -0.09, 0.05
3323.0, 3381.0, 3768.0, 3438.0, 3422.0, -7.22, -1.04, 6.15, 0.02, -0.05, -0.05
3325.0, 3377.0, 3767.0, 3440.0, 3429.0, -7.0, -1.51, 6.33, -0.0, -0.06, 0.0
3335.0, 3380.0, 3730.0, 3435.0, 3419.0, -7.08, -1.43, 5.98, -0.04, -0.03, -0.01
3326.0, 3377.0, 3786.0, 3440.0, 3420.0, -7.24, -1.17, 5.75, -0.03, -0.02, -0.04
3326.0, 3377.0, 3774.0, 3439.0, 3419.0, -7.17, -1.24, 6.17, -0.02, -0.04, -0.05
3327.0, 3379.0, 3764.0, 3430.0, 3422.0, -7.05, -1.36, 6.21, -0.05, -0.03, 0.01
3319.0, 3376.0, 3763.0, 3439.0, 3424.0, -7.03, -1.11, 6.35, 0.02, -0.04, -0.01
3328.0, 3378.0, 3762.0, 3439.0, 3422.0, -7.21, -1.28, 6.18, 0.04, -0.05, 0.05
3328.0, 3390.0, 3764.0, 3440.0, 3434.0, -7.01, -1.12, 6.31, 0.13, -0.0, 0.01
3329.0, 3391.0, 3765.0, 3435.0, 3421.0, -6.95, -1.46, 6.12, 0.08, -0.03, 0.01
3328.0, 3390.0, 3760.0, 3429.0, 3407.0, -7.08, -1.41, 6.15, -0.03, -0.1, 0.07
3330.0, 3392.0, 3761.0, 3436.0, 3408.0, -7.24, -1.18, 6.37, -0.03, -0.06, -0.04
3330.0, 3389.0, 3762.0, 3440.0, 3407.0, -7.07, -1.46, 6.23, -0.08, -0.06, -0.03
3331.0, 3392.0, 3762.0, 3435.0, 3405.0, -7.24, -1.05, 5.94, -0.04, -0.07, -0.02
3333.0, 3391.0, 3765.0, 3434.0, 3405.0, -7.27, -1.31, 6.08, -0.0, -0.07, -0.05
3334.0, 3392.0, 3754.0, 3434.0, 3403.0, -7.19, -1.38, 6.27, -0.09, -0.04, 0.02
3335.0, 3389.0, 3760.0, 3432.0, 3405.0, -6.97, -1.02, 6.14, 0.0, -0.01, -0.01
3337.0, 3393.0, 3760.0, 3429.0, 3403.0, -7.01, -1.24, 6.28, -0.01, -0.07, 0.02
3335.0, 3392.0, 3760.0, 3431.0, 3419.0, -7.11, -1.26, 6.27, -0.0, -0.03, 0.06
3339.0, 3392.0, 3759.0, 3435.0, 3405.0, -6.93, -1.35, 5.87, 0.04, -0.04, 0.0
3338.0, 3391.0, 3760.0, 3435.0, 3403.0, -7.07, -1.46, 6.17, -0.02, -0.11, 0.08
3341.0, 3393.0, 3759.0, 3430.0, 3400.0, -7.19, -1.28, 6.35, -0.04, -0.06, 0.03
3339.0, 3392.0, 3759.0, 3431.0, 3402.0, -6.95, -1.48, 6.21, -0.0, -0.07, 0.02
3337.0, 3394.0, 3760.0, 3435.0, 3399.0, -7.11, -1.39, 6.32, 0.0, -0.07, 0.02
3342.0, 3393.0, 3761.0, 3431.0, 3396.0, -7.06, -1.72, 6.14, -0.03, -0.08, 0.03
3349.0, 3392.0, 3765.0, 3435.0, 3398.0, -6.79, -0.99, 6.31, 0.16, -0.04, 0.01
3349.0, 3392.0, 3762.0, 3437.0, 3398.0, -6.99, -1.43, 6.42, 0.05, -0.01, -0.0
3347.0, 3387.0, 3771.0, 3421.0, 3395.0, -6.92, -1.38, 6.21, 0.01, -0.02, -0.03
3350.0, 3391.0, 3763.0, 3434.0, 3397.0, -7.01, -1.16, 6.35, 0.01, -0.02, -0.02
3345.0, 3391.0, 3760.0, 3436.0, 3401.0, -7.1, -1.15, 6.21, 0.02, -0.03, -0.02
3347.0, 3391.0, 3760.0, 3431.0, 3397.0, -7.05, -1.15, 6.28, 0.01, -0.03, 0.03
3348.0, 3388.0, 3759.0, 3431.0, 3396.0, -6.96, -1.23, 6.23, 0.04, -0.02, -0.03
3346.0, 3389.0, 3760.0, 3434.0, 3408.0, -7.03, -1.5, 6.28, 0.01, -0.05, 0.01
3349.0, 3390.0, 3760.0, 3431.0, 3394.0, -7.07, -1.13, 6.29, -0.01, -0.04, -0.02
3345.0, 3387.0, 3760.0, 3434.0, 3396.0, -6.94, -1.39, 6.14, -0.02, -0.04, -0.01
3344.0, 3389.0, 3759.0, 3431.0, 3397.0, -7.11, -1.09, 6.17, 0.0, -0.05, -0.0
3344.0, 3383.0, 3765.0, 3424.0, 3394.0, -7.08, -1.26, 6.32, -0.02, -0.01, -0.01
3344.0, 3380.0, 3757.0, 3431.0, 3393.0, -7.01, -1.2, 6.29, 0.02, -0.04, -0.01
3344.0, 3378.0, 3759.0, 3423.0, 3397.0, -7.05, -1.31, 6.17, 0.03, -0.04, -0.02
3343.0, 3376.0, 3755.0, 3430.0, 3394.0, -6.97, -1.29, 6.24, -0.01, -0.09, 0.01
3344.0, 3376.0, 3760.0, 3409.0, 3395.0, -7.05, -1.19, 6.24, -0.02, -0.05, -0.01
3341.0, 3372.0, 3742.0, 3421.0, 3392.0, -7.0, -1.3, 6.22, -0.01, -0.01, -0.01
3339.0, 3376.0, 3757.0, 3425.0, 3393.0, -7.05, -1.36, 6.37, 0.02, -0.01, -0.03
3342.0, 3376.0, 3757.0, 3435.0, 3394.0, -6.96, -1.28, 6.3, 0.01, -0.05, -0.01
3341.0, 3376.0, 3760.0, 3423.0, 3396.0, -7.09, -1.19, 6.19, 0.0, -0.04, -0.02
3343.0, 3376.0, 3760.0, 3427.0, 3390.0, -6.88, -1.33, 5.97, 0.02, -0.04, -0.01
3343.0, 3375.0, 3759.0, 3425.0, 3392.0, -7.02, -1.21, 6.15, 0.03, -0.06, -0.02
3341.0, 3376.0, 3760.0, 3426.0, 3394.0, -7.06, -1.32, 6.27, 0.0, -0.03, -0.05
3341.0, 3376.0, 3757.0, 3426.0, 3395.0, -7.0, -1.22, 6.15, -0.02, -0.05, 0.02
