3062.0, 3043.0, 3290.0, 3541.0, 3014.0, 9.88, -1.64, -7.52, -0.13, -0.03, -0.67
3090.0, 3041.0, 3266.0, 3647.0, 3138.0, 9.15, 0.24, -4.16, -1.42, 1.06, -1.19
3097.0, 3027.0, 3258.0, 3693.0, 3184.0, 9.43, 3.31, -3.06, -0.55, 1.36, -2.82
3438.0, 3008.0, 3250.0, 3714.0, 3216.0, 7.36, 5.29, -1.32, 0.2, 1.09, -2.71
3541.0, 2998.0, 3250.0, 3707.0, 3211.0, 7.45, 5.68, -1.38, -0.39, 0.66, -2.53
3581.0, 2991.0, 3252.0, 3718.0, 3219.0, 6.05, 6.04, -1.21, -0.08, 0.47, -3.02
3610.0, 2988.0, 3248.0, 3726.0, 3218.0, 4.24, 7.19, -0.52, -0.44, 0.32, -2.73
3623.0, 2985.0, 3290.0, 3733.0, 3222.0, 1.99, 8.2, 0.12, -0.69, 0.28, -2.8
3632.0, 2983.0, 3234.0, 3735.0, 3242.0, -1.34, 10.65, 0.91, -0.4, 1.13, -2.9
3632.0, 2982.0, 3231.0, 3735.0, 3241.0, -3.65, 13.55, 1.21, -0.19, 0.57, -1.55
3617.0, 2981.0, 3229.0, 3729.0, 3230.0, -2.58, 11.61, 1.61, -0.65, -0.27, 0.06
3605.0, 2977.0, 3214.0, 3728.0, 3222.0, -0.89, 10.13, 1.13, -0.33, -0.27, 0.18
3603.0, 2975.0, 3219.0, 3717.0, 3218.0, 0.26, 9.39, 1.32, 0.16, -0.11, 0.08
3583.0, 2973.0, 3216.0, 3714.0, 3216.0, 0.11, 9.52, 1.19, -0.04, -0.06, 0.06
3568.0, 2981.0, 3215.0, 3715.0, 3214.0, -0.11, 9.65, 1.25, -0.23, -0.21, 0.12
3573.0, 2971.0, 3216.0, 3710.0, 3214.0, 0.42, 9.52, 1.27, 0.01, -0.13, -0.06
3569.0, 2967.0, 3213.0, 3699.0, 3207.0, -0.1, 9.67, 1.3, -0.07, -0.04, 0.0
3568.0, 2969.0, 3213.0, 3705.0, 3206.0, 0.12, 9.44, 1.35, -0.1, -0.18, -0.01
3573.0, 2965.0, 3215.0, 3696.0, 3191.0, -0.07, 9.76, 1.64, -0.05, 0.01, -0.02
3559.0, 2964.0, 3214.0, 3699.0, 3199.0, -0.05, 9.86, 1.59, -0.08, -0.07, 0.04
3553.0, 2963.0, 3213.0, 3696.0, 3200.0, 0.03, 9.7, 1.64, -0.09, -0.07, 0.05
3559.0, 2963.0, 3207.0, 3696.0, 3200.0, 0.17, 9.61, 1.54, -0.03, 0.03, 0.03
3552.0, 2962.0, 3213.0, 3696.0, 3199.0, 0.18, 9.56, 1.41, -0.04, 0.03, -0.01
3579.0, 2963.0, 3215.0, 3696.0, 3199.0, 0.09, 9.79, 1.69, -0.04, -0.06, 0.0
3542.0, 2959.0, 3211.0, 3695.0, 3199.0, 0.2, 9.55, 1.65, -0.11, -0.06, 0.08
3542.0, 2965.0, 3225.0, 3695.0, 3198.0, 0.06, 9.61, 1.62, -0.1, 0.02, 0.01
3543.0, 2961.0, 3223.0, 3695.0, 3199.0, 0.13, 9.67, 1.84, -0.07, -0.06, 0.05
3537.0, 2960.0, 3216.0, 3693.0, 3200.0, 0.32, 9.4, 1.91, -0.13, -0.15, 0.11
3543.0, 2961.0, 3216.0, 3690.0, 3197.0, 0.27, 9.52, 1.97, -0.02, -0.04, -0.0
3537.0, 2963.0, 3215.0, 3694.0, 3198.0, 0.23, 9.67, 2.02, -0.06, -0.14, 0.06
3540.0, 2960.0, 3217.0, 3696.0, 3197.0, 0.32, 9.54, 1.99, -0.07, -0.03, -0.01
3536.0, 2961.0, 3216.0, 3698.0, 3187.0, 0.22, 9.55, 1.92, -0.1, -0.1, 0.07
3536.0, 2963.0, 3216.0, 3696.0, 3199.0, 0.32, 9.56, 2.07, -0.03, -0.04, 0.01
3536.0, 2961.0, 3219.0, 3696.0, 3200.0, 0.33, 9.55, 2.09, -0.06, -0.07, 0.04
3536.0, 2962.0, 3218.0, 3694.0, 3195.0, 0.27, 9.55, 2.14, -0.0, 0.0, -0.03
3521.0, 2961.0, 3210.0, 3664.0, 3197.0, 0.47, 9.45, 2.11, -0.05, -0.08, 0.03
3532.0, 2960.0, 3217.0, 3690.0, 3198.0, 0.58, 9.51, 2.29, -0.01, -0.08, 0.03
3535.0, 2960.0, 3219.0, 3696.0, 3197.0, 0.36, 9.67, 2.2, -0.01, -0.06, -0.01
3532.0, 2960.0, 3219.0, 3693.0, 3199.0, 0.5, 9.39, 2.26, 0.01, -0.05, -0.04
3531.0, 2960.0, 3216.0, 3690.0, 3193.0, 0.33, 9.45, 1.95, 0.0, -0.01, -0.05
3533.0, 2960.0, 3217.0, 3691.0, 3196.0, 0.34, 9.49, 1.95, -0.01, -0.06, -0.01
3527.0, 2960.0, 3216.0, 3687.0, 3194.0, 0.28, 9.56, 2.12, -0.02, 0.02, -0.0
3525.0, 2961.0, 3219.0, 3690.0, 3194.0, 0.58, 9.46, 2.37, -0.0, -0.07, 0.01
3525.0, 2961.0, 3220.0, 3694.0, 3196.0, 0.32, 9.5, 2.34, 0.0, -0.04, -0.02
3531.0, 2962.0, 3226.0, 3691.0, 3193.0, 0.46, 9.42, 2.24, 0.02, -0.06, -0.03
3529.0, 2962.0, 3223.0, 3695.0, 3194.0, 0.32, 9.56, 2.22, 0.02, -0.03, -0.03
3533.0, 2960.0, 3220.0, 3687.0, 3191.0, 0.48, 9.47, 2.15, 0.01, -0.05, -0.03
3522.0, 2960.0, 3221.0, 3685.0, 3198.0, 0.35, 9.34, 2.13, -0.04, -0.05, -0.02
3527.0, 2961.0, 3223.0, 3685.0, 3189.0, 0.4, 9.56, 2.23, 0.01, -0.07, -0.04
3521.0, 2960.0, 3224.0, 3684.0, 3190.0, 0.24, 9.61, 2.24, 0.01, -0.04, -0.02
