3139.0, 3087.0, 3237.0, 3024.0, 2794.0, 9.46, 3.38, 0.66, -0.09, -0.12, -0.01
3148.0, 3088.0, 3239.0, 3025.0, 2795.0, 9.26, 3.77, 1.0, -0.05, -0.01, 0.04
3138.0, 3088.0, 3239.0, 3027.0, 2794.0, 9.32, 3.44, 1.11, 0.11, -0.07, 0.07
3136.0, 3118.0, 3248.0, 3034.0, 2801.0, 9.39, 3.13, 0.53, 0.25, -0.36, 0.12
3137.0, 3211.0, 3283.0, 3065.0, 2800.0, 9.32, 3.0, 1.11, 0.31, -0.41, 0.11
3143.0, 3403.0, 3421.0, 3191.0, 2834.0, 10.27, 3.62, 1.34, 0.96, -1.69, 0.34
3152.0, 3534.0, 3671.0, 3457.0, 2933.0, 9.5, 3.16, -1.88, 0.55, -0.85, 0.09
3150.0, 3619.0, 3664.0, 3577.0, 3019.0, 10.1, 2.56, -1.52, 0.55, -0.72, -0.01
3147.0, 3638.0, 3745.0, 3623.0, 3090.0, 9.21, 2.78, -1.94, 0.36, -0.63, 0.17
3150.0, 3666.0, 3760.0, 3657.0, 3170.0, 9.91, 2.71, -2.53, 0.48, -0.41, 0.01
3151.0, 3696.0, 3729.0, 3678.0, 3206.0, 9.64, 2.49, -3.07, 0.02, -0.17, 0.08
3146.0, 3750.0, 3888.0, 3717.0, 3253.0, 8.13, 2.87, -2.33, 0.08, 0.06, -0.12
3136.0, 3774.0, 3917.0, 3747.0, 3297.0, 9.46, 2.75, -2.42, 0.17, -0.02, 0.02
3126.0, 3803.0, 3914.0, 3774.0, 3342.0, 8.9, 2.69, -2.3, -0.04, -0.09, 0.08
3121.0, 3824.0, 3939.0, 3792.0, 3376.0, 9.71, 2.81, -2.91, 0.03, -0.13, 0.17
3121.0, 3830.0, 3949.0, 3793.0, 3387.0, 9.04, 2.76, -1.97, 0.11, -0.05, 0.14
3115.0, 3824.0, 3959.0, 3785.0, 3394.0, 9.84, 2.16, -2.92, 0.43, 0.58, 0.01
3094.0, 3825.0, 3952.0, 3786.0, 3406.0, 9.84, 1.97, -2.37, 0.48, 0.34, 0.02
3062.0, 3824.0, 3845.0, 3748.0, 3402.0, 8.69, 2.67, -1.25, 0.32, 0.53, -0.14
