2934.0, 2895.0, 3788.0, 3651.0, 3155.0, 8.38, 5.57, -0.71, 0.02, -0.07, 0.01
2929.0, 2896.0, 3786.0, 3648.0, 3152.0, 8.31, 5.55, -0.72, -0.07, -0.02, -0.04
2933.0, 2896.0, 3782.0, 3645.0, 3159.0, 8.26, 5.67, -0.59, 0.0, -0.06, 0.01
2931.0, 2894.0, 3781.0, 3642.0, 3152.0, 8.28, 5.65, -0.82, 0.0, 0.03, -0.01
2925.0, 2895.0, 3776.0, 3641.0, 3152.0, 8.29, 5.6, -0.6, -0.04, -0.02, -0.02
2929.0, 2896.0, 3783.0, 3637.0, 3152.0, 8.24, 5.7, -0.62, -0.02, -0.01, -0.01
2933.0, 2893.0, 3778.0, 3638.0, 3152.0, 8.42, 5.51, -0.6, 0.02, 0.0, -0.02
2930.0, 2887.0, 3776.0, 3643.0, 3153.0, 8.37, 5.64, -0.51, 0.04, -0.02, -0.01
2929.0, 2893.0, 3776.0, 3603.0, 3152.0, 8.35, 5.64, -0.73, -0.01, 0.04, -0.07
2923.0, 2891.0, 3772.0, 3633.0, 3153.0, 8.3, 5.74, -0.52, 0.0, -0.03, -0.02
2933.0, 2887.0, 3775.0, 3634.0, 3161.0, 8.24, 5.75, -0.56, 0.0, 0.03, -0.03
2928.0, 2887.0, 3773.0, 3635.0, 3152.0, 8.33, 5.7, -0.59, 0.01, 0.0, -0.01
2929.0, 2889.0, 3773.0, 3632.0, 3151.0, 8.31, 5.7, -0.44, 0.04, -0.06, 0.01
2928.0, 2888.0, 3767.0, 3635.0, 3163.0, 8.26, 5.69, -0.44, 0.04, 0.03, -0.04
2929.0, 2887.0, 3766.0, 3645.0, 3161.0, 8.29, 5.63, -0.5, -0.03, 0.02, -0.04
2928.0, 2887.0, 3773.0, 3633.0, 3152.0, 8.25, 5.66, -0.37, 0.03, 0.04, -0.04
2921.0, 2879.0, 3766.0, 3632.0, 3152.0, 8.31, 5.66, -0.47, -0.04, 0.03, -0.04
2930.0, 2887.0, 3766.0, 3632.0, 3152.0, 8.21, 5.77, -0.34, -0.01, -0.05, -0.0
2928.0, 2887.0, 3763.0, 3629.0, 3152.0, 8.17, 5.75, -0.27, 0.05, -0.02, -0.0
2928.0, 2882.0, 3765.0, 3632.0, 3152.0, 8.36, 5.74, -0.73, -0.0, -0.09, 0.02
2933.0, 2895.0, 3763.0, 3632.0, 3150.0, 8.2, 5.78, -0.36, -0.04, -0.03, 0.01
2928.0, 2884.0, 3760.0, 3634.0, 3151.0, 8.34, 5.62, -0.48, -0.01, 0.0, -0.03
2928.0, 2886.0, 3769.0, 3632.0, 3152.0, 8.28, 5.72, -0.22, 0.0, -0.04, 0.0
2915.0, 2882.0, 3760.0, 3627.0, 3152.0, 8.28, 5.76, -0.39, -0.05, 0.0, -0.03
2928.0, 2880.0, 3760.0, 3623.0, 3149.0, 8.21, 5.73, -0.26, 0.05, -0.1, 0.0
2927.0, 2882.0, 3760.0, 3626.0, 3152.0, 8.31, 5.74, -0.53, 0.01, 0.03, -0.04
2922.0, 2879.0, 3763.0, 3627.0, 3151.0, 8.18, 5.83, -0.32, -0.05, 0.01, -0.01
2925.0, 2878.0, 3762.0, 3623.0, 3147.0, 8.21, 5.76, -0.35, -0.01, 0.03, -0.04
2927.0, 2881.0, 3760.0, 3632.0, 3148.0, 8.31, 5.76, -0.36, -0.01, -0.03, -0.0
2925.0, 2881.0, 3758.0, 3622.0, 3149.0, 8.24, 5.62, -0.35, 0.07, -0.03, -0.04
2918.0, 2883.0, 3751.0, 3613.0, 3151.0, 8.23, 5.81, -0.55, -0.01, -0.01, -0.02
2924.0, 2881.0, 3760.0, 3622.0, 3148.0, 8.18, 5.79, -0.43, 0.03, -0.03, 0.01
2925.0, 2880.0, 3759.0, 3618.0, 3148.0, 8.19, 5.64, -0.2, -0.0, 0.04, -0.01
2925.0, 2880.0, 3760.0, 3626.0, 3148.0, 8.19, 5.61, -0.25, -0.01, 0.0, -0.01
2925.0, 2880.0, 3757.0, 3620.0, 3163.0, 8.23, 5.75, -0.25, 0.03, -0.01, -0.01
2923.0, 2878.0, 3755.0, 3621.0, 3146.0, 8.31, 5.71, -0.1, 0.08, -0.03, -0.01
2928.0, 2878.0, 3753.0, 3619.0, 3147.0, 8.22, 5.66, -0.2, -0.01, -0.02, -0.06
2918.0, 2880.0, 3755.0, 3621.0, 3143.0, 8.19, 5.86, -0.24, 0.01, -0.04, -0.01
2923.0, 2881.0, 3742.0, 3618.0, 3147.0, 8.28, 5.77, -0.34, 0.02, -0.02, 0.0
2926.0, 2896.0, 3760.0, 3620.0, 3143.0, 8.24, 5.68, -0.18, -0.02, -0.01, -0.02
2927.0, 2880.0, 3758.0, 3622.0, 3145.0, 8.28, 5.77, -0.14, 0.05, -0.04, -0.0
2923.0, 2875.0, 3758.0, 3622.0, 3143.0, 8.24, 5.7, -0.25, -0.02, -0.02, -0.03
2923.0, 2879.0, 3757.0, 3615.0, 3147.0, 8.25, 5.76, -0.18, -0.03, 0.0, -0.03
2923.0, 2877.0, 3756.0, 3616.0, 3144.0, 8.24, 5.86, -0.21, -0.03, -0.04, -0.0
2873.0, 2870.0, 3738.0, 3621.0, 3139.0, 8.21, 5.77, -0.12, -0.0, -0.06, 0.03
2923.0, 2878.0, 3751.0, 3659.0, 3142.0, 8.32, 5.7, -0.16, -0.03, -0.05, -0.0
2923.0, 2877.0, 3749.0, 3646.0, 3147.0, 8.16, 5.74, -0.34, -0.03, 0.01, -0.02
2922.0, 2875.0, 3754.0, 3620.0, 3145.0, 8.2, 5.79, -0.06, 0.0, -0.01, -0.02
2925.0, 2879.0, 3767.0, 3614.0, 3142.0, 8.2, 5.8, 0.0, -0.04, -0.01, -0.03
2922.0, 2874.0, 3747.0, 3616.0, 3146.0, 8.15, 5.83, -0.11, -0.02, -0.04, -0.01
2923.0, 2877.0, 3753.0, 3617.0, 3146.0, 8.32, 5.67, -0.09, 0.02, -0.03, 0.05
