3279.0, 3391.0, 3387.0, 3213.0, 3341.0, 8.63, 1.32, -5.77, 0.04, 0.02, 0.04
3279.0, 3365.0, 3381.0, 3209.0, 3335.0, 8.57, 1.19, -5.64, 0.06, 0.03, 0.02
3279.0, 3361.0, 3383.0, 3213.0, 3321.0, 8.4, 1.24, -5.46, 0.02, -0.07, 0.04
3279.0, 3355.0, 3381.0, 3204.0, 3328.0, 8.26, 1.29, -5.53, 0.06, -0.13, 0.03
3279.0, 3355.0, 3382.0, 3215.0, 3336.0, 8.22, 1.2, -5.95, 0.1, -0.13, -0.01
3268.0, 3373.0, 3373.0, 3225.0, 3333.0, 8.05, 0.77, -6.04, 0.07, -0.1, -0.0
3280.0, 3371.0, 3381.0, 3200.0, 3327.0, 8.03, 0.69, -6.14, 0.02, -0.05, 0.02
3279.0, 3365.0, 3383.0, 3213.0, 3331.0, 8.19, 0.8, -5.88, 0.04, -0.05, -0.05
3265.0, 3363.0, 3377.0, 3201.0, 3328.0, 8.36, 1.01, -5.75, -0.01, -0.04, -0.07
3277.0, 3402.0, 3381.0, 3209.0, 3323.0, 8.31, 1.22, -5.54, -0.02, -0.1, -0.09
3283.0, 3423.0, 3393.0, 3217.0, 3338.0, 8.26, 1.32, -5.74, -0.02, -0.19, -0.05
3274.0, 3404.0, 3382.0, 3212.0, 3309.0, 7.76, 1.43, -6.05, 0.14, -0.07, -0.14
3274.0, 3401.0, 3382.0, 3213.0, 3327.0, 8.1, 1.15, -6.35, 0.07, 0.0, -0.03
3273.0, 3404.0, 3383.0, 3211.0, 3319.0, 8.28, 1.01, -5.76, 0.07, 0.02, 0.05
3274.0, 3376.0, 3385.0, 3203.0, 3314.0, 8.45, 1.07, -5.75, 0.04, 0.02, 0.01
3259.0, 3361.0, 3382.0, 3200.0, 3314.0, 8.41, 1.09, -5.79, -0.01, -0.07, 0.02
3274.0, 3365.0, 3391.0, 3225.0, 3318.0, 8.11, 1.14, -5.82, -0.01, -0.09, -0.01
3273.0, 3360.0, 3392.0, 3213.0, 3309.0, 8.0, 1.23, -5.94, 0.01, -0.06, -0.01
3269.0, 3376.0, 3387.0, 3217.0, 3322.0, 8.05, 1.01, -6.18, 0.01, -0.05, -0.03
3271.0, 3374.0, 3393.0, 3216.0, 3330.0, 7.99, 1.05, -6.16, 0.06, -0.04, -0.04
3264.0, 3373.0, 3393.0, 3203.0, 3326.0, 8.13, 0.99, -6.06, 0.03, -0.01, -0.08
3274.0, 3386.0, 3401.0, 3216.0, 3328.0, 8.1, 1.07, -5.82, -0.0, 0.01, -0.06
3269.0, 3379.0, 3408.0, 3220.0, 3335.0, 8.2, 1.23, -5.75, -0.03, -0.01, -0.03
3269.0, 3371.0, 3419.0, 3226.0, 3342.0, 8.29, 1.3, -5.95, -0.0, 0.0, -0.1
3264.0, 3362.0, 3419.0, 3227.0, 3341.0, 8.12, 1.35, -5.92, -0.0, -0.02, -0.05
3267.0, 3359.0, 3401.0, 3209.0, 3344.0, 8.14, 1.4, -5.9, 0.03, 0.01, -0.03
3263.0, 3362.0, 3397.0, 3210.0, 3338.0, 8.29, 1.4, -5.94, 0.03, 0.02, 0.01
3265.0, 3359.0, 3394.0, 3214.0, 3344.0, 8.3, 1.26, -5.88, 0.02, 0.03, 0.01
3267.0, 3365.0, 3410.0, 3217.0, 3328.0, 8.38, 1.08, -5.75, 0.01, 0.03, 0.01
3248.0, 3359.0, 3399.0, 3220.0, 3344.0, 8.38, 1.15, -5.77, -0.04, -0.01, 0.02
3264.0, 3349.0, 3398.0, 3207.0, 3339.0, 8.24, 1.3, -5.82, -0.0, -0.05, -0.02
3262.0, 3357.0, 3398.0, 3207.0, 3341.0, 8.22, 1.25, -5.82, -0.01, -0.07, 0.02
3265.0, 3357.0, 3399.0, 3207.0, 3339.0, 8.28, 1.36, -5.96, 0.04, -0.05, -0.03
3248.0, 3376.0, 3403.0, 3209.0, 3339.0, 8.09, 1.09, -5.92, 0.09, -0.08, -0.02
3267.0, 3360.0, 3399.0, 3215.0, 3341.0, 8.06, 1.09, -5.88, 0.07, -0.06, -0.02
3268.0, 3358.0, 3403.0, 3218.0, 3342.0, 8.03, 1.17, -5.83, 0.02, -0.04, -0.05
3278.0, 3369.0, 3408.0, 3226.0, 3350.0, 8.18, 1.13, -5.65, 0.01, -0.02, -0.09
3264.0, 3358.0, 3403.0, 3216.0, 3339.0, 8.23, 1.19, -5.77, -0.06, -0.07, -0.07
3267.0, 3357.0, 3399.0, 3216.0, 3339.0, 8.12, 1.55, -5.93, 0.02, -0.03, -0.11
3264.0, 3357.0, 3400.0, 3216.0, 3307.0, 8.18, 1.61, -5.89, 0.01, 0.01, -0.03
3265.0, 3366.0, 3397.0, 3219.0, 3335.0, 8.37, 1.32, -5.81, 0.03, 0.05, 0.03
3265.0, 3403.0, 3399.0, 3216.0, 3338.0, 8.42, 1.27, -5.66, 0.01, 0.02, 0.05
3271.0, 3417.0, 3398.0, 3211.0, 3330.0, 8.43, 1.23, -5.57, 0.03, -0.03, -0.01
3265.0, 3417.0, 3399.0, 3212.0, 3338.0, 8.27, 1.35, -5.63, -0.0, -0.07, 0.04
3264.0, 3397.0, 3402.0, 3217.0, 3335.0, 8.11, 1.41, -5.72, 0.0, -0.07, 0.01
3264.0, 3402.0, 3401.0, 3215.0, 3333.0, 8.18, 1.21, -5.97, 0.03, -0.08, -0.01
3265.0, 3414.0, 3399.0, 3216.0, 3333.0, 8.06, 1.16, -6.01, 0.04, -0.08, -0.03
3264.0, 3400.0, 3395.0, 3216.0, 3338.0, 8.06, 1.13, -5.96, 0.06, -0.03, -0.06
3264.0, 3409.0, 3397.0, 3216.0, 3330.0, 8.25, 1.1, -5.89, -0.01, -0.01, -0.06
3265.0, 3425.0, 3398.0, 3216.0, 3330.0, 8.37, 1.3, -5.68, -0.04, -0.05, -0.05
3265.0, 3360.0, 3395.0, 3215.0, 3328.0, 8.19, 1.52, -5.67, -0.02, -0.05, -0.06
