3281.0, 3398.0, 3599.0, 3340.0, 3491.0, 8.56, 0.56, -5.14, -0.06, -0.0, 0.0
3280.0, 3395.0, 3600.0, 3329.0, 3489.0, 8.88, 0.56, -5.2, -0.05, 0.01, 0.03
3284.0, 3399.0, 3583.0, 3334.0, 3493.0, 8.88, 0.12, -5.02, -0.14, 0.01, 0.17
3282.0, 3395.0, 3583.0, 3335.0, 3436.0, 8.58, 0.2, -5.21, -0.14, -0.03, 0.14
3280.0, 3398.0, 3597.0, 3331.0, 3489.0, 8.44, 0.06, -5.54, -0.09, -0.08, 0.09
3280.0, 3401.0, 3583.0, 3334.0, 3490.0, 8.17, 0.07, -5.52, -0.13, -0.04, 0.16
3281.0, 3396.0, 3617.0, 3335.0, 3497.0, 8.34, -0.12, -5.72, -0.07, -0.06, 0.04
3281.0, 3397.0, 3583.0, 3333.0, 3491.0, 8.43, 0.02, -5.91, -0.02, -0.1, -0.08
3281.0, 3397.0, 3598.0, 3335.0, 3489.0, 8.48, -0.06, -5.49, 0.13, -0.26, -0.28
3280.0, 3392.0, 3599.0, 3330.0, 3490.0, 8.36, 0.67, -5.89, 0.11, -0.12, -0.26
3280.0, 3399.0, 3599.0, 3333.0, 3487.0, 8.96, 0.51, -5.54, -0.02, 0.14, 0.04
3280.0, 3393.0, 3597.0, 3335.0, 3488.0, 8.86, 0.2, -4.82, -0.04, 0.04, 0.11
3280.0, 3393.0, 3600.0, 3333.0, 3529.0, 8.17, 0.22, -5.15, 0.02, -0.15, -0.05
3280.0, 3392.0, 3583.0, 3331.0, 3490.0, 8.07, 0.22, -5.79, -0.05, -0.15, -0.12
3280.0, 3395.0, 3597.0, 3329.0, 3487.0, 8.42, 0.68, -6.13, -0.04, -0.02, -0.1
3280.0, 3394.0, 3583.0, 3333.0, 3489.0, 8.65, 0.59, -5.71, -0.0, 0.07, -0.01
3280.0, 3393.0, 3583.0, 3332.0, 3487.0, 8.78, 0.48, -5.38, 0.06, 0.03, -0.01
3280.0, 3393.0, 3600.0, 3333.0, 3488.0, 8.68, 0.42, -5.45, 0.08, -0.04, 0.01
3280.0, 3392.0, 3598.0, 3333.0, 3489.0, 8.3, 0.46, -5.29, 0.04, -0.08, 0.02
3280.0, 3382.0, 3583.0, 3333.0, 3487.0, 8.27, 0.31, -5.66, 0.01, -0.05, -0.04
3280.0, 3394.0, 3599.0, 3328.0, 3487.0, 8.48, 0.3, -5.7, -0.03, -0.02, -0.06
3280.0, 3394.0, 3598.0, 3331.0, 3489.0, 8.55, 0.45, -5.51, -0.02, 0.02, -0.05
3281.0, 3399.0, 3600.0, 3330.0, 3487.0, 8.7, 0.41, -5.35, -0.0, -0.03, -0.05
3280.0, 3397.0, 3600.0, 3331.0, 3487.0, 8.51, 0.39, -5.79, 0.04, -0.05, -0.03
3280.0, 3398.0, 3600.0, 3335.0, 3489.0, 8.62, 0.41, -5.61, -0.02, -0.01, -0.0
3276.0, 3398.0, 3600.0, 3331.0, 3487.0, 8.56, 0.55, -5.37, 0.01, -0.05, -0.07
3280.0, 3402.0, 3600.0, 3335.0, 3486.0, 8.74, 0.82, -5.49, -0.02, 0.01, -0.03
3281.0, 3399.0, 3600.0, 3340.0, 3489.0, 8.73, 0.75, -4.8, -0.14, 0.06, 0.13
3280.0, 3399.0, 3600.0, 3336.0, 3488.0, 8.24, 0.48, -5.43, 0.04, -0.06, 0.04
3275.0, 3389.0, 3599.0, 3333.0, 3488.0, 8.57, 0.55, -6.09, -0.03, -0.1, -0.07
3278.0, 3399.0, 3601.0, 3331.0, 3485.0, 8.65, 0.59, -5.33, -0.11, -0.06, 0.11
3280.0, 3402.0, 3645.0, 3334.0, 3487.0, 8.58, 0.54, -5.56, 0.06, -0.12, 0.13
3280.0, 3398.0, 3600.0, 3337.0, 3487.0, 8.38, 0.32, -5.74, 0.04, -0.11, -0.01
3280.0, 3402.0, 3605.0, 3337.0, 3487.0, 8.3, 0.4, -5.69, 0.04, 0.03, 0.02
3279.0, 3395.0, 3599.0, 3334.0, 3487.0, 8.66, 0.2, -5.55, 0.01, 0.22, 0.1
3278.0, 3405.0, 3598.0, 3338.0, 3485.0, 8.93, -0.11, -4.92, -0.12, 0.17, 0.07
3280.0, 3393.0, 3600.0, 3329.0, 3485.0, 8.55, 0.31, -4.78, -0.03, -0.1, -0.06
3279.0, 3401.0, 3600.0, 3333.0, 3486.0, 8.15, 0.64, -4.88, -0.13, -0.12, -0.03
3275.0, 3403.0, 3600.0, 3338.0, 3483.0, 8.55, 0.7, -5.78, -0.03, -0.17, -0.07
3280.0, 3399.0, 3600.0, 3337.0, 3484.0, 8.76, 0.31, -5.9, -0.02, -0.07, -0.04
3280.0, 3404.0, 3600.0, 3307.0, 3485.0, 8.99, 0.42, -5.95, 0.04, 0.02, 0.04
3279.0, 3402.0, 3600.0, 3335.0, 3484.0, 8.54, 0.36, -5.39, 0.14, -0.07, -0.01
3280.0, 3398.0, 3600.0, 3340.0, 3486.0, 7.98, 0.62, -5.0, 0.02, 0.0, -0.01
3279.0, 3397.0, 3600.0, 3339.0, 3485.0, 8.43, 0.51, -5.0, -0.04, 0.03, 0.08
3274.0, 3397.0, 3600.0, 3335.0, 3486.0, 8.49, 0.0, -5.3, 0.05, -0.07, 0.02
3284.0, 3403.0, 3600.0, 3337.0, 3490.0, 8.66, 0.12, -5.59, -0.07, -0.08, -0.04
3280.0, 3394.0, 3600.0, 3333.0, 3483.0, 8.79, 0.57, -5.51, 0.05, -0.1, -0.11
3282.0, 3402.0, 3600.0, 3337.0, 3487.0, 8.49, 0.86, -5.52, 0.16, -0.09, -0.09
3299.0, 3404.0, 3583.0, 3337.0, 3486.0, 8.82, 0.66, -5.43, 0.03, -0.01, 0.06
3281.0, 3403.0, 3598.0, 3333.0, 3489.0, 8.78, 0.11, -5.14, 0.04, -0.03, 0.09
