3307.0, 3456.0, 3573.0, 3852.0, 3440.0, 8.37, -0.48, -6.13, 0.82, 0.06, -0.81
3280.0, 3377.0, 3465.0, 3824.0, 3353.0, 8.24, 0.62, -5.86, -0.03, -0.03, -0.03
3289.0, 3376.0, 3467.0, 3821.0, 3349.0, 8.32, 0.66, -5.79, -0.03, -0.05, -0.02
3278.0, 3376.0, 3463.0, 3822.0, 3347.0, 8.33, 0.67, -5.91, -0.03, -0.02, -0.04
3276.0, 3377.0, 3463.0, 3827.0, 3351.0, 8.48, 0.77, -5.79, -0.02, -0.04, -0.02
3275.0, 3376.0, 3467.0, 3823.0, 3347.0, 8.41, 0.75, -5.81, 0.01, -0.03, -0.03
3277.0, 3377.0, 3465.0, 3824.0, 3349.0, 8.43, 0.79, -5.77, 0.02, -0.03, -0.01
3277.0, 3376.0, 3467.0, 3817.0, 3347.0, 8.31, 0.87, -5.71, 0.01, -0.02, 0.03
3273.0, 3371.0, 3467.0, 3823.0, 3347.0, 8.42, 0.64, -5.62, 0.02, -0.03, 0.02
3275.0, 3371.0, 3483.0, 3819.0, 3344.0, 8.33, 0.81, -5.7, 0.01, -0.03, 0.03
3278.0, 3374.0, 3467.0, 3819.0, 3349.0, 8.31, 0.68, -5.61, 0.01, -0.05, -0.02
3275.0, 3370.0, 3469.0, 3821.0, 3346.0, 8.3, 0.55, -5.75, 0.01, -0.05, 0.0
3273.0, 3373.0, 3466.0, 3824.0, 3346.0, 8.3, 0.72, -5.83, 0.01, -0.05, 0.0
3278.0, 3373.0, 3466.0, 3819.0, 3347.0, 8.27, 0.64, -5.84, 0.01, -0.05, -0.02
3274.0, 3371.0, 3469.0, 3823.0, 3347.0, 8.29, 0.64, -6.0, -0.0, -0.01, -0.01
3275.0, 3371.0, 3465.0, 3821.0, 3344.0, 8.43, 0.69, -5.77, -0.0, -0.03, -0.02
3274.0, 3371.0, 3470.0, 3822.0, 3344.0, 8.31, 0.74, -5.78, 0.03, 0.02, -0.02
3275.0, 3373.0, 3471.0, 3818.0, 3344.0, 8.09, 0.66, -5.76, 0.07, 0.06, -0.06
3271.0, 3371.0, 3472.0, 3817.0, 3344.0, 7.56, 0.78, -6.17, 0.12, 0.22, -0.15
3279.0, 3375.0, 3468.0, 3817.0, 3344.0, 8.51, 0.45, -5.36, -0.11, 0.32, 0.07
3308.0, 3373.0, 3467.0, 3820.0, 3307.0, 9.34, 0.74, -4.79, -0.04, 0.15, -0.09
3271.0, 3371.0, 3470.0, 3817.0, 3344.0, 9.11, 0.9, -4.93, 0.02, -0.06, -0.14
3275.0, 3371.0, 3469.0, 3817.0, 3344.0, 8.62, 1.18, -5.15, -0.03, -0.08, -0.01
3274.0, 3369.0, 3467.0, 3819.0, 3344.0, 8.67, 0.97, -5.38, 0.02, -0.05, 0.01
3274.0, 3371.0, 3470.0, 3824.0, 3344.0, 8.69, 0.61, -5.3, 0.04, -0.05, 0.06
3273.0, 3370.0, 3472.0, 3814.0, 3344.0, 8.55, 0.75, -5.35, 0.02, -0.03, 0.04
3275.0, 3375.0, 3471.0, 3818.0, 3323.0, 8.52, 0.87, -5.2, 0.01, -0.05, 0.06
3276.0, 3374.0, 3469.0, 3815.0, 3344.0, 8.58, 0.65, -5.2, 0.05, -0.04, -0.02
3275.0, 3370.0, 3468.0, 3814.0, 3343.0, 8.54, 0.66, -5.24, 0.04, -0.03, -0.0
3273.0, 3369.0, 3474.0, 3812.0, 3344.0, 8.63, 0.61, -5.22, -0.04, -0.07, 0.0
3241.0, 3367.0, 3474.0, 3815.0, 3342.0, 8.8, 0.83, -5.59, -0.02, -0.03, 0.02
3275.0, 3367.0, 3482.0, 3814.0, 3344.0, 8.71, 0.79, -5.31, 0.05, -0.01, -0.01
3274.0, 3370.0, 3495.0, 3805.0, 3344.0, 8.57, 0.67, -5.2, 0.01, -0.02, 0.0
3274.0, 3363.0, 3490.0, 3815.0, 3344.0, 8.65, 0.61, -5.15, 0.08, 0.01, -0.06
3271.0, 3370.0, 3482.0, 3815.0, 3344.0, 8.67, 0.63, -5.1, -0.01, -0.01, -0.01
3271.0, 3370.0, 3483.0, 3809.0, 3342.0, 8.75, 0.74, -5.26, -0.01, 0.02, -0.07
3271.0, 3365.0, 3497.0, 3812.0, 3342.0, 8.88, 0.8, -5.13, -0.02, 0.01, 0.02
3274.0, 3367.0, 3485.0, 3818.0, 3344.0, 8.66, 0.98, -5.05, -0.02, -0.02, 0.01
3271.0, 3366.0, 3470.0, 3824.0, 3340.0, 8.75, 0.79, -5.26, 0.02, -0.06, -0.01
3273.0, 3367.0, 3483.0, 3824.0, 3341.0, 8.45, 0.77, -5.27, 0.04, -0.09, -0.07
3269.0, 3369.0, 3476.0, 3810.0, 3343.0, 8.63, 0.66, -5.28, -0.03, 0.01, 0.01
3274.0, 3367.0, 3504.0, 3813.0, 3341.0, 8.97, 0.73, -5.05, 0.01, 0.01, 0.06
3271.0, 3371.0, 3472.0, 3818.0, 3341.0, 8.86, 0.74, -5.13, 0.01, -0.04, -0.06
3270.0, 3369.0, 3471.0, 3814.0, 3339.0, 8.79, 0.72, -5.08, 0.0, -0.08, -0.0
3273.0, 3369.0, 3471.0, 3813.0, 3343.0, 8.68, 0.77, -5.3, -0.0, -0.08, 0.02
3269.0, 3371.0, 3469.0, 3821.0, 3343.0, 8.74, 0.75, -5.13, -0.01, -0.03, -0.01
3269.0, 3370.0, 3472.0, 3815.0, 3341.0, 8.77, 0.82, -5.16, -0.0, -0.02, 0.0
3270.0, 3371.0, 3470.0, 3810.0, 3341.0, 8.67, 0.83, -5.17, -0.02, -0.05, -0.01
3267.0, 3367.0, 3459.0, 3810.0, 3341.0, 8.72, 0.63, -5.17, 0.01, -0.05, -0.02
3269.0, 3366.0, 3455.0, 3813.0, 3341.0, 8.73, 0.73, -5.27, -0.01, -0.02, -0.01
3266.0, 3371.0, 3467.0, 3812.0, 3341.0, 8.65, 0.8, -5.18, -0.01, -0.04, -0.03
