3312.0, 3409.0, 3442.0, 3870.0, 3481.0, 8.82, 1.48, -4.81, 0.03, -0.09, -0.06
3312.0, 3407.0, 3441.0, 3866.0, 3477.0, 8.87, 1.45, -4.64, 0.03, -0.06, -0.03
3312.0, 3407.0, 3441.0, 3869.0, 3478.0, 8.91, 1.62, -4.58, 0.07, -0.05, -0.11
3312.0, 3405.0, 3440.0, 3870.0, 3477.0, 8.71, 1.41, -4.5, 0.07, -0.02, -0.15
3311.0, 3407.0, 3442.0, 3870.0, 3478.0, 8.73, 1.45, -4.89, -0.08, -0.01, -0.07
3310.0, 3403.0, 3443.0, 3871.0, 3477.0, 9.02, 1.62, -4.63, 0.03, 0.04, -0.13
3307.0, 3404.0, 3442.0, 3877.0, 3476.0, 9.01, 1.86, -4.58, 0.01, 0.0, -0.06
3310.0, 3403.0, 3441.0, 3872.0, 3474.0, 8.95, 2.02, -4.72, 0.03, 0.02, -0.03
3306.0, 3407.0, 3443.0, 3875.0, 3475.0, 9.06, 1.79, -4.55, -0.02, 0.0, 0.05
3307.0, 3403.0, 3445.0, 3869.0, 3475.0, 8.84, 1.84, -4.66, 0.04, -0.03, 0.07
3305.0, 3406.0, 3445.0, 3879.0, 3475.0, 9.04, 1.41, -4.62, 0.02, -0.0, 0.06
3302.0, 3402.0, 3443.0, 3875.0, 3472.0, 8.98, 1.47, -4.56, -0.01, -0.05, 0.04
3298.0, 3402.0, 3443.0, 3873.0, 3472.0, 8.83, 1.44, -4.55, 0.02, -0.07, -0.02
3308.0, 3398.0, 3443.0, 3874.0, 3472.0, 8.72, 1.62, -4.42, 0.01, -0.1, -0.1
3307.0, 3445.0, 3444.0, 3871.0, 3472.0, 8.97, 1.81, -4.6, -0.02, -0.12, -0.11
3310.0, 3475.0, 3466.0, 3896.0, 3476.0, 8.96, 1.74, -4.84, -0.0, -0.08, -0.01
3308.0, 3473.0, 3442.0, 3868.0, 3472.0, 8.92, 1.71, -4.82, 0.04, -0.05, -0.0
3306.0, 3472.0, 3448.0, 3878.0, 3473.0, 8.99, 1.59, -4.74, 0.02, -0.04, 0.0
3303.0, 3472.0, 3446.0, 3867.0, 3472.0, 8.87, 1.65, -4.49, 0.01, -0.06, 0.02
3303.0, 3469.0, 3446.0, 3869.0, 3471.0, 8.8, 1.66, -4.81, 0.03, -0.05, 0.02
3304.0, 3469.0, 3445.0, 3872.0, 3467.0, 8.75, 1.58, -4.68, 0.03, -0.05, -0.02
3311.0, 3440.0, 3443.0, 3867.0, 3469.0, 8.94, 1.57, -4.7, -0.01, -0.04, 0.01
3303.0, 3421.0, 3443.0, 3863.0, 3468.0, 8.89, 1.71, -4.84, 0.02, -0.06, -0.0
3303.0, 3415.0, 3442.0, 3869.0, 3470.0, 8.91, 1.75, -4.75, 0.03, -0.06, -0.01
3303.0, 3408.0, 3445.0, 3870.0, 3469.0, 8.9, 1.65, -4.74, 0.02, -0.03, 0.0
3301.0, 3406.0, 3445.0, 3867.0, 3470.0, 8.9, 1.44, -4.71, 0.02, -0.0, -0.0
3299.0, 3407.0, 3447.0, 3871.0, 3470.0, 8.83, 1.53, -4.64, -0.0, -0.02, -0.01
3301.0, 3404.0, 3445.0, 3867.0, 3466.0, 8.91, 1.67, -4.76, 0.02, -0.0, -0.04
3298.0, 3413.0, 3442.0, 3861.0, 3467.0, 9.09, 1.56, -4.64, -0.01, -0.01, -0.01
3302.0, 3401.0, 3445.0, 3867.0, 3463.0, 9.11, 1.59, -4.57, 0.0, -0.04, 0.03
3305.0, 3403.0, 3443.0, 3861.0, 3466.0, 8.92, 1.64, -4.65, 0.02, -0.07, 0.03
3285.0, 3399.0, 3440.0, 3870.0, 3483.0, 8.88, 1.47, -4.75, 0.01, -0.08, 0.02
3301.0, 3399.0, 3445.0, 3859.0, 3466.0, 8.79, 1.36, -4.7, 0.01, -0.04, 0.01
3299.0, 3399.0, 3456.0, 3862.0, 3464.0, 8.84, 1.5, -4.73, 0.02, -0.02, 0.01
3294.0, 3395.0, 3461.0, 3859.0, 3450.0, 8.87, 1.53, -4.71, 0.01, -0.03, -0.02
3303.0, 3403.0, 3444.0, 3862.0, 3472.0, 8.93, 1.58, -4.71, 0.01, -0.02, 0.02
3301.0, 3399.0, 3445.0, 3862.0, 3461.0, 8.95, 1.45, -4.73, 0.03, -0.01, 0.01
3299.0, 3403.0, 3443.0, 3867.0, 3465.0, 8.98, 1.43, -4.64, 0.0, -0.01, 0.02
3300.0, 3401.0, 3443.0, 3872.0, 3461.0, 8.91, 1.4, -4.55, 0.02, -0.04, 0.0
3300.0, 3398.0, 3446.0, 3863.0, 3463.0, 8.89, 1.47, -4.81, 0.03, -0.05, -0.03
3305.0, 3408.0, 3444.0, 3857.0, 3465.0, 8.9, 1.55, -5.04, 0.03, -0.03, -0.04
3299.0, 3402.0, 3451.0, 3859.0, 3468.0, 9.08, 1.14, -4.86, 0.02, 0.02, 0.01
3298.0, 3399.0, 3449.0, 3865.0, 3462.0, 9.07, 1.44, -4.47, 0.03, -0.03, -0.02
3299.0, 3399.0, 3444.0, 3860.0, 3467.0, 8.87, 1.87, -4.5, 0.04, -0.09, -0.01
3302.0, 3399.0, 3442.0, 3861.0, 3465.0, 8.63, 1.7, -4.59, 0.08, -0.09, 0.03
3290.0, 3399.0, 3443.0, 3867.0, 3458.0, 8.84, 1.27, -4.8, 0.07, -0.08, 0.0
3296.0, 3398.0, 3445.0, 3863.0, 3458.0, 9.01, 1.13, -4.77, 0.02, -0.03, -0.04
3312.0, 3395.0, 3441.0, 3868.0, 3460.0, 8.88, 1.39, -4.8, 0.01, -0.07, -0.03
3298.0, 3401.0, 3443.0, 3858.0, 3464.0, 8.81, 1.65, -4.75, 0.05, -0.07, -0.05
3297.0, 3395.0, 3445.0, 3862.0, 3461.0, 8.83, 1.32, -4.72, 0.05, -0.04, -0.02
