3136.0, 3296.0, 3339.0, 3282.0, 2869.0, -1.3, 1.9, 9.8, 0.11, -0.02, 0.02
3136.0, 3294.0, 3337.0, 3284.0, 2866.0, -1.33, 1.95, 10.33, 0.51, -0.06, -0.36
3135.0, 3296.0, 3338.0, 3287.0, 2866.0, -0.63, 2.91, 10.31, 1.2, -0.36, -0.48
3141.0, 3295.0, 3350.0, 3291.0, 2868.0, -0.22, 6.37, 13.2, 2.55, -0.84, -0.67
3151.0, 3294.0, 3339.0, 3298.0, 2870.0, 0.51, 8.95, 12.22, 3.54, -1.43, -0.2
3150.0, 3285.0, 3342.0, 3307.0, 2870.0, 0.37, 9.9, 12.9, 4.03, -2.66, 0.72
3162.0, 3286.0, 3356.0, 3324.0, 2889.0, 0.62, 10.8, 8.88, 3.95, -1.75, 0.96
3163.0, 3274.0, 3355.0, 3325.0, 2886.0, 0.73, 10.89, 6.02, 4.14, -1.51, 1.43
3158.0, 3257.0, 3357.0, 3345.0, 2891.0, 0.97, 10.62, 4.98, 4.37, -0.16, 2.01
3168.0, 3245.0, 3398.0, 3401.0, 2911.0, 2.56, 8.26, 4.81, 3.46, -0.35, 2.73
3203.0, 3233.0, 3556.0, 3477.0, 2967.0, 1.76, 4.68, 4.96, 3.4, -0.29, 2.46
3251.0, 3233.0, 3670.0, 3583.0, 3063.0, 3.03, 3.04, -0.63, 3.51, 0.73, 1.53
3227.0, 3245.0, 3745.0, 3662.0, 3143.0, 6.74, 0.76, -9.06, 2.52, 0.36, 1.22
3184.0, 3376.0, 3786.0, 3703.0, 3204.0, 4.53, 0.85, -4.25, 1.93, 0.51, 0.61
3152.0, 3495.0, 3810.0, 3721.0, 3241.0, 5.33, 1.35, -4.0, 1.7, 0.38, 0.12
3152.0, 3582.0, 3840.0, 3744.0, 3284.0, 7.76, 1.48, -5.87, 1.24, 0.64, 0.02
3153.0, 3607.0, 3842.0, 3749.0, 3296.0, 8.04, 0.28, -4.57, 0.75, 0.71, -0.18
3150.0, 3625.0, 3836.0, 3746.0, 3285.0, 9.04, 1.06, -4.79, 0.47, 0.25, -0.2
3139.0, 3631.0, 3824.0, 3740.0, 3290.0, 8.33, 1.97, -4.16, 0.27, -0.23, -0.11
3137.0, 3624.0, 3821.0, 3727.0, 3283.0, 8.37, 2.24, -5.33, -0.05, 0.11, -0.22
3141.0, 3622.0, 3824.0, 3738.0, 3291.0, 8.69, 2.43, -4.91, -0.06, 0.13, -0.09
3126.0, 3614.0, 3814.0, 3771.0, 3279.0, 8.81, 2.09, -4.73, 0.01, -0.03, 0.02
3143.0, 3621.0, 3821.0, 3730.0, 3286.0, 8.63, 2.58, -4.86, -0.01, 0.06, 0.0
3139.0, 3614.0, 3821.0, 3731.0, 3281.0, 8.93, 2.62, -5.04, -0.11, -0.03, 0.2
3142.0, 3606.0, 3814.0, 3728.0, 3280.0, 9.09, 1.88, -4.03, -0.37, -0.36, 0.46
3135.0, 3578.0, 3805.0, 3724.0, 3274.0, 8.63, 1.68, -5.63, -0.4, -0.3, 0.23
3131.0, 3583.0, 3807.0, 3723.0, 3273.0, 8.33, 1.95, -5.49, -0.18, -0.12, 0.09
3135.0, 3583.0, 3805.0, 3723.0, 3273.0, 8.64, 1.64, -5.13, -0.57, -0.18, 0.54
3136.0, 3583.0, 3803.0, 3725.0, 3273.0, 8.72, 1.62, -5.49, -0.14, -0.09, -0.08
3135.0, 3583.0, 3805.0, 3725.0, 3273.0, 8.37, 2.21, -5.57, 0.01, -0.16, 0.02
3136.0, 3583.0, 3808.0, 3725.0, 3270.0, 8.32, 2.21, -5.6, 0.07, -0.06, 0.02
3131.0, 3583.0, 3807.0, 3722.0, 3270.0, 8.38, 1.83, -5.71, 0.12, 0.01, -0.0
3133.0, 3583.0, 3798.0, 3718.0, 3269.0, 8.62, 1.83, -5.15, 0.1, -0.01, 0.06
3131.0, 3583.0, 3803.0, 3727.0, 3267.0, 8.58, 1.71, -5.28, 0.11, -0.05, -0.05
3131.0, 3583.0, 3799.0, 3728.0, 3266.0, 8.53, 2.02, -5.5, 0.04, -0.1, 0.09
3130.0, 3578.0, 3794.0, 3711.0, 3264.0, 8.42, 1.86, -5.46, 0.03, -0.08, 0.05
3130.0, 3575.0, 3794.0, 3713.0, 3265.0, 8.51, 1.61, -5.45, -0.01, -0.06, 0.06
3127.0, 3581.0, 3793.0, 3726.0, 3264.0, 8.37, 1.59, -5.47, -0.05, -0.06, 0.02
3127.0, 3571.0, 3792.0, 3717.0, 3248.0, 8.46, 1.67, -5.23, -0.24, -0.12, 0.16
3129.0, 3574.0, 3792.0, 3715.0, 3260.0, 8.45, 1.81, -5.49, -0.17, -0.13, -0.01
3124.0, 3571.0, 3794.0, 3709.0, 3263.0, 8.29, 1.98, -5.85, -0.07, -0.07, 0.0
3126.0, 3572.0, 3792.0, 3716.0, 3261.0, 8.28, 1.9, -5.77, 0.03, -0.01, -0.01
3125.0, 3571.0, 3776.0, 3712.0, 3258.0, 8.43, 1.64, -5.55, 0.01, 0.01, 0.01
3120.0, 3574.0, 3792.0, 3712.0, 3256.0, 8.52, 1.92, -5.56, -0.02, 0.01, 0.03
3123.0, 3568.0, 3795.0, 3713.0, 3264.0, 8.41, 1.69, -5.57, -0.03, -0.0, 0.04
3126.0, 3571.0, 3790.0, 3710.0, 3253.0, 8.41, 1.75, -5.56, -0.05, 0.02, -0.0
3125.0, 3569.0, 3791.0, 3712.0, 3264.0, 8.52, 1.83, -5.51, -0.04, 0.12, -0.02
3124.0, 3600.0, 3789.0, 3711.0, 3255.0, 8.32, 1.89, -5.31, -0.02, 0.13, -0.09
3121.0, 3567.0, 3793.0, 3708.0, 3255.0, 8.34, 2.29, -5.02, -0.04, 0.1, -0.06
3108.0, 3568.0, 3792.0, 3715.0, 3253.0, 8.53, 2.03, -5.37, -0.02, 0.09, 0.1
3122.0, 3575.0, 3787.0, 3711.0, 3252.0, 8.74, 1.67, -5.13, -0.23, 0.09, 0.31
3121.0, 3566.0, 3791.0, 3707.0, 3251.0, 8.93, 1.53, -5.09, -0.12, 0.14, 0.03
3120.0, 3568.0, 3790.0, 3712.0, 3251.0, 8.69, 1.99, -4.78, -0.21, 0.02, 0.16
