3200.0, 3265.0, 3367.0, 3238.0, 2831.0, 7.13, 5.63, 4.04, 0.01, -0.04, -0.01
3200.0, 3264.0, 3370.0, 3235.0, 2830.0, 7.11, 5.61, 4.08, 0.0, -0.04, -0.01
3209.0, 3275.0, 3383.0, 3249.0, 2841.0, 7.15, 5.6, 4.04, 0.01, -0.04, -0.01
3189.0, 3262.0, 3366.0, 3227.0, 2832.0, 7.13, 5.63, 4.0, 0.01, -0.04, -0.01
3200.0, 3265.0, 3371.0, 3241.0, 2831.0, 7.15, 5.62, 4.12, 0.01, -0.04, -0.0
3199.0, 3264.0, 3370.0, 3242.0, 2831.0, 7.16, 5.59, 4.0, 0.01, -0.04, -0.01
3199.0, 3279.0, 3369.0, 3241.0, 2831.0, 7.08, 5.59, 4.04, 0.02, -0.07, -0.01
3201.0, 3264.0, 3371.0, 3239.0, 2831.0, 7.22, 5.88, 4.35, -0.04, 0.08, -0.08
3201.0, 3262.0, 3371.0, 3243.0, 2853.0, 7.08, 6.29, 5.45, -0.07, 0.78, -0.39
3205.0, 3263.0, 3371.0, 3241.0, 2826.0, 6.74, 6.34, 4.86, -0.51, 1.46, -0.03
3184.0, 3248.0, 3352.0, 3238.0, 2816.0, 5.39, 5.46, 5.45, -0.23, 1.09, 0.56
3184.0, 3249.0, 3356.0, 3248.0, 2815.0, 5.4, 7.26, 5.43, -0.07, 0.85, 1.21
3182.0, 3248.0, 3365.0, 3259.0, 2811.0, 5.17, 6.27, 7.29, 0.11, 1.11, 1.41
3179.0, 3235.0, 3355.0, 3248.0, 2821.0, 10.02, 5.99, 7.79, 0.31, -1.52, 1.43
3173.0, 3227.0, 3353.0, 3249.0, 2826.0, 11.72, 2.44, 10.34, 0.86, -1.69, 1.39
3170.0, 3223.0, 3357.0, 3279.0, 2837.0, 10.67, 0.12, 10.42, 0.79, -3.84, 0.11
3137.0, 3246.0, 3445.0, 3342.0, 2867.0, 8.09, 1.97, 3.08, 0.69, -4.12, 0.15
3098.0, 3423.0, 3601.0, 3514.0, 2947.0, 5.72, 3.85, -1.21, -0.01, -3.01, 0.53
3062.0, 3607.0, 3732.0, 3675.0, 3129.0, 3.89, 3.91, -1.81, 0.39, -2.71, 0.85
3041.0, 3713.0, 3824.0, 3771.0, 3297.0, 4.01, 3.39, -4.3, 1.12, -1.62, 0.66
3053.0, 3781.0, 3926.0, 3774.0, 3363.0, 8.29, 1.84, -4.61, 0.28, 0.11, 0.4
3066.0, 3790.0, 3866.0, 3777.0, 3361.0, 8.32, 3.17, -2.55, -0.12, 0.18, -0.12
3068.0, 3791.0, 3839.0, 3766.0, 3360.0, 8.35, 2.93, -3.22, -0.31, 0.17, -0.25
3069.0, 3783.0, 3965.0, 3773.0, 3351.0, 8.97, 2.89, -3.08, 0.0, 0.07, -0.12
3066.0, 3773.0, 3971.0, 3760.0, 3346.0, 9.47, 2.63, -2.94, -0.01, 0.08, 0.0
3083.0, 3767.0, 3984.0, 3758.0, 3342.0, 9.2, 2.25, -3.83, 0.02, 0.01, -0.07
3061.0, 3763.0, 3877.0, 3752.0, 3328.0, 9.21, 3.28, -2.94, 0.01, -0.05, -0.04
3062.0, 3760.0, 3875.0, 3744.0, 3333.0, 9.26, 3.04, -3.01, -0.06, -0.01, 0.05
3062.0, 3755.0, 3860.0, 3743.0, 3329.0, 9.3, 2.9, -2.83, 0.04, -0.02, -0.01
3065.0, 3747.0, 3973.0, 3742.0, 3341.0, 9.33, 2.83, -3.03, 0.1, 0.0, -0.05
3064.0, 3754.0, 3966.0, 3744.0, 3326.0, 9.26, 2.81, -3.06, 0.1, -0.07, -0.01
3062.0, 3744.0, 3971.0, 3741.0, 3325.0, 9.22, 2.72, -3.01, 0.08, -0.02, -0.04
3069.0, 3741.0, 3978.0, 3738.0, 3319.0, 9.11, 3.04, -2.9, 0.05, 0.02, -0.0
3070.0, 3737.0, 3823.0, 3729.0, 3319.0, 9.44, 2.76, -2.83, 0.02, -0.1, 0.04
3066.0, 3739.0, 3984.0, 3731.0, 3315.0, 9.18, 2.66, -3.06, -0.02, -0.02, -0.03
3069.0, 3731.0, 3977.0, 3728.0, 3315.0, 9.3, 2.79, -3.09, 0.03, -0.02, -0.03
3066.0, 3735.0, 3975.0, 3728.0, 3312.0, 9.18, 2.83, -2.98, 0.01, -0.01, -0.02
3071.0, 3739.0, 3984.0, 3725.0, 3312.0, 9.41, 2.7, -3.02, 0.01, -0.01, -0.02
3071.0, 3734.0, 3799.0, 3728.0, 3303.0, 9.3, 2.82, -3.09, 0.03, 0.04, -0.06
3071.0, 3728.0, 3803.0, 3728.0, 3312.0, 9.22, 2.93, -2.8, 0.02, -0.03, 0.02
3071.0, 3751.0, 3795.0, 3726.0, 3310.0, 9.27, 2.88, -2.8, 0.01, -0.04, -0.02
3071.0, 3729.0, 3794.0, 3716.0, 3309.0, 9.31, 2.84, -3.01, 0.01, -0.02, -0.03
3083.0, 3728.0, 3881.0, 3716.0, 3307.0, 9.3, 2.86, -2.93, -0.03, -0.03, 0.01
3087.0, 3725.0, 3899.0, 3712.0, 3306.0, 9.25, 2.76, -2.88, -0.02, -0.07, -0.02
3088.0, 3726.0, 3868.0, 3712.0, 3298.0, 9.15, 2.96, -2.77, 0.02, -0.2, 0.02
3088.0, 3717.0, 3856.0, 3713.0, 3294.0, 8.8, 4.12, -1.16, 0.08, -0.61, 0.14
3085.0, 3712.0, 3967.0, 3707.0, 3285.0, 9.22, 2.61, -3.42, 0.01, -0.3, 0.04
3090.0, 3697.0, 3812.0, 3703.0, 3299.0, 9.18, 2.74, -3.6, -0.03, 0.03, -0.05
3081.0, 3698.0, 3824.0, 3702.0, 3280.0, 9.23, 2.72, -3.42, -0.03, -0.05, -0.02
3087.0, 3697.0, 3782.0, 3698.0, 3278.0, 8.89, 2.86, -3.16, -0.08, -0.03, -0.08
