2887.0, 2903.0, 3799.0, 3574.0, 3297.0, 6.75, 7.35, -1.75, -0.48, 1.26, -1.18
2870.0, 2890.0, 3786.0, 3537.0, 3281.0, 3.8, 11.54, 1.52, 0.37, 0.41, -2.31
2863.0, 2882.0, 3771.0, 3527.0, 3273.0, 5.54, 8.56, -1.6, -0.2, -0.21, -0.03
2861.0, 2879.0, 3761.0, 3536.0, 3264.0, 6.85, 6.69, -3.07, 0.03, -0.17, -0.1
2854.0, 2874.0, 3758.0, 3518.0, 3260.0, 7.07, 6.67, -3.19, 0.04, -0.08, 0.05
2853.0, 2873.0, 3755.0, 3527.0, 3254.0, 7.05, 6.83, -2.99, -0.05, -0.06, 0.01
2847.0, 2873.0, 3746.0, 3536.0, 3251.0, 6.85, 6.89, -3.12, 0.03, -0.07, 0.07
2851.0, 2871.0, 3750.0, 3534.0, 3252.0, 6.84, 6.77, -3.35, 0.05, -0.07, 0.04
2849.0, 2868.0, 3740.0, 3501.0, 3239.0, 6.76, 6.65, -3.05, -0.01, -0.03, 0.03
2845.0, 2865.0, 3737.0, 3524.0, 3239.0, 7.01, 6.58, -3.15, -0.04, -0.11, 0.09
2847.0, 2864.0, 3736.0, 3519.0, 3239.0, 6.74, 6.61, -2.87, 0.06, -0.02, -0.06
2846.0, 2864.0, 3734.0, 3495.0, 3236.0, 6.91, 6.42, -3.26, -0.02, -0.06, 0.04
2841.0, 2863.0, 3733.0, 3520.0, 3233.0, 6.97, 6.57, -3.16, -0.03, -0.07, 0.03
2847.0, 2860.0, 3728.0, 3503.0, 3234.0, 6.86, 6.61, -3.07, -0.0, -0.08, -0.03
2838.0, 2860.0, 3727.0, 3494.0, 3223.0, 6.84, 6.62, -3.04, -0.0, -0.05, -0.02
2842.0, 2864.0, 3728.0, 3494.0, 3210.0, 6.85, 6.65, -3.12, -0.04, -0.1, 0.02
2837.0, 2859.0, 3729.0, 3495.0, 3222.0, 6.99, 6.65, -3.18, -0.02, -0.05, 0.0
2841.0, 2862.0, 3728.0, 3485.0, 3222.0, 6.85, 6.69, -3.13, -0.01, -0.03, 0.0
2835.0, 2862.0, 3728.0, 3489.0, 3221.0, 7.05, 6.71, -3.28, -0.04, -0.04, 0.03
2837.0, 2863.0, 3724.0, 3477.0, 3217.0, 6.81, 6.65, -3.06, -0.03, -0.09, 0.05
2835.0, 2858.0, 3701.0, 3482.0, 3216.0, 6.93, 6.64, -3.16, 0.03, -0.05, -0.02
2838.0, 2861.0, 3725.0, 3475.0, 3216.0, 6.96, 6.4, -3.2, 0.02, -0.03, -0.07
2835.0, 2859.0, 3725.0, 3478.0, 3216.0, 6.85, 6.56, -3.29, 0.04, -0.05, -0.06
2835.0, 2859.0, 3723.0, 3503.0, 3216.0, 6.92, 6.48, -3.09, 0.03, -0.08, -0.1
2835.0, 2860.0, 3725.0, 3482.0, 3216.0, 6.85, 6.49, -3.15, 0.04, -0.07, -0.13
2836.0, 2858.0, 3723.0, 3476.0, 3216.0, 6.78, 6.6, -3.2, 0.0, -0.06, -0.18
2833.0, 2858.0, 3718.0, 3473.0, 3211.0, 6.77, 6.91, -3.41, -0.02, -0.05, -0.09
2834.0, 2861.0, 3717.0, 3475.0, 3211.0, 6.71, 7.02, -3.14, -0.02, -0.05, -0.02
2833.0, 2854.0, 3713.0, 3472.0, 3209.0, 6.67, 6.89, -3.18, -0.02, -0.04, -0.07
2832.0, 2858.0, 3723.0, 3467.0, 3210.0, 6.56, 6.96, -3.18, 0.01, -0.03, -0.02
2832.0, 2853.0, 3717.0, 3469.0, 3212.0, 6.53, 6.75, -3.23, -0.02, -0.02, -0.01
2834.0, 2857.0, 3722.0, 3471.0, 3210.0, 6.55, 6.83, -3.15, 0.02, -0.02, -0.02
2832.0, 2854.0, 3714.0, 3485.0, 3211.0, 6.54, 6.95, -3.28, 0.0, -0.05, -0.06
2832.0, 2851.0, 3717.0, 3470.0, 3207.0, 6.54, 6.98, -3.2, -0.01, -0.02, -0.04
2831.0, 2857.0, 3715.0, 3472.0, 3206.0, 6.69, 6.99, -3.2, -0.01, -0.05, -0.04
2834.0, 2853.0, 3712.0, 3472.0, 3203.0, 6.56, 6.96, -3.3, -0.02, -0.05, -0.01
2830.0, 2852.0, 3713.0, 3472.0, 3195.0, 6.59, 6.98, -3.22, 0.01, -0.02, -0.01
2831.0, 2851.0, 3712.0, 3465.0, 3204.0, 6.59, 6.91, -3.22, -0.0, -0.02, -0.01
2832.0, 2853.0, 3717.0, 3451.0, 3201.0, 6.62, 6.93, -3.2, 0.0, -0.03, -0.03
2832.0, 2851.0, 3714.0, 3472.0, 3201.0, 6.5, 6.96, -3.15, 0.0, -0.03, 0.0
2817.0, 2850.0, 3710.0, 3467.0, 3199.0, 6.61, 6.89, -3.19, -0.01, -0.02, -0.02
2832.0, 2853.0, 3710.0, 3467.0, 3200.0, 6.5, 7.09, -3.09, 0.01, -0.03, -0.02
2830.0, 2850.0, 3712.0, 3470.0, 3201.0, 6.51, 7.04, -3.05, -0.0, -0.03, 0.01
2834.0, 2850.0, 3707.0, 3458.0, 3200.0, 6.56, 6.85, -3.1, 0.03, -0.02, -0.04
2831.0, 2850.0, 3711.0, 3467.0, 3199.0, 6.6, 6.9, -3.21, 0.0, -0.01, -0.02
2837.0, 2862.0, 3696.0, 3472.0, 3196.0, 6.49, 6.91, -3.11, 0.0, 0.0, -0.01
2827.0, 2853.0, 3706.0, 3459.0, 3199.0, 6.59, 6.98, -3.19, -0.01, -0.03, -0.01
2832.0, 2851.0, 3708.0, 3467.0, 3200.0, 6.57, 7.02, -3.09, 0.01, -0.02, 0.01
2827.0, 2848.0, 3706.0, 3458.0, 3198.0, 6.62, 6.89, -3.24, 0.02, -0.07, 0.01
