3088.0, 3251.0, 3506.0, 3280.0, 2847.0, 8.37, 4.32, -3.68, 0.04, -0.07, 0.01
3096.0, 3265.0, 3503.0, 3278.0, 2848.0, 8.29, 4.43, -3.79, 0.03, -0.09, 0.0
3093.0, 3241.0, 3500.0, 3277.0, 2847.0, 8.22, 4.37, -4.05, 0.05, 0.05, -0.02
3093.0, 3227.0, 3501.0, 3279.0, 2848.0, 8.18, 4.47, -4.12, -0.1, 0.25, -0.01
3095.0, 3216.0, 3517.0, 3291.0, 2859.0, 8.27, 4.52, -3.79, -0.41, 0.26, 0.18
3087.0, 3201.0, 3599.0, 3370.0, 2881.0, 7.14, 4.06, -4.03, -0.53, 0.49, 0.09
3062.0, 3183.0, 3664.0, 3494.0, 2927.0, 7.57, 4.81, -3.89, -0.45, 1.01, 0.01
3056.0, 3167.0, 3710.0, 3582.0, 2987.0, 7.73, 4.32, -2.92, -0.45, 1.44, -0.14
3041.0, 3158.0, 3776.0, 3699.0, 3083.0, 7.48, 4.32, -1.42, -0.41, 1.4, 0.01
3033.0, 3169.0, 3821.0, 3747.0, 3159.0, 8.5, 3.52, -0.31, -0.57, 1.34, 0.09
3024.0, 3167.0, 3839.0, 3771.0, 3203.0, 9.25, 3.97, -0.0, -0.71, 1.29, -0.01
3015.0, 3183.0, 3830.0, 3792.0, 3237.0, 8.93, 3.71, 3.75, -0.87, 1.19, -0.08
3011.0, 3186.0, 3874.0, 3803.0, 3254.0, 9.86, 4.42, 4.37, -0.86, 1.06, -0.06
3008.0, 3190.0, 3843.0, 3809.0, 3265.0, 9.14, 4.68, 5.61, -0.31, 0.38, 0.0
3007.0, 3193.0, 3853.0, 3814.0, 3266.0, 9.33, 4.27, 4.6, -0.28, 0.25, -0.04
3005.0, 3195.0, 3858.0, 3815.0, 3270.0, 8.24, 3.93, 3.41, -0.05, 0.04, -0.03
3005.0, 3191.0, 3865.0, 3818.0, 3272.0, 7.84, 3.75, 2.72, -0.28, 0.35, -0.04
3005.0, 3191.0, 3859.0, 3813.0, 3268.0, 7.9, 4.13, 3.06, -0.26, 0.52, 0.08
2999.0, 3185.0, 3856.0, 3809.0, 3261.0, 8.4, 4.39, 6.06, -0.03, 0.25, 0.07
3002.0, 3184.0, 3856.0, 3803.0, 3257.0, 8.96, 4.04, 5.54, 0.13, 0.04, -0.1
2991.0, 3168.0, 3841.0, 3795.0, 3242.0, 7.98, 4.08, 4.15, 0.11, -0.2, -0.03
2992.0, 3165.0, 3840.0, 3792.0, 3238.0, 7.98, 4.12, 3.94, 0.11, -0.09, -0.1
2991.0, 3155.0, 3851.0, 3790.0, 3231.0, 8.01, 4.17, 3.99, 0.03, -0.1, -0.08
2991.0, 3157.0, 3838.0, 3787.0, 3229.0, 7.91, 4.43, 3.81, 0.05, -0.08, -0.05
2991.0, 3155.0, 3833.0, 3782.0, 3219.0, 8.1, 4.39, 3.89, 0.03, -0.07, -0.02
2991.0, 3156.0, 3818.0, 3790.0, 3214.0, 7.96, 4.13, 3.96, 0.15, -0.05, -0.05
2990.0, 3153.0, 3833.0, 3779.0, 3209.0, 8.07, 4.18, 3.83, -0.01, -0.01, -0.03
3001.0, 3166.0, 3835.0, 3791.0, 3216.0, 8.07, 4.38, 4.02, 0.05, -0.05, -0.01
2995.0, 3164.0, 3829.0, 3783.0, 3216.0, 8.1, 4.32, 3.89, 0.03, -0.01, -0.04
2996.0, 3162.0, 3830.0, 3781.0, 3209.0, 7.98, 4.36, 4.12, 0.04, -0.05, -0.03
3003.0, 3162.0, 3826.0, 3778.0, 3205.0, 8.0, 4.36, 3.8, 0.04, -0.1, -0.02
3007.0, 3162.0, 3826.0, 3777.0, 3201.0, 8.01, 4.38, 3.73, 0.01, -0.03, -0.04
2995.0, 3157.0, 3826.0, 3776.0, 3199.0, 7.97, 4.55, 3.78, 0.02, -0.03, -0.02
2997.0, 3161.0, 3824.0, 3774.0, 3199.0, 8.0, 4.44, 4.0, 0.03, 0.01, -0.0
2995.0, 3162.0, 3824.0, 3775.0, 3200.0, 8.28, 4.31, 4.08, 0.03, 0.02, -0.01
2997.0, 3161.0, 3824.0, 3767.0, 3192.0, 8.11, 4.43, 4.21, 0.05, -0.1, -0.04
2997.0, 3157.0, 3812.0, 3771.0, 3186.0, 8.06, 4.4, 3.88, 0.05, -0.09, -0.06
2994.0, 3159.0, 3823.0, 3771.0, 3185.0, 7.91, 4.57, 3.77, 0.07, -0.13, -0.04
2995.0, 3158.0, 3822.0, 3762.0, 3184.0, 7.94, 4.58, 3.61, 0.05, -0.05, -0.05
2996.0, 3157.0, 3817.0, 3767.0, 3184.0, 7.87, 4.57, 3.48, 0.04, -0.01, -0.03
2982.0, 3146.0, 3805.0, 3753.0, 3169.0, 8.07, 4.7, 3.79, 0.11, 0.02, -0.08
2997.0, 3157.0, 3815.0, 3765.0, 3184.0, 8.02, 4.63, 3.99, 0.06, -0.05, -0.05
2991.0, 3150.0, 3809.0, 3731.0, 3173.0, 8.02, 4.77, 3.68, 0.02, -0.06, -0.04
2987.0, 3149.0, 3808.0, 3759.0, 3171.0, 7.9, 4.75, 3.77, 0.07, -0.11, -0.0
2991.0, 3150.0, 3806.0, 3758.0, 3174.0, 7.89, 4.68, 3.62, 0.05, -0.06, -0.01
2992.0, 3150.0, 3808.0, 3759.0, 3173.0, 8.07, 4.64, 3.5, 0.01, -0.05, -0.01
2991.0, 3150.0, 3805.0, 3759.0, 3170.0, 8.14, 4.56, 3.62, 0.02, -0.05, -0.01
2974.0, 3152.0, 3805.0, 3759.0, 3171.0, 8.12, 4.61, 3.61, -0.01, -0.04, -0.03
2990.0, 3148.0, 3809.0, 3758.0, 3173.0, 7.98, 4.75, 3.58, 0.01, -0.07, -0.02
2992.0, 3149.0, 3802.0, 3760.0, 3172.0, 7.96, 4.79, 3.54, 0.01, -0.06, -0.02
2991.0, 3150.0, 3801.0, 3755.0, 3168.0, 7.93, 4.75, 3.47, 0.01, -0.03, -0.02
