3735.0, 3905.0, 3907.0, 3833.0, 3459.0, 9.31, 3.5, -1.29, 0.16, -0.05, 0.04
3745.0, 3874.0, 3920.0, 3846.0, 3474.0, 9.46, 3.3, -1.46, 0.11, 0.07, 0.02
3745.0, 3872.0, 3915.0, 3843.0, 3472.0, 9.69, 3.08, -1.55, 0.09, 0.1, 0.06
3744.0, 3856.0, 3899.0, 3826.0, 3447.0, 9.43, 2.74, -1.25, 0.07, -0.0, 0.07
3749.0, 3866.0, 3912.0, 3839.0, 3467.0, 9.22, 2.67, -1.48, 0.05, 0.12, -0.03
3743.0, 3866.0, 3910.0, 3831.0, 3465.0, 9.29, 3.15, -1.99, 0.07, 0.22, -0.09
3744.0, 3867.0, 3908.0, 3834.0, 3462.0, 9.0, 3.7, -1.97, 0.13, 0.37, -0.17
3742.0, 3863.0, 3906.0, 3838.0, 3459.0, 9.73, 3.15, -0.73, 0.09, 0.36, -0.07
3741.0, 3867.0, 3908.0, 3837.0, 3459.0, 10.14, 3.29, -0.07, 0.17, 0.22, -0.06
3739.0, 3861.0, 3906.0, 3831.0, 3458.0, 9.89, 3.35, 0.09, 0.12, -0.03, -0.02
3731.0, 3857.0, 3898.0, 3825.0, 3448.0, 9.77, 3.16, -0.35, 0.1, -0.05, -0.04
3735.0, 3867.0, 3906.0, 3836.0, 3457.0, 9.69, 3.24, -0.57, -0.02, -0.05, -0.01
3733.0, 3862.0, 3903.0, 3835.0, 3455.0, 9.37, 3.37, -0.73, 0.03, -0.08, -0.03
3735.0, 3869.0, 3902.0, 3837.0, 3462.0, 9.47, 3.46, -0.66, 0.02, -0.06, -0.01
3729.0, 3860.0, 3903.0, 3837.0, 3455.0, 9.5, 3.29, -0.98, 0.07, -0.05, -0.01
3728.0, 3858.0, 3901.0, 3835.0, 3456.0, 9.5, 3.13, -0.83, 0.01, -0.07, 0.01
3728.0, 3859.0, 3887.0, 3837.0, 3455.0, 9.53, 3.32, -0.89, 0.01, 0.02, -0.04
3722.0, 3862.0, 3952.0, 3831.0, 3456.0, 9.49, 3.09, -0.75, 0.0, -0.04, -0.07
3727.0, 3852.0, 3897.0, 3824.0, 3447.0, 9.3, 3.61, -0.65, 0.03, 0.0, -0.06
3715.0, 3853.0, 3899.0, 3829.0, 3445.0, 9.58, 3.44, -0.67, -0.01, -0.0, 0.0
3722.0, 3853.0, 3894.0, 3825.0, 3449.0, 9.68, 3.3, -0.51, 0.03, -0.07, 0.01
3728.0, 3850.0, 3895.0, 3781.0, 3443.0, 9.5, 3.32, -0.58, -0.03, -0.09, -0.02
3719.0, 3852.0, 3901.0, 3794.0, 3443.0, 9.37, 3.53, -0.82, 0.02, -0.08, -0.02
3719.0, 3855.0, 3898.0, 3831.0, 3446.0, 9.34, 3.56, -0.9, -0.02, -0.09, 0.04
3711.0, 3853.0, 3886.0, 3826.0, 3443.0, 9.45, 3.19, -0.89, 0.02, -0.01, 0.0
3715.0, 3854.0, 3898.0, 3824.0, 3442.0, 9.48, 3.32, -0.91, -0.0, -0.01, 0.01
3713.0, 3849.0, 3892.0, 3824.0, 3445.0, 9.53, 3.35, -0.83, 0.04, -0.04, -0.0
3679.0, 3850.0, 3915.0, 3830.0, 3453.0, 9.46, 3.21, -0.63, 0.06, -0.04, -0.03
3713.0, 3850.0, 3898.0, 3827.0, 3458.0, 9.42, 3.35, -0.82, 0.03, -0.01, -0.04
3721.0, 3856.0, 3894.0, 3830.0, 3441.0, 9.5, 3.27, -0.96, 0.05, -0.04, -0.02
3712.0, 3850.0, 3893.0, 3825.0, 3441.0, 9.46, 3.07, -0.77, 0.04, 0.0, -0.08
3721.0, 3850.0, 3894.0, 3825.0, 3441.0, 9.33, 3.47, -0.92, -0.03, -0.02, -0.09
3712.0, 3847.0, 3892.0, 3825.0, 3439.0, 9.54, 3.59, -0.93, -0.01, 0.01, -0.05
3715.0, 3849.0, 3895.0, 3825.0, 3441.0, 9.49, 3.54, -0.63, 0.03, -0.04, -0.02
3711.0, 3844.0, 3897.0, 3824.0, 3440.0, 9.55, 3.56, -0.56, -0.0, -0.06, 0.0
3709.0, 3851.0, 3882.0, 3829.0, 3431.0, 9.41, 3.59, -0.74, 0.05, -0.07, 0.0
3713.0, 3847.0, 3894.0, 3824.0, 3440.0, 9.44, 3.51, -0.89, 0.03, -0.07, -0.01
3713.0, 3843.0, 3895.0, 3827.0, 3439.0, 9.46, 3.34, -0.87, -0.0, -0.08, 0.02
3709.0, 3841.0, 3889.0, 3823.0, 3439.0, 9.31, 3.52, -0.94, 0.01, -0.03, -0.01
3714.0, 3842.0, 3889.0, 3831.0, 3441.0, 9.46, 3.33, -0.83, 0.02, -0.0, -0.04
3711.0, 3850.0, 3888.0, 3831.0, 3441.0, 9.44, 3.41, -0.86, 0.01, -0.06, -0.03
3730.0, 3849.0, 3891.0, 3824.0, 3439.0, 9.62, 3.39, -0.59, -0.01, -0.06, -0.03
3711.0, 3843.0, 3889.0, 3827.0, 3440.0, 9.5, 3.6, -0.97, -0.04, -0.07, -0.07
3707.0, 3843.0, 3890.0, 3826.0, 3440.0, 9.32, 3.67, -0.96, -0.03, -0.07, -0.01
3733.0, 3858.0, 3888.0, 3826.0, 3451.0, 9.27, 3.72, -0.91, -0.03, -0.04, 0.06
3711.0, 3843.0, 3889.0, 3824.0, 3438.0, 9.46, 3.37, -0.82, 0.02, -0.01, 0.0
3712.0, 3826.0, 3895.0, 3834.0, 3439.0, 9.54, 3.59, -0.88, 0.03, -0.06, -0.03
3711.0, 3840.0, 3888.0, 3827.0, 3440.0, 9.33, 3.62, -0.94, 0.04, -0.04, -0.01
3707.0, 3839.0, 3898.0, 3825.0, 3440.0, 9.46, 3.52, -0.83, -0.01, -0.02, 0.01
3714.0, 3841.0, 3889.0, 3823.0, 3439.0, 9.49, 3.5, -0.95, -0.02, -0.04, 0.0
3710.0, 3846.0, 3889.0, 3825.0, 3440.0, 9.48, 3.37, -0.87, -0.11, -0.09, -0.0
3712.0, 3843.0, 3891.0, 3825.0, 3437.0, 9.39, 3.49, -0.74, 0.0, 0.02, -0.05
3712.0, 3840.0, 3890.0, 3825.0, 3437.0, 9.47, 3.63, -0.78, 0.02, -0.03, 0.01
