3055.0, 3116.0, 3267.0, 3040.0, 2794.0, -5.75, 4.72, 5.94, 0.01, -0.04, -0.01
3047.0, 3114.0, 3267.0, 3039.0, 2797.0, -5.73, 4.58, 6.03, 0.01, -0.03, -0.01
3056.0, 3118.0, 3266.0, 3039.0, 2795.0, -5.78, 4.66, 6.01, 0.01, -0.03, -0.01
3040.0, 3122.0, 3265.0, 3038.0, 2792.0, -5.78, 4.68, 5.98, 0.02, -0.03, -0.01
3055.0, 3117.0, 3266.0, 3040.0, 2797.0, -5.74, 4.69, 5.88, 0.02, -0.03, -0.01
3053.0, 3115.0, 3265.0, 3036.0, 2794.0, -5.77, 4.66, 5.92, -0.0, -0.03, -0.0
3034.0, 3117.0, 3267.0, 3040.0, 2794.0, -5.85, 4.7, 6.06, -0.05, -0.01, 0.02
3058.0, 3131.0, 3280.0, 3047.0, 2795.0, -6.05, 4.86, 8.25, 0.24, -0.39, 0.84
3093.0, 3212.0, 3373.0, 3155.0, 2767.0, -8.38, 9.02, 8.69, 0.46, -2.46, 1.9
3137.0, 3273.0, 3514.0, 3472.0, 2896.0, -5.66, 10.04, 8.5, 0.85, -2.72, 2.28
3209.0, 3301.0, 3647.0, 3654.0, 3026.0, -1.52, 8.86, 9.63, 0.48, -2.52, 2.95
3266.0, 3333.0, 3741.0, 3722.0, 3149.0, 1.59, 7.58, 8.66, 1.23, -2.81, 2.58
3300.0, 3462.0, 3814.0, 3760.0, 3204.0, 3.24, 7.17, 5.81, 1.29, -2.38, 2.18
3341.0, 3497.0, 3857.0, 3773.0, 3265.0, 3.87, 6.31, 3.57, 0.57, -1.97, 2.13
3387.0, 3512.0, 3824.0, 3783.0, 3307.0, 4.36, 5.93, 2.78, 0.21, -1.55, 2.01
3440.0, 3521.0, 3826.0, 3800.0, 3335.0, 5.18, 4.85, 2.23, 0.43, -1.3, 1.63
3475.0, 3534.0, 3777.0, 3785.0, 3331.0, 5.73, 5.14, 1.36, 0.84, -0.97, 1.46
3502.0, 3538.0, 3771.0, 3766.0, 3323.0, 6.85, 3.69, 0.92, 0.68, -0.78, 1.25
3549.0, 3562.0, 3776.0, 3761.0, 3325.0, 7.34, 3.37, 0.45, 0.73, -0.5, 0.89
3583.0, 3604.0, 3775.0, 3741.0, 3317.0, 8.07, 2.8, 0.34, 0.54, -0.37, 0.61
3605.0, 3645.0, 3809.0, 3758.0, 3315.0, 8.16, 2.69, 0.4, 0.79, -0.02, 0.38
3605.0, 3622.0, 3844.0, 3767.0, 3309.0, 8.91, 2.58, 0.56, 0.3, 0.1, 0.36
3612.0, 3600.0, 3851.0, 3757.0, 3312.0, 8.94, 2.86, 0.64, 0.57, 0.18, 0.14
3616.0, 3600.0, 3845.0, 3759.0, 3313.0, 9.44, 2.87, 0.89, 0.41, -0.05, 0.18
3625.0, 3615.0, 3849.0, 3760.0, 3316.0, 9.65, 3.05, 0.42, 0.63, 0.1, 0.01
3631.0, 3635.0, 3840.0, 3760.0, 3318.0, 9.55, 3.05, 0.65, 0.38, 0.08, -0.05
3634.0, 3646.0, 3831.0, 3757.0, 3323.0, 9.1, 4.19, 1.01, -0.16, 0.12, -0.09
3637.0, 3664.0, 3824.0, 3782.0, 3316.0, 9.75, 3.07, 0.86, 0.02, 0.13, -0.24
3646.0, 3664.0, 3839.0, 3759.0, 3302.0, 9.79, 3.53, 0.94, -0.03, 0.05, -0.23
3627.0, 3658.0, 3822.0, 3751.0, 3317.0, 9.39, 3.84, 0.68, -0.07, 0.03, -0.19
3621.0, 3658.0, 3823.0, 3754.0, 3316.0, 9.44, 3.97, 0.65, -0.01, 0.05, -0.14
3621.0, 3646.0, 3812.0, 3746.0, 3314.0, 9.31, 4.02, 0.88, -0.01, -0.05, -0.0
3617.0, 3641.0, 3813.0, 3745.0, 3313.0, 9.48, 3.6, 0.79, -0.01, 0.01, 0.0
3614.0, 3632.0, 3808.0, 3742.0, 3312.0, 9.41, 3.66, 0.71, 0.01, 0.01, 0.0
3616.0, 3622.0, 3806.0, 3746.0, 3308.0, 9.3, 3.63, 0.86, 0.0, 0.0, 0.02
3606.0, 3621.0, 3802.0, 3743.0, 3307.0, 9.28, 3.77, 0.86, -0.01, 0.09, 0.01
3600.0, 3583.0, 3801.0, 3776.0, 3313.0, 9.29, 3.67, 0.99, -0.0, 0.05, 0.02
3603.0, 3613.0, 3798.0, 3738.0, 3309.0, 9.17, 3.6, 1.1, 0.03, 0.01, 0.0
3606.0, 3607.0, 3803.0, 3740.0, 3306.0, 9.22, 3.57, 1.16, 0.01, -0.01, -0.03
3601.0, 3601.0, 3798.0, 3740.0, 3305.0, 9.19, 3.73, 1.17, 0.03, -0.08, 0.0
3600.0, 3600.0, 3794.0, 3741.0, 3303.0, 9.31, 3.64, 1.01, -0.0, -0.05, 0.0
3600.0, 3598.0, 3801.0, 3739.0, 3303.0, 9.38, 3.69, 1.01, 0.02, 0.02, -0.0
3603.0, 3598.0, 3793.0, 3734.0, 3299.0, 9.36, 3.64, 1.05, -0.04, 0.02, 0.01
3605.0, 3583.0, 3791.0, 3735.0, 3301.0, 9.27, 3.56, 1.07, -0.02, 0.01, 0.0
3600.0, 3583.0, 3787.0, 3733.0, 3300.0, 9.24, 3.52, 1.18, -0.05, -0.02, 0.0
3636.0, 3583.0, 3785.0, 3729.0, 3303.0, 9.31, 3.63, 1.2, 0.01, -0.02, -0.02
3600.0, 3583.0, 3787.0, 3728.0, 3299.0, 9.28, 3.73, 1.2, -0.01, -0.04, 0.0
3583.0, 3583.0, 3786.0, 3728.0, 3298.0, 9.31, 3.6, 1.26, -0.0, -0.04, 0.0
3600.0, 3583.0, 3774.0, 3731.0, 3296.0, 9.3, 3.62, 1.2, -0.01, -0.03, 0.02
3600.0, 3580.0, 3785.0, 3728.0, 3312.0, 9.33, 3.63, 1.18, 0.02, -0.02, 0.0
