2608.0, 2670.0, 3333.0, 3260.0, 2794.0, 2.72, 3.36, 8.64, 0.01, -0.04, -0.01
2608.0, 2669.0, 3337.0, 3259.0, 2793.0, 2.79, 3.35, 8.69, 0.01, -0.04, -0.01
2607.0, 2672.0, 3333.0, 3257.0, 2789.0, 2.76, 3.35, 8.73, 0.01, -0.04, -0.01
2609.0, 2672.0, 3339.0, 3258.0, 2787.0, 2.69, 3.32, 8.77, 0.01, -0.04, -0.01
2608.0, 2670.0, 3337.0, 3258.0, 2789.0, 2.72, 3.32, 8.68, 0.01, -0.04, -0.01
2608.0, 2672.0, 3334.0, 3258.0, 2790.0, 2.76, 3.34, 8.66, 0.01, -0.04, -0.01
2607.0, 2670.0, 3337.0, 3252.0, 2790.0, 2.73, 3.3, 8.74, 0.01, -0.03, -0.01
2611.0, 2672.0, 3335.0, 3258.0, 2790.0, 2.74, 3.43, 8.77, 0.01, -0.04, -0.01
2608.0, 2672.0, 3337.0, 3257.0, 2790.0, 2.78, 3.4, 8.74, 0.0, -0.04, -0.01
2595.0, 2672.0, 3335.0, 3259.0, 2791.0, 2.76, 3.35, 8.75, 0.01, -0.04, -0.01
2608.0, 2671.0, 3334.0, 3266.0, 2791.0, 2.74, 3.39, 8.66, 0.01, -0.04, -0.01
2608.0, 2672.0, 3335.0, 3260.0, 2793.0, 2.91, 3.38, 8.68, 0.01, -0.02, -0.01
2607.0, 2671.0, 3340.0, 3259.0, 2787.0, 2.43, 4.99, 8.76, -0.08, 0.04, 0.16
2613.0, 2690.0, 3363.0, 3290.0, 2800.0, 3.22, 4.84, 13.36, 0.27, -1.64, 1.38
2631.0, 2717.0, 3408.0, 3378.0, 2850.0, 5.53, 3.16, 13.11, 0.52, -3.1, 0.69
2641.0, 2735.0, 3469.0, 3405.0, 2875.0, 7.16, 1.92, 10.67, -0.16, -4.28, 0.97
2672.0, 2762.0, 3527.0, 3472.0, 2938.0, 6.81, 2.23, 7.6, 0.03, -4.37, 0.05
2726.0, 2801.0, 3575.0, 3487.0, 3059.0, 6.23, 2.38, 4.85, -0.27, -4.37, 0.07
2763.0, 2847.0, 3685.0, 3613.0, 3163.0, 4.94, 2.53, 1.37, 0.57, -3.86, -0.87
2810.0, 2886.0, 3749.0, 3583.0, 3248.0, 6.9, 3.6, -4.15, -0.17, -2.56, 0.23
2883.0, 2963.0, 3879.0, 3728.0, 3316.0, 6.6, 1.82, -3.09, 0.04, -1.79, -0.7
2869.0, 2938.0, 3818.0, 3633.0, 3314.0, 7.01, 3.59, -5.13, -0.05, -0.66, -0.62
2849.0, 2937.0, 3807.0, 3628.0, 3317.0, 7.76, 3.87, -4.73, 0.34, -0.93, -0.53
2845.0, 2934.0, 3794.0, 3621.0, 3318.0, 7.03, 3.67, -3.9, 0.43, -0.81, -0.48
2854.0, 2944.0, 3794.0, 3615.0, 3327.0, 7.04, 4.29, -5.59, 0.05, -0.43, -0.13
2838.0, 2928.0, 3781.0, 3607.0, 3314.0, 6.98, 4.42, -6.42, 0.1, -0.19, -0.36
2834.0, 2925.0, 3773.0, 3608.0, 3312.0, 6.52, 4.52, -6.05, 0.14, -0.18, 0.09
2835.0, 2921.0, 3773.0, 3607.0, 3312.0, 7.08, 4.27, -5.94, -0.13, 0.13, 0.07
2832.0, 2921.0, 3765.0, 3600.0, 3311.0, 7.36, 4.56, -5.36, -0.05, 0.13, 0.06
2833.0, 2917.0, 3761.0, 3603.0, 3310.0, 7.47, 4.16, -5.25, 0.03, 0.21, -0.06
2832.0, 2915.0, 3763.0, 3600.0, 3307.0, 8.06, 4.47, -4.47, -0.0, 0.24, 0.01
2847.0, 2909.0, 3760.0, 3636.0, 3296.0, 8.35, 4.34, -4.72, -0.11, 0.14, 0.08
2831.0, 2911.0, 3760.0, 3600.0, 3300.0, 7.79, 5.35, -3.43, -0.04, -0.1, 0.06
2832.0, 2911.0, 3757.0, 3583.0, 3298.0, 7.87, 4.16, -4.32, 0.01, 0.05, -0.06
2829.0, 2910.0, 3755.0, 3583.0, 3278.0, 8.16, 4.16, -4.59, -0.05, 0.01, 0.04
2829.0, 2909.0, 3759.0, 3583.0, 3293.0, 7.99, 4.33, -4.53, 0.04, -0.1, 0.04
2828.0, 2907.0, 3751.0, 3597.0, 3296.0, 7.83, 4.51, -4.53, -0.0, 0.05, -0.05
2829.0, 2908.0, 3754.0, 3603.0, 3291.0, 7.98, 4.16, -4.64, 0.03, 0.01, -0.01
2815.0, 2906.0, 3750.0, 3583.0, 3287.0, 8.17, 4.11, -4.38, 0.04, -0.03, 0.02
2823.0, 2906.0, 3775.0, 3610.0, 3286.0, 8.3, 4.29, -4.33, -0.01, -0.06, 0.03
2822.0, 2901.0, 3749.0, 3583.0, 3280.0, 8.06, 4.37, -4.7, 0.03, -0.08, 0.01
2827.0, 2903.0, 3755.0, 3583.0, 3283.0, 7.95, 4.14, -4.57, 0.03, -0.05, -0.03
2819.0, 2902.0, 3745.0, 3583.0, 3284.0, 8.1, 4.25, -4.69, 0.05, 0.05, -0.08
2825.0, 2902.0, 3745.0, 3583.0, 3281.0, 8.25, 4.07, -4.62, -0.01, -0.01, 0.03
2821.0, 2898.0, 3740.0, 3583.0, 3282.0, 8.02, 4.36, -4.3, 0.05, -0.07, -0.03
2823.0, 2898.0, 3742.0, 3583.0, 3282.0, 8.12, 4.05, -4.3, -0.01, 0.01, -0.03
2821.0, 2899.0, 3744.0, 3583.0, 3280.0, 8.0, 4.25, -4.54, 0.02, -0.06, 0.02
2821.0, 2899.0, 3739.0, 3580.0, 3280.0, 7.85, 4.16, -4.46, 0.05, -0.01, -0.04
2818.0, 2898.0, 3730.0, 3583.0, 3279.0, 8.19, 4.17, -4.51, -0.0, 0.01, -0.01
2819.0, 2897.0, 3739.0, 3583.0, 3273.0, 8.2, 4.14, -4.51, 0.01, -0.04, 0.01
