3355.0, 3909.0, 3959.0, 3527.0, 3597.0, 9.08, 3.63, -1.5, -0.07, 0.04, 0.02
3357.0, 3909.0, 3954.0, 3530.0, 3583.0, 9.31, 3.75, -1.22, -0.03, 0.04, 0.0
3358.0, 3915.0, 3956.0, 3527.0, 3583.0, 9.45, 3.7, -1.21, 0.02, -0.09, 0.05
3356.0, 3903.0, 3955.0, 3525.0, 3583.0, 9.21, 3.61, -1.45, -0.02, -0.1, 0.05
3353.0, 3904.0, 3954.0, 3527.0, 3583.0, 9.17, 3.81, -1.8, 0.05, -0.1, 0.02
3349.0, 3908.0, 3957.0, 3527.0, 3583.0, 9.9, 3.97, -1.23, -0.15, -0.11, 0.15
3350.0, 3904.0, 3952.0, 3523.0, 3583.0, 10.28, 5.18, -1.68, 0.07, -0.22, 0.0
3361.0, 3905.0, 3952.0, 3526.0, 3582.0, 10.26, 3.1, -1.4, -0.23, -0.27, 0.55
3350.0, 3907.0, 3953.0, 3530.0, 3578.0, 9.07, 3.04, -3.37, 0.04, -0.29, 0.4
3355.0, 3905.0, 3952.0, 3556.0, 3576.0, 8.81, 2.8, -2.2, -0.07, -0.08, 0.39
3349.0, 3913.0, 3968.0, 3506.0, 3583.0, 8.72, 2.65, -2.08, 0.1, -0.03, 0.29
3357.0, 3902.0, 3955.0, 3523.0, 3574.0, 8.88, 1.82, -2.04, 0.02, -0.16, 0.16
3351.0, 3907.0, 3963.0, 3525.0, 3575.0, 9.28, 2.09, -2.27, -0.01, -0.02, -0.03
3350.0, 3902.0, 3950.0, 3520.0, 3574.0, 9.78, 2.45, -1.85, -0.02, -0.01, -0.06
3357.0, 3899.0, 3952.0, 3530.0, 3571.0, 9.86, 2.56, -1.37, -0.12, -0.1, -0.03
3354.0, 3918.0, 3954.0, 3527.0, 3575.0, 9.47, 2.79, -1.82, -0.11, -0.02, 0.03
3357.0, 3903.0, 3952.0, 3518.0, 3568.0, 9.59, 2.33, -2.34, -0.09, -0.02, 0.07
3357.0, 3905.0, 3952.0, 3523.0, 3570.0, 9.51, 2.27, -2.59, -0.08, -0.05, 0.09
3365.0, 3898.0, 3952.0, 3521.0, 3567.0, 9.46, 2.29, -2.31, -0.01, -0.01, -0.03
3363.0, 3899.0, 3952.0, 3523.0, 3570.0, 9.57, 2.28, -1.9, -0.02, -0.05, -0.1
3358.0, 3920.0, 3949.0, 3523.0, 3570.0, 9.5, 2.91, -1.76, -0.09, -0.04, -0.1
3357.0, 3900.0, 3949.0, 3520.0, 3568.0, 9.69, 3.09, -1.93, -0.12, -0.02, -0.09
3354.0, 3902.0, 3952.0, 3520.0, 3563.0, 9.49, 2.85, -1.99, -0.09, -0.05, 0.0
3357.0, 3904.0, 3953.0, 3523.0, 3566.0, 9.64, 3.01, -2.2, 0.02, 0.01, -0.07
3357.0, 3899.0, 3946.0, 3522.0, 3566.0, 9.62, 2.55, -2.04, 0.03, -0.02, 0.07
3358.0, 3907.0, 3949.0, 3520.0, 3568.0, 9.61, 2.53, -1.81, 0.05, -0.02, -0.0
3341.0, 3901.0, 3947.0, 3543.0, 3563.0, 9.68, 2.37, -1.66, 0.02, -0.1, -0.01
3355.0, 3901.0, 3948.0, 3519.0, 3565.0, 9.4, 2.24, -1.59, -0.02, -0.24, 0.03
3357.0, 3894.0, 3952.0, 3506.0, 3558.0, 9.31, 2.62, -1.83, -0.05, -0.24, -0.08
3360.0, 3899.0, 3946.0, 3520.0, 3566.0, 9.53, 3.58, -2.48, -0.14, -0.09, -0.12
3360.0, 3903.0, 3945.0, 3520.0, 3561.0, 8.98, 2.57, -2.08, -0.01, 0.03, 0.17
3360.0, 3887.0, 3943.0, 3519.0, 3559.0, 10.29, 1.8, -2.73, 0.1, -0.11, -0.19
3357.0, 3878.0, 3949.0, 3523.0, 3562.0, 9.54, 3.47, -1.83, -0.12, -0.12, 0.04
3363.0, 3895.0, 3945.0, 3519.0, 3563.0, 9.38, 2.83, -1.56, -0.04, -0.08, 0.17
3361.0, 3897.0, 3947.0, 3514.0, 3555.0, 9.47, 2.62, -2.26, -0.12, -0.11, 0.08
3379.0, 3891.0, 3937.0, 3519.0, 3557.0, 9.2, 2.72, -2.43, -0.06, -0.17, -0.02
3362.0, 3899.0, 3945.0, 3520.0, 3557.0, 9.36, 2.69, -2.51, 0.0, -0.11, -0.04
3358.0, 3898.0, 3943.0, 3523.0, 3561.0, 9.6, 2.56, -2.69, 0.03, -0.04, 0.0
3363.0, 3888.0, 3939.0, 3520.0, 3559.0, 9.71, 2.43, -2.28, 0.06, -0.05, 0.03
3363.0, 3901.0, 3945.0, 3530.0, 3556.0, 9.32, 2.81, -2.23, -0.02, -0.05, 0.02
3366.0, 3889.0, 3940.0, 3520.0, 3555.0, 9.28, 2.74, -2.32, 0.04, -0.08, 0.01
3372.0, 3894.0, 3949.0, 3519.0, 3554.0, 9.39, 2.57, -2.5, -0.03, -0.04, -0.03
3372.0, 3894.0, 3943.0, 3515.0, 3559.0, 9.53, 2.58, -2.41, 0.0, -0.04, -0.04
3371.0, 3893.0, 3937.0, 3516.0, 3554.0, 9.44, 2.73, -2.42, -0.04, -0.06, -0.0
3369.0, 3895.0, 3945.0, 3519.0, 3553.0, 9.5, 2.86, -2.49, -0.02, -0.0, -0.01
3371.0, 3888.0, 3941.0, 3517.0, 3553.0, 9.5, 2.8, -2.41, 0.02, -0.02, 0.02
3375.0, 3891.0, 3946.0, 3518.0, 3554.0, 9.43, 2.54, -2.4, 0.0, 0.0, 0.04
3369.0, 3892.0, 3926.0, 3521.0, 3582.0, 9.54, 2.46, -2.53, 0.05, -0.05, 0.0
3367.0, 3895.0, 3938.0, 3519.0, 3552.0, 9.41, 2.61, -2.43, 0.03, 0.0, -0.05
3371.0, 3893.0, 3937.0, 3515.0, 3550.0, 9.55, 2.65, -2.13, -0.01, -0.0, -0.05
