3045.0, 3634.0, 3698.0, 3696.0, 3254.0, 9.3, 3.03, -2.69, 0.02, -0.05, -0.02
3046.0, 3632.0, 3696.0, 3695.0, 3254.0, 9.32, 3.09, -2.71, -0.01, -0.02, -0.04
3046.0, 3633.0, 3696.0, 3692.0, 3253.0, 9.35, 3.17, -2.63, -0.0, -0.08, -0.0
3046.0, 3635.0, 3689.0, 3694.0, 3251.0, 9.3, 3.0, -2.85, -0.0, -0.07, -0.05
3046.0, 3637.0, 3647.0, 3693.0, 3243.0, 9.17, 3.13, -2.83, -0.01, -0.07, -0.06
3045.0, 3632.0, 3697.0, 3691.0, 3254.0, 9.07, 3.4, -2.86, 0.02, -0.07, -0.04
3051.0, 3631.0, 3687.0, 3695.0, 3253.0, 9.0, 3.28, -2.88, -0.0, -0.02, -0.02
3042.0, 3631.0, 3689.0, 3695.0, 3250.0, 9.14, 3.22, -2.87, 0.03, -0.05, -0.01
3046.0, 3634.0, 3696.0, 3691.0, 3259.0, 9.26, 3.18, -2.57, 0.01, -0.04, -0.02
3061.0, 3654.0, 3671.0, 3685.0, 3248.0, 9.28, 3.0, -2.96, -0.02, -0.07, -0.01
3043.0, 3632.0, 3688.0, 3694.0, 3248.0, 9.11, 3.26, -2.88, -0.02, -0.05, -0.03
3046.0, 3632.0, 3683.0, 3670.0, 3248.0, 9.13, 3.4, -2.83, -0.03, -0.05, 0.0
3044.0, 3632.0, 3677.0, 3691.0, 3250.0, 9.09, 3.33, -2.97, 0.02, -0.02, -0.04
3043.0, 3632.0, 3684.0, 3692.0, 3248.0, 9.22, 3.14, -2.87, 0.01, -0.05, -0.02
3046.0, 3632.0, 3681.0, 3691.0, 3250.0, 9.1, 3.39, -2.67, 0.0, -0.03, -0.0
3045.0, 3632.0, 3691.0, 3690.0, 3248.0, 9.2, 3.29, -2.76, 0.03, -0.04, -0.02
3043.0, 3632.0, 3680.0, 3686.0, 3248.0, 9.15, 3.19, -2.79, 0.01, -0.06, -0.02
3050.0, 3629.0, 3665.0, 3691.0, 3248.0, 9.15, 3.2, -2.96, 0.01, -0.04, -0.03
3046.0, 3632.0, 3677.0, 3693.0, 3248.0, 9.17, 3.29, -2.9, -0.0, -0.04, 0.0
3043.0, 3630.0, 3680.0, 3687.0, 3248.0, 9.16, 3.38, -2.83, 0.01, -0.02, -0.02
3050.0, 3633.0, 3671.0, 3669.0, 3246.0, 9.21, 3.17, -2.82, 0.03, -0.06, -0.02
3043.0, 3631.0, 3679.0, 3696.0, 3249.0, 9.13, 3.3, -2.77, 0.02, -0.04, -0.04
3049.0, 3632.0, 3678.0, 3687.0, 3248.0, 9.17, 3.36, -2.88, 0.01, -0.06, -0.01
3055.0, 3632.0, 3677.0, 3681.0, 3249.0, 9.18, 3.23, -2.99, 0.02, -0.04, -0.03
3055.0, 3631.0, 3679.0, 3684.0, 3248.0, 9.12, 3.24, -2.83, -0.0, -0.04, -0.01
3047.0, 3630.0, 3655.0, 3673.0, 3249.0, 9.13, 3.38, -2.85, 0.03, -0.02, -0.03
3049.0, 3632.0, 3679.0, 3686.0, 3247.0, 9.19, 3.23, -2.82, 0.03, -0.08, -0.02
3053.0, 3632.0, 3670.0, 3688.0, 3248.0, 9.1, 3.19, -3.05, 0.02, -0.06, -0.01
3054.0, 3631.0, 3680.0, 3687.0, 3247.0, 9.11, 3.35, -2.82, 0.02, -0.05, -0.03
3057.0, 3627.0, 3678.0, 3687.0, 3248.0, 9.26, 3.16, -2.92, 0.03, -0.02, -0.04
3045.0, 3632.0, 3677.0, 3687.0, 3248.0, 9.14, 3.38, -2.77, 0.04, -0.02, -0.08
3047.0, 3630.0, 3711.0, 3683.0, 3247.0, 9.07, 3.37, -2.78, 0.01, -0.01, -0.05
3044.0, 3629.0, 3709.0, 3687.0, 3247.0, 9.12, 3.36, -2.88, 0.01, -0.07, -0.02
3043.0, 3628.0, 3713.0, 3683.0, 3247.0, 9.11, 3.34, -3.13, 0.0, -0.02, -0.01
3056.0, 3630.0, 3718.0, 3691.0, 3248.0, 9.14, 3.43, -2.99, 0.02, -0.04, -0.01
3050.0, 3629.0, 3727.0, 3685.0, 3248.0, 9.15, 3.39, -2.88, 0.01, -0.01, -0.03
3034.0, 3614.0, 3718.0, 3710.0, 3249.0, 9.21, 3.22, -2.85, 0.02, -0.05, 0.0
3051.0, 3630.0, 3707.0, 3683.0, 3247.0, 9.06, 3.45, -2.85, 0.03, -0.02, -0.02
3047.0, 3631.0, 3683.0, 3681.0, 3243.0, 9.11, 3.43, -2.88, -0.0, -0.02, -0.02
3043.0, 3627.0, 3708.0, 3687.0, 3247.0, 9.12, 3.4, -2.98, 0.01, -0.05, -0.0
3042.0, 3626.0, 3696.0, 3683.0, 3248.0, 9.13, 3.28, -2.85, 0.01, -0.03, -0.02
3045.0, 3629.0, 3696.0, 3681.0, 3249.0, 9.13, 3.4, -2.83, -0.01, -0.04, -0.01
3045.0, 3625.0, 3700.0, 3681.0, 3246.0, 9.1, 3.36, -2.93, 0.04, -0.04, -0.03
3045.0, 3621.0, 3701.0, 3692.0, 3247.0, 9.01, 3.4, -2.83, 0.0, -0.04, -0.01
3045.0, 3632.0, 3703.0, 3683.0, 3248.0, 9.08, 3.35, -2.92, 0.01, -0.05, -0.01
3043.0, 3626.0, 3711.0, 3680.0, 3245.0, 9.12, 3.37, -2.91, -0.0, -0.02, -0.02
3045.0, 3627.0, 3711.0, 3682.0, 3246.0, 9.05, 3.43, -2.93, -0.01, -0.06, -0.0
3045.0, 3626.0, 3712.0, 3686.0, 3247.0, 9.08, 3.39, -2.75, 0.02, -0.05, -0.03
3043.0, 3627.0, 3713.0, 3682.0, 3245.0, 9.15, 3.44, -2.92, 0.0, -0.03, -0.01
3065.0, 3574.0, 3715.0, 3679.0, 3233.0, 9.08, 3.36, -3.03, 0.02, -0.05, -0.02
