3177.0, 3170.0, 3313.0, 3104.0, 2780.0, -3.77, 4.13, 7.71, 0.01, -0.01, -0.01
3178.0, 3179.0, 3313.0, 3103.0, 2767.0, -3.93, 4.09, 8.03, 0.32, 0.06, -0.07
3202.0, 3216.0, 3322.0, 3110.0, 2769.0, -4.02, 4.69, 10.18, 0.62, -0.31, 0.43
3227.0, 3273.0, 3347.0, 3133.0, 2773.0, -5.0, 7.22, 12.8, 1.59, -1.3, 1.32
3261.0, 3362.0, 3441.0, 3252.0, 2800.0, -3.13, 11.01, 11.14, 2.55, -2.06, 2.06
3264.0, 3443.0, 3514.0, 3376.0, 2849.0, -1.2, 10.76, 8.45, 1.53, -1.32, 2.62
3251.0, 3527.0, 3567.0, 3498.0, 2892.0, 1.04, 8.03, 5.98, 0.06, -1.85, 3.04
3249.0, 3498.0, 3600.0, 3519.0, 2913.0, 3.11, 5.35, 4.85, 0.46, -1.83, 2.65
3245.0, 3507.0, 3625.0, 3509.0, 2915.0, 3.51, 6.3, 3.18, -0.19, -1.4, 2.33
3223.0, 3541.0, 3662.0, 3520.0, 2946.0, 3.95, 5.88, 2.64, -0.71, -1.15, 2.4
3218.0, 3569.0, 3690.0, 3541.0, 2960.0, 4.28, 4.46, 2.08, -0.19, -0.63, 2.52
3228.0, 3611.0, 3707.0, 3559.0, 2963.0, 5.35, 2.5, 2.57, -0.09, -0.56, 2.11
3239.0, 3633.0, 3721.0, 3598.0, 2966.0, 7.02, 1.86, 3.1, 0.18, -0.48, 1.8
3249.0, 3638.0, 3717.0, 3599.0, 2965.0, 7.71, 1.47, 3.58, -0.05, -0.47, 1.52
3247.0, 3631.0, 3681.0, 3599.0, 2962.0, 8.43, 0.38, 3.1, 0.35, -0.41, 1.07
3251.0, 3626.0, 3685.0, 3578.0, 2951.0, 8.72, -0.12, 3.23, 0.17, -0.31, 0.87
3249.0, 3611.0, 3687.0, 3575.0, 2949.0, 9.33, -0.45, 2.93, 0.45, -0.16, 0.43
3241.0, 3600.0, 3678.0, 3568.0, 2933.0, 9.27, -0.87, 3.04, 0.19, -0.13, 0.36
3243.0, 3599.0, 3669.0, 3568.0, 2928.0, 8.99, -0.7, 3.41, 0.22, -0.08, 0.0
3243.0, 3599.0, 3664.0, 3563.0, 2927.0, 9.93, -0.96, 3.18, 0.23, -0.12, -0.22
3234.0, 3583.0, 3665.0, 3561.0, 2923.0, 9.94, -0.16, 3.24, -0.03, -0.14, -0.22
3250.0, 3600.0, 3670.0, 3568.0, 2934.0, 10.1, 0.5, 3.12, -0.04, 0.08, -0.24
3251.0, 3583.0, 3664.0, 3564.0, 2928.0, 9.77, 0.61, 3.14, 0.01, 0.03, -0.07
3251.0, 3583.0, 3659.0, 3563.0, 2928.0, 9.44, 0.57, 3.13, 0.06, 0.01, 0.0
3237.0, 3573.0, 3657.0, 3547.0, 2914.0, 9.32, 0.47, 3.19, 0.03, -0.04, -0.01
3245.0, 3573.0, 3650.0, 3551.0, 2913.0, 9.44, 0.56, 3.17, 0.06, -0.05, 0.0
3245.0, 3568.0, 3653.0, 3541.0, 2909.0, 9.5, 0.5, 3.29, 0.02, -0.05, -0.0
3238.0, 3556.0, 3649.0, 3530.0, 2910.0, 9.4, 0.43, 3.26, -0.01, -0.01, 0.02
3239.0, 3568.0, 3647.0, 3547.0, 2908.0, 9.48, 0.29, 3.34, 0.01, -0.05, -0.01
3242.0, 3558.0, 3644.0, 3537.0, 2911.0, 9.44, 0.34, 3.14, -0.01, -0.05, -0.02
3227.0, 3561.0, 3652.0, 3529.0, 2909.0, 9.45, 0.38, 3.02, 0.0, -0.06, -0.02
3236.0, 3553.0, 3638.0, 3534.0, 2903.0, 9.44, 0.3, 3.11, 0.04, -0.06, -0.02
3239.0, 3554.0, 3642.0, 3531.0, 2903.0, 9.55, 0.42, 3.16, -0.01, -0.04, 0.01
3238.0, 3553.0, 3639.0, 3530.0, 2901.0, 9.52, 0.47, 3.16, 0.01, -0.0, 0.01
3239.0, 3551.0, 3639.0, 3535.0, 2903.0, 9.48, 0.33, 3.21, -0.03, -0.04, 0.04
3239.0, 3550.0, 3630.0, 3535.0, 2902.0, 9.55, 0.39, 3.19, -0.01, -0.03, 0.02
3234.0, 3568.0, 3635.0, 3530.0, 2903.0, 9.5, 0.3, 3.12, 0.01, -0.03, 0.03
3237.0, 3558.0, 3633.0, 3526.0, 2902.0, 9.48, 0.26, 3.13, -0.02, 0.01, 0.01
3235.0, 3549.0, 3633.0, 3522.0, 2899.0, 9.4, 0.34, 3.28, -0.01, -0.05, 0.05
3245.0, 3545.0, 3635.0, 3521.0, 2896.0, 9.48, 0.28, 3.14, 0.02, -0.07, 0.05
3239.0, 3542.0, 3632.0, 3520.0, 2896.0, 9.47, 0.19, 3.19, -0.0, -0.1, 0.06
3243.0, 3546.0, 3631.0, 3520.0, 2896.0, 9.43, -0.03, 3.13, 0.03, -0.08, 0.02
3236.0, 3543.0, 3632.0, 3520.0, 2897.0, 9.55, 0.05, 3.09, 0.01, -0.07, 0.01
3237.0, 3541.0, 3632.0, 3518.0, 2906.0, 9.53, 0.11, 3.18, -0.03, -0.03, -0.02
3238.0, 3539.0, 3632.0, 3522.0, 2896.0, 9.49, 0.14, 3.18, -0.02, -0.06, -0.01
3253.0, 3543.0, 3632.0, 3520.0, 2896.0, 9.48, 0.18, 3.1, -0.01, -0.05, -0.02
3236.0, 3541.0, 3631.0, 3517.0, 2896.0, 9.47, 0.14, 3.03, 0.02, -0.06, -0.03
3238.0, 3539.0, 3630.0, 3515.0, 2896.0, 9.57, 0.2, 2.98, 0.04, -0.06, -0.04
3246.0, 3540.0, 3625.0, 3518.0, 2897.0, 9.57, 0.28, 3.14, 0.02, -0.08, -0.01
3238.0, 3536.0, 3600.0, 3504.0, 2895.0, 9.54, 0.12, 3.07, 0.02, -0.06, -0.0
