3167.0, 3373.0, 3478.0, 3366.0, 2886.0, -9.11, 0.28, 2.85, 0.14, -0.1, -0.19
3166.0, 3371.0, 3477.0, 3366.0, 2878.0, -9.37, 0.89, 3.66, 0.55, -0.08, -0.18
3167.0, 3371.0, 3473.0, 3373.0, 2879.0, -10.06, 2.28, 3.53, 1.62, 0.1, -0.2
3166.0, 3372.0, 3477.0, 3367.0, 2878.0, -11.77, 5.94, 2.43, 1.52, 0.09, 0.62
3164.0, 3378.0, 3477.0, 3371.0, 2879.0, -14.13, 8.51, 1.64, 0.69, 0.13, 2.62
3170.0, 3380.0, 3479.0, 3377.0, 2880.0, -15.99, 9.0, 1.71, 1.04, 0.88, 4.37
3180.0, 3408.0, 3505.0, 3407.0, 2894.0, -15.75, 8.7, 0.85, -0.01, -0.14, 4.37
3203.0, 3473.0, 3568.0, 3408.0, 2885.0, -12.96, 8.77, 1.26, -0.9, -0.26, 4.37
3216.0, 3495.0, 3600.0, 3408.0, 2889.0, -7.85, 7.06, 1.74, -1.21, -0.39, 4.37
3231.0, 3520.0, 3615.0, 3410.0, 2895.0, -2.53, 4.15, 1.82, -1.07, -0.6, 4.37
3235.0, 3536.0, 3615.0, 3415.0, 2893.0, 0.66, 2.35, 1.72, -0.97, -0.53, 4.37
3246.0, 3550.0, 3623.0, 3433.0, 2894.0, 3.24, 1.01, 1.7, -0.11, -0.01, 3.33
3250.0, 3564.0, 3632.0, 3453.0, 2897.0, 5.43, -0.48, 2.1, -0.0, 0.0, 2.51
3255.0, 3568.0, 3654.0, 3470.0, 2897.0, 6.25, 0.72, 2.51, -0.15, 0.16, 1.94
3251.0, 3568.0, 3638.0, 3489.0, 2905.0, 7.28, -0.45, 3.21, 0.42, 0.49, 0.88
3248.0, 3562.0, 3649.0, 3491.0, 2905.0, 8.26, -0.95, 4.79, -0.17, 0.04, 0.75
3246.0, 3555.0, 3637.0, 3498.0, 2898.0, 8.82, 0.04, 4.2, 0.66, -0.09, -0.19
3244.0, 3539.0, 3632.0, 3494.0, 2890.0, 9.64, -0.25, 3.85, 0.23, -0.1, -0.19
3239.0, 3536.0, 3625.0, 3485.0, 2891.0, 9.93, 1.35, 4.31, 0.22, -0.12, -0.2
3236.0, 3536.0, 3632.0, 3493.0, 2891.0, 10.12, 1.48, 4.24, 0.31, -0.06, -0.28
3237.0, 3536.0, 3615.0, 3479.0, 2892.0, 9.77, 1.62, 3.73, 0.04, -0.21, 0.01
3239.0, 3533.0, 3614.0, 3473.0, 2885.0, 9.28, 1.75, 3.45, -0.08, 0.03, 0.02
3237.0, 3531.0, 3609.0, 3469.0, 2887.0, 9.13, 1.11, 3.39, 0.07, 0.02, 0.03
3239.0, 3526.0, 3606.0, 3467.0, 2886.0, 9.05, 1.19, 3.54, -0.03, 0.0, 0.07
3237.0, 3525.0, 3526.0, 3469.0, 2885.0, 9.08, 1.35, 3.68, 0.04, 0.08, -0.04
3245.0, 3525.0, 3604.0, 3467.0, 2881.0, 9.22, 1.49, 4.09, 0.04, -0.06, 0.01
3230.0, 3521.0, 3606.0, 3465.0, 2883.0, 9.26, 1.76, 3.93, 0.01, -0.06, -0.01
3233.0, 3521.0, 3602.0, 3449.0, 2885.0, 9.18, 1.36, 3.8, -0.06, -0.1, 0.08
3232.0, 3519.0, 3613.0, 3463.0, 2878.0, 9.22, 1.12, 3.64, -0.05, -0.07, 0.04
3234.0, 3522.0, 3607.0, 3470.0, 2882.0, 9.16, 1.17, 3.61, -0.05, -0.07, -0.0
3259.0, 3521.0, 3601.0, 3466.0, 2885.0, 9.09, 1.42, 3.47, 0.0, -0.02, -0.04
3225.0, 3519.0, 3616.0, 3472.0, 2874.0, 9.18, 1.53, 3.5, 0.02, -0.05, -0.03
3229.0, 3520.0, 3603.0, 3462.0, 2883.0, 9.33, 1.2, 3.49, 0.07, -0.08, 0.0
3229.0, 3519.0, 3602.0, 3462.0, 2883.0, 9.32, 1.38, 3.54, 0.03, -0.05, -0.02
3228.0, 3520.0, 3601.0, 3467.0, 2885.0, 9.34, 1.35, 3.54, 0.05, -0.06, -0.01
3231.0, 3522.0, 3600.0, 3469.0, 2883.0, 9.25, 1.43, 3.46, 0.03, -0.03, -0.01
3230.0, 3520.0, 3603.0, 3466.0, 2885.0, 9.26, 1.27, 3.56, 0.01, 0.01, 0.01
3216.0, 3517.0, 3600.0, 3469.0, 2887.0, 9.29, 1.21, 3.61, 0.0, -0.01, 0.03
3231.0, 3517.0, 3600.0, 3466.0, 2883.0, 9.29, 1.24, 3.71, 0.06, -0.03, -0.01
3232.0, 3517.0, 3600.0, 3463.0, 2886.0, 9.25, 1.33, 3.62, -0.05, -0.06, 0.01
3225.0, 3514.0, 3600.0, 3469.0, 2889.0, 9.17, 1.28, 3.54, 0.04, -0.06, -0.02
3231.0, 3519.0, 3583.0, 3441.0, 2886.0, 9.15, 1.31, 3.48, -0.0, -0.05, -0.01
3227.0, 3514.0, 3600.0, 3466.0, 2884.0, 9.17, 1.36, 3.58, 0.03, -0.01, -0.03
3226.0, 3512.0, 3600.0, 3463.0, 2883.0, 9.18, 1.34, 3.56, 0.04, -0.04, -0.03
3225.0, 3516.0, 3602.0, 3471.0, 2886.0, 9.27, 1.39, 3.68, -0.0, -0.07, -0.01
3226.0, 3507.0, 3600.0, 3465.0, 2881.0, 9.34, 1.44, 3.59, 0.02, -0.07, -0.02
3227.0, 3511.0, 3614.0, 3459.0, 2883.0, 9.29, 1.42, 3.45, -0.03, -0.05, 0.01
3227.0, 3511.0, 3599.0, 3461.0, 2882.0, 9.27, 1.38, 3.46, -0.01, -0.01, -0.01
3227.0, 3509.0, 3600.0, 3466.0, 2885.0, 9.18, 1.42, 3.48, -0.04, -0.03, 0.0
3222.0, 3489.0, 3579.0, 3477.0, 2878.0, 9.21, 1.42, 3.45, 0.02, -0.02, 0.0
