2800.0, 2832.0, 3721.0, 3565.0, 3037.0, 8.6, 5.03, -1.02, -0.02, -0.03, -0.0
2798.0, 2832.0, 3727.0, 3565.0, 3039.0, 8.66, 5.09, -1.25, -0.01, -0.0, -0.02
2798.0, 2832.0, 3722.0, 3568.0, 3039.0, 8.56, 5.25, -1.07, 0.06, -0.1, -0.01
2798.0, 2831.0, 3721.0, 3603.0, 3043.0, 8.61, 5.03, -1.17, 0.03, -0.01, -0.02
2781.0, 2830.0, 3717.0, 3562.0, 3038.0, 8.65, 5.02, -1.05, -0.04, 0.03, -0.01
2799.0, 2831.0, 3718.0, 3566.0, 3036.0, 8.63, 5.11, -1.02, 0.02, -0.12, 0.01
2799.0, 2830.0, 3724.0, 3566.0, 3039.0, 8.6, 5.09, -1.06, 0.01, -0.02, -0.01
2797.0, 2831.0, 3719.0, 3565.0, 3037.0, 8.64, 5.09, -1.08, -0.01, -0.03, -0.0
2799.0, 2831.0, 3722.0, 3560.0, 3038.0, 8.64, 5.09, -1.2, 0.03, -0.09, -0.0
2797.0, 2829.0, 3718.0, 3561.0, 3037.0, 8.6, 4.98, -1.1, -0.03, 0.02, -0.01
2798.0, 2829.0, 3726.0, 3558.0, 3038.0, 8.69, 5.08, -1.16, -0.01, -0.06, -0.01
2797.0, 2830.0, 3722.0, 3563.0, 3035.0, 8.51, 5.06, -1.07, -0.0, -0.02, -0.01
2797.0, 2827.0, 3722.0, 3559.0, 3035.0, 8.64, 5.04, -1.06, -0.02, -0.0, -0.0
2793.0, 2825.0, 3719.0, 3575.0, 3038.0, 8.61, 5.04, -1.07, 0.03, -0.04, 0.01
2795.0, 2833.0, 3714.0, 3600.0, 3035.0, 8.64, 5.02, -1.16, 0.02, -0.0, -0.01
2781.0, 2832.0, 3727.0, 3670.0, 3037.0, 8.62, 5.14, -1.19, 0.0, -0.09, -0.01
2797.0, 2829.0, 3718.0, 3565.0, 3034.0, 8.51, 5.05, -1.09, -0.03, -0.02, -0.01
2791.0, 2821.0, 3724.0, 3561.0, 3032.0, 8.65, 5.11, -1.15, 0.02, -0.03, -0.01
2795.0, 2827.0, 3719.0, 3567.0, 3035.0, 8.65, 5.02, -0.98, 0.03, -0.09, 0.01
2791.0, 2827.0, 3720.0, 3557.0, 3034.0, 8.7, 5.04, -0.99, -0.0, 0.0, -0.02
2791.0, 2827.0, 3717.0, 3558.0, 3036.0, 8.58, 5.02, -0.97, 0.01, -0.07, -0.01
2795.0, 2827.0, 3721.0, 3558.0, 3034.0, 8.6, 5.16, -1.16, 0.01, -0.01, -0.02
2793.0, 2827.0, 3717.0, 3568.0, 3035.0, 8.68, 5.08, -1.15, 0.02, -0.04, -0.01
2793.0, 2831.0, 3713.0, 3565.0, 3023.0, 8.62, 5.06, -1.03, -0.01, -0.05, -0.01
2786.0, 2826.0, 3716.0, 3605.0, 3039.0, 8.62, 5.04, -1.1, -0.0, -0.02, -0.0
2789.0, 2823.0, 3715.0, 3562.0, 3033.0, 8.69, 4.99, -1.01, 0.01, -0.08, -0.01
2787.0, 2826.0, 3716.0, 3567.0, 3033.0, 8.66, 4.99, -1.12, 0.01, -0.02, -0.0
2793.0, 2824.0, 3719.0, 3565.0, 3037.0, 8.65, 5.0, -1.19, -0.02, -0.02, -0.01
2793.0, 2832.0, 3715.0, 3559.0, 3027.0, 8.51, 5.19, -1.06, -0.02, -0.0, -0.01
2789.0, 2822.0, 3712.0, 3558.0, 3034.0, 8.64, 5.02, -1.1, -0.02, -0.03, -0.01
2794.0, 2825.0, 3715.0, 3553.0, 3034.0, 8.63, 5.13, -0.99, -0.01, -0.02, -0.01
2791.0, 2821.0, 3714.0, 3560.0, 3035.0, 8.68, 5.07, -1.08, 0.02, -0.03, -0.02
2791.0, 2823.0, 3713.0, 3558.0, 3032.0, 8.63, 4.92, -1.01, 0.0, -0.04, -0.01
2797.0, 2823.0, 3728.0, 3568.0, 3042.0, 8.62, 5.02, -1.1, 0.03, 0.03, -0.02
2795.0, 2825.0, 3718.0, 3556.0, 3035.0, 8.75, 5.0, -1.0, 0.02, -0.02, -0.02
2791.0, 2825.0, 3712.0, 3558.0, 3034.0, 8.67, 5.05, -1.0, -0.02, -0.05, -0.0
2793.0, 2822.0, 3712.0, 3558.0, 3035.0, 8.72, 5.13, -0.95, 0.01, -0.08, -0.0
2794.0, 2825.0, 3714.0, 3557.0, 3034.0, 8.59, 5.05, -1.13, 0.02, -0.02, -0.01
2794.0, 2825.0, 3714.0, 3557.0, 3033.0, 8.53, 5.17, -1.15, -0.02, -0.07, 0.0
2789.0, 2823.0, 3713.0, 3558.0, 3035.0, 8.63, 5.11, -0.98, 0.02, 0.0, -0.01
2788.0, 2826.0, 3719.0, 3562.0, 3035.0, 8.56, 5.04, -1.01, 0.01, -0.02, -0.01
2790.0, 2820.0, 3712.0, 3553.0, 3031.0, 8.62, 5.11, -0.9, 0.05, -0.07, -0.0
2794.0, 2822.0, 3725.0, 3555.0, 3032.0, 8.68, 5.06, -0.91, -0.0, -0.06, -0.0
2791.0, 2821.0, 3714.0, 3557.0, 3035.0, 8.71, 5.06, -0.81, 0.05, -0.15, -0.02
2791.0, 2821.0, 3713.0, 3555.0, 3033.0, 8.61, 5.06, -1.17, 0.02, -0.1, -0.03
2794.0, 2822.0, 3712.0, 3583.0, 3039.0, 8.64, 5.13, -1.27, 0.02, -0.16, -0.0
2791.0, 2823.0, 3709.0, 3561.0, 3033.0, 8.63, 5.08, -1.44, 0.02, -0.07, -0.02
2793.0, 2805.0, 3715.0, 3554.0, 3031.0, 8.6, 5.0, -1.33, 0.01, -0.01, -0.01
2793.0, 2825.0, 3710.0, 3555.0, 3035.0, 8.6, 5.06, -1.24, -0.03, -0.01, -0.01
2793.0, 2831.0, 3710.0, 3555.0, 3033.0, 8.6, 5.03, -1.19, 0.01, -0.04, -0.0
