3214.0, 3159.0, 3371.0, 3200.0, 2810.0, 1.02, 9.79, -0.98, 0.0, -0.0, 0.05
3216.0, 3149.0, 3376.0, 3205.0, 2810.0, 0.59, 10.34, -0.71, 0.11, 0.12, 0.12
3210.0, 3149.0, 3398.0, 3231.0, 2813.0, 0.81, 10.18, -0.78, 0.13, -0.09, 0.27
3210.0, 3152.0, 3345.0, 3245.0, 2816.0, 0.92, 10.1, -0.85, 0.25, -0.15, 0.47
3213.0, 3170.0, 3439.0, 3335.0, 2837.0, 1.2, 9.7, -0.4, 0.58, -0.41, 0.58
3234.0, 3222.0, 3568.0, 3455.0, 2881.0, 1.85, 9.72, -1.37, 1.02, -0.92, 0.88
3266.0, 3279.0, 3654.0, 3583.0, 2988.0, 3.27, 8.95, -2.5, 0.6, -0.7, 1.0
3270.0, 3277.0, 3714.0, 3632.0, 3042.0, 3.13, 8.75, -2.6, 0.44, -0.25, 0.52
3270.0, 3261.0, 3733.0, 3649.0, 3083.0, 3.45, 8.8, -3.03, 0.33, -0.15, 0.5
3274.0, 3248.0, 3749.0, 3667.0, 3089.0, 3.27, 9.14, -4.19, 0.31, 0.04, 0.37
3272.0, 3231.0, 3746.0, 3675.0, 3089.0, 2.93, 9.11, -4.46, 0.32, 0.5, 0.45
3293.0, 3203.0, 3728.0, 3691.0, 3088.0, 3.65, 9.2, -3.36, -0.22, 0.36, 0.91
3319.0, 3184.0, 3702.0, 3677.0, 3175.0, 3.76, 9.35, -4.91, 0.52, 2.14, 0.28
3344.0, 3162.0, 3699.0, 3685.0, 3199.0, 5.33, 7.59, -4.19, 0.18, 2.51, 0.89
3376.0, 3149.0, 3699.0, 3682.0, 3215.0, 4.28, 7.77, -3.56, 0.54, 2.63, 0.68
3409.0, 3137.0, 3696.0, 3669.0, 3212.0, 4.98, 7.26, -2.55, 0.8, 2.99, 0.84
3440.0, 3138.0, 3680.0, 3643.0, 3195.0, 5.83, 8.63, -0.27, 0.45, 3.29, 1.26
3435.0, 3133.0, 3665.0, 3606.0, 3179.0, 5.6, 7.62, 4.6, -0.01, 2.28, 1.72
3460.0, 3127.0, 3655.0, 3613.0, 3170.0, 7.63, 4.53, 3.24, 0.44, 1.42, 0.86
3453.0, 3123.0, 3729.0, 3611.0, 3161.0, 7.25, 4.97, 4.17, 0.27, 1.41, 1.07
3440.0, 3121.0, 3700.0, 3600.0, 3110.0, 7.73, 5.33, 4.72, 0.35, 1.27, 0.72
3426.0, 3118.0, 3641.0, 3600.0, 3145.0, 8.45, 4.34, 4.29, 0.29, 0.89, 0.85
3408.0, 3111.0, 3642.0, 3600.0, 3137.0, 7.9, 4.13, 4.64, 0.11, 0.47, 0.51
3403.0, 3108.0, 3630.0, 3583.0, 3130.0, 8.24, 4.26, 3.82, 0.36, 0.68, 0.52
3392.0, 3106.0, 3637.0, 3583.0, 3122.0, 8.14, 4.22, 4.21, 0.22, 0.22, 0.26
3388.0, 3103.0, 3694.0, 3581.0, 3121.0, 8.25, 3.92, 3.97, 0.24, 0.36, 0.22
3386.0, 3099.0, 3725.0, 3578.0, 3120.0, 8.78, 4.29, 3.99, 0.17, 0.16, 0.2
3386.0, 3095.0, 3696.0, 3568.0, 3120.0, 8.73, 4.25, 4.3, 0.41, -0.07, 0.34
3382.0, 3090.0, 3732.0, 3574.0, 3121.0, 8.59, 4.01, 3.73, 0.67, -0.16, 0.57
3377.0, 3089.0, 3707.0, 3574.0, 3120.0, 8.43, 2.65, 4.34, 0.45, -0.31, 0.49
3379.0, 3088.0, 3729.0, 3570.0, 3120.0, 7.86, 3.22, 3.51, 0.53, -0.02, 0.19
3376.0, 3082.0, 3753.0, 3573.0, 3117.0, 8.27, 4.0, 3.01, 0.31, 0.13, -0.02
3376.0, 3070.0, 3762.0, 3568.0, 3109.0, 8.01, 4.77, 3.45, 0.27, 0.12, -0.02
3373.0, 3063.0, 3673.0, 3566.0, 3107.0, 8.18, 4.74, 3.69, 0.25, 0.25, -0.11
3368.0, 3061.0, 3728.0, 3568.0, 3105.0, 8.34, 3.96, 3.96, 0.07, -0.07, 0.1
3370.0, 3057.0, 3744.0, 3563.0, 3103.0, 8.33, 3.93, 3.45, 0.06, 0.05, 0.03
3369.0, 3056.0, 3779.0, 3568.0, 3107.0, 8.39, 3.95, 3.49, 0.04, 0.19, -0.03
3371.0, 3056.0, 3662.0, 3563.0, 3106.0, 8.33, 4.16, 4.12, 0.01, 0.2, 0.03
3370.0, 3055.0, 3662.0, 3562.0, 3105.0, 8.27, 3.96, 4.1, 0.06, 0.11, 0.06
3364.0, 3053.0, 3664.0, 3566.0, 3106.0, 8.36, 3.89, 3.97, -0.03, -0.04, -0.05
3369.0, 3051.0, 3657.0, 3563.0, 3104.0, 8.21, 3.9, 4.06, -0.03, 0.04, -0.14
3366.0, 3050.0, 3661.0, 3561.0, 3106.0, 8.3, 3.73, 3.97, -0.02, -0.14, -0.08
3366.0, 3043.0, 3650.0, 3564.0, 3104.0, 8.24, 4.34, 3.9, 0.02, -0.1, -0.08
3362.0, 3043.0, 3650.0, 3555.0, 3105.0, 8.23, 4.16, 3.84, -0.04, -0.14, -0.1
3366.0, 3047.0, 3670.0, 3560.0, 3102.0, 8.21, 4.31, 3.64, -0.08, -0.13, -0.09
3359.0, 3045.0, 3659.0, 3559.0, 3103.0, 8.34, 4.27, 3.45, 0.02, -0.06, -0.03
3361.0, 3045.0, 3664.0, 3562.0, 3105.0, 6.06, 4.15, 2.16, -0.12, 0.21, 0.21
3363.0, 3045.0, 3665.0, 3565.0, 3103.0, 8.37, 3.98, 3.43, 0.08, 0.07, 0.05
3379.0, 3042.0, 3666.0, 3557.0, 3104.0, 8.35, 3.68, 3.78, 0.04, 0.07, 0.06
3364.0, 3057.0, 3692.0, 3557.0, 3093.0, 8.33, 3.87, 3.87, 0.05, -0.02, -0.02
3366.0, 3043.0, 3664.0, 3564.0, 3104.0, 8.18, 4.14, 3.88, 0.07, 0.07, -0.03
