2559.0, 2897.0, 3033.0, 2839.0, 2987.0, 9.41, 2.78, 2.14, 0.02, -0.05, -0.02
2559.0, 2901.0, 3028.0, 2834.0, 2983.0, 9.42, 2.84, 2.14, 0.0, -0.06, -0.02
2559.0, 2898.0, 3034.0, 2838.0, 2988.0, 9.35, 2.94, 2.1, 0.02, -0.04, -0.01
2559.0, 2899.0, 3036.0, 2838.0, 2982.0, 9.36, 3.01, 2.09, 0.01, -0.04, -0.01
2559.0, 2900.0, 3034.0, 2839.0, 2986.0, 9.38, 2.88, 2.1, 0.0, -0.03, -0.0
2559.0, 2903.0, 3033.0, 2839.0, 2987.0, 9.42, 2.79, 2.1, 0.03, -0.04, -0.0
2559.0, 2898.0, 3049.0, 2834.0, 2999.0, 9.42, 2.84, 2.09, 0.0, -0.02, -0.01
2559.0, 2900.0, 3037.0, 2839.0, 2970.0, 9.38, 2.9, 2.14, 0.0, -0.02, -0.0
2559.0, 2900.0, 3033.0, 2833.0, 2985.0, 9.39, 2.87, 2.16, 0.02, -0.01, -0.0
2559.0, 2902.0, 3037.0, 2835.0, 2982.0, 9.4, 2.86, 2.14, 0.0, -0.01, -0.01
2559.0, 2898.0, 3033.0, 2835.0, 2981.0, 9.35, 2.84, 2.19, 0.0, -0.01, -0.02
2559.0, 2896.0, 3033.0, 2835.0, 2982.0, 9.31, 2.82, 2.27, 0.01, -0.03, -0.01
2559.0, 2899.0, 3034.0, 2837.0, 2982.0, 9.39, 2.78, 2.17, 0.01, -0.03, -0.02
2559.0, 2897.0, 3030.0, 2834.0, 2982.0, 9.37, 2.92, 2.17, 0.01, -0.01, -0.02
2559.0, 2900.0, 2999.0, 2835.0, 2981.0, 9.34, 2.94, 2.25, 0.02, -0.03, -0.0
2559.0, 2899.0, 3027.0, 2833.0, 2978.0, 9.4, 2.81, 2.24, 0.02, -0.03, -0.0
2559.0, 2893.0, 3031.0, 2837.0, 2977.0, 9.37, 2.87, 2.31, 0.01, -0.02, -0.01
2559.0, 2898.0, 3033.0, 2833.0, 2981.0, 9.35, 2.82, 2.23, 0.04, -0.03, -0.0
2559.0, 2897.0, 3033.0, 2834.0, 2983.0, 9.37, 2.84, 2.16, 0.03, -0.03, -0.0
2559.0, 2899.0, 3031.0, 2834.0, 2980.0, 9.32, 2.88, 2.25, 0.01, -0.04, -0.0
2559.0, 2903.0, 3035.0, 2839.0, 2982.0, 9.33, 2.85, 2.29, 0.03, -0.03, -0.0
2559.0, 2905.0, 3031.0, 2834.0, 2980.0, 9.37, 2.78, 2.34, 0.01, -0.04, -0.0
2555.0, 2901.0, 3031.0, 2833.0, 2981.0, 9.36, 2.86, 2.27, 0.02, -0.04, -0.01
2558.0, 2899.0, 3031.0, 2832.0, 2979.0, 9.38, 2.77, 2.15, 0.05, -0.05, -0.01
2544.0, 2896.0, 3022.0, 2833.0, 2985.0, 9.38, 2.92, 2.18, 0.01, -0.02, -0.02
2559.0, 2905.0, 3034.0, 2837.0, 2987.0, 9.33, 2.82, 2.26, 0.01, -0.02, -0.01
2559.0, 2902.0, 3035.0, 2837.0, 2983.0, 9.39, 2.86, 2.27, 0.03, -0.01, -0.0
2559.0, 2902.0, 3029.0, 2835.0, 2979.0, 9.34, 2.83, 2.16, 0.03, -0.03, 0.0
2558.0, 2900.0, 3030.0, 2835.0, 2979.0, 9.38, 2.85, 2.2, 0.02, -0.02, -0.01
2559.0, 2909.0, 3041.0, 2821.0, 2992.0, 9.32, 2.8, 2.33, 0.03, -0.02, -0.01
2558.0, 2897.0, 3029.0, 2834.0, 2981.0, 9.38, 2.81, 2.27, 0.03, -0.03, -0.01
2559.0, 2903.0, 3034.0, 2836.0, 2994.0, 9.39, 2.9, 2.32, 0.02, -0.03, -0.01
2559.0, 2899.0, 3031.0, 2837.0, 2979.0, 9.33, 2.87, 2.4, 0.01, -0.05, -0.01
2559.0, 2899.0, 3033.0, 2835.0, 2978.0, 9.36, 2.84, 2.31, 0.02, -0.04, -0.01
2559.0, 2902.0, 3033.0, 2842.0, 2980.0, 9.35, 2.83, 2.23, 0.01, -0.04, -0.01
2558.0, 2896.0, 3029.0, 2841.0, 2977.0, 9.32, 2.82, 2.29, 0.02, -0.04, -0.01
2559.0, 2899.0, 3034.0, 2839.0, 2977.0, 9.31, 2.9, 2.23, 0.01, -0.03, -0.02
2559.0, 2916.0, 3051.0, 2859.0, 2992.0, 9.3, 2.89, 2.21, 0.01, -0.05, -0.01
2559.0, 2930.0, 3046.0, 2853.0, 2990.0, 9.42, 2.73, 2.2, 0.03, -0.04, -0.0
2559.0, 2912.0, 3045.0, 2849.0, 2990.0, 9.41, 2.83, 2.33, -0.0, -0.04, -0.03
2559.0, 2910.0, 3045.0, 2853.0, 2989.0, 9.41, 2.88, 2.23, 0.01, -0.04, -0.0
2558.0, 2883.0, 3034.0, 2835.0, 2976.0, 9.44, 2.74, 2.05, 0.03, -0.02, 0.0
2559.0, 2902.0, 3033.0, 2835.0, 2979.0, 9.34, 2.82, 2.29, 0.01, 0.0, -0.03
2559.0, 2919.0, 3049.0, 2832.0, 2976.0, 9.32, 2.91, 2.38, -0.0, -0.04, -0.01
2559.0, 2917.0, 3024.0, 2839.0, 2981.0, 9.28, 2.87, 2.44, 0.05, -0.06, -0.01
2558.0, 2898.0, 3030.0, 2835.0, 2978.0, 9.33, 2.83, 2.36, -0.0, -0.09, -0.01
2559.0, 2899.0, 3034.0, 2839.0, 2978.0, 9.53, 2.74, 1.71, -0.04, -0.1, 0.0
2559.0, 2897.0, 3018.0, 2837.0, 2993.0, 9.52, 2.78, 1.75, 0.13, 0.08, -0.01
2559.0, 2898.0, 3045.0, 2839.0, 2977.0, 9.29, 3.02, 2.48, -0.05, 0.09, -0.06
2559.0, 2897.0, 3035.0, 2834.0, 2977.0, 9.17, 3.06, 2.83, -0.04, -0.02, -0.01
