2382.0, 2496.0, 2666.0, 2460.0, 2554.0, 9.35, 3.67, -0.24, -0.05, -0.05, -0.06
2384.0, 2496.0, 2666.0, 2463.0, 2553.0, 9.45, 3.59, -0.12, 0.01, -0.04, -0.06
2384.0, 2498.0, 2665.0, 2462.0, 2549.0, 9.75, 3.51, -0.18, 0.11, 0.15, -0.13
2373.0, 2528.0, 2655.0, 2461.0, 2548.0, 9.2, 3.79, 0.37, 0.82, 0.44, -0.45
2381.0, 2590.0, 2833.0, 2480.0, 2553.0, 9.62, 4.32, 0.32, 1.4, 0.21, -0.57
2405.0, 2705.0, 2887.0, 2546.0, 2589.0, 8.76, 5.0, -0.56, 1.42, 1.07, -0.05
2433.0, 2753.0, 2825.0, 2614.0, 2635.0, 8.05, 4.97, 0.26, 1.4, 1.15, -0.27
2467.0, 2783.0, 2874.0, 2661.0, 2706.0, 9.32, 4.23, 1.02, 1.37, 0.54, -0.33
2465.0, 2805.0, 2905.0, 2701.0, 2779.0, 9.03, 4.18, 0.68, 1.02, 0.14, 0.01
2463.0, 2837.0, 2969.0, 2743.0, 2831.0, 9.0, 5.28, 0.05, 0.46, 0.2, -0.07
2479.0, 2891.0, 3010.0, 2791.0, 2864.0, 8.87, 4.75, -0.09, 0.7, 0.39, -0.16
2495.0, 2917.0, 3039.0, 2822.0, 2880.0, 8.94, 4.86, -0.05, 0.68, 0.36, 0.05
2503.0, 2931.0, 3053.0, 2848.0, 2894.0, 9.05, 4.41, 0.45, 0.5, 0.38, 0.19
2514.0, 2948.0, 3071.0, 2873.0, 2907.0, 8.86, 4.95, 0.3, 0.55, 0.24, 0.25
2524.0, 2960.0, 3088.0, 2895.0, 2925.0, 8.86, 4.69, 0.87, 0.61, 0.26, 0.3
2531.0, 2972.0, 3101.0, 2909.0, 2933.0, 8.83, 4.36, -0.15, 0.42, 0.26, 0.22
2542.0, 2990.0, 3115.0, 2928.0, 2949.0, 8.99, 4.26, 0.56, 0.52, 0.18, 0.23
2548.0, 2986.0, 3132.0, 2946.0, 2957.0, 8.9, 4.64, 0.65, 0.36, -0.01, 0.33
2559.0, 2995.0, 3138.0, 2957.0, 2957.0, 9.32, 3.89, 0.19, 0.29, 0.07, 0.18
2559.0, 3002.0, 3146.0, 2963.0, 2976.0, 9.11, 3.67, 0.25, 0.23, -0.02, 0.17
2559.0, 3006.0, 3153.0, 2968.0, 2974.0, 9.31, 3.48, 0.13, 0.1, -0.05, 0.1
2559.0, 3007.0, 3155.0, 2975.0, 2971.0, 9.38, 3.57, 0.18, 0.09, 0.07, -0.0
2594.0, 3009.0, 3157.0, 2977.0, 2976.0, 9.29, 3.95, 0.13, 0.07, 0.02, -0.03
2604.0, 2999.0, 3157.0, 2977.0, 2985.0, 9.31, 3.68, 0.09, 0.06, 0.02, -0.05
2608.0, 3009.0, 3166.0, 2980.0, 2982.0, 9.2, 3.8, 0.33, 0.04, -0.07, 0.03
2620.0, 3008.0, 3164.0, 2982.0, 2980.0, 9.28, 3.8, 0.05, 0.17, 0.01, -0.04
2616.0, 2999.0, 3210.0, 2981.0, 2986.0, 9.33, 3.75, 0.27, 0.07, -0.04, 0.02
2615.0, 2994.0, 3169.0, 2976.0, 2983.0, 9.3, 3.79, 0.05, 0.07, -0.02, -0.01
2612.0, 3001.0, 3159.0, 2979.0, 2983.0, 9.28, 3.89, 0.1, 0.16, -0.0, -0.05
2609.0, 2999.0, 3158.0, 2976.0, 2979.0, 9.33, 3.66, 0.14, 0.05, 0.01, -0.01
2608.0, 3008.0, 3152.0, 2965.0, 2981.0, 9.28, 3.97, 0.23, 0.07, -0.06, 0.02
2608.0, 2992.0, 3154.0, 2963.0, 2978.0, 9.33, 3.67, 0.22, 0.04, -0.05, -0.04
2608.0, 2991.0, 3154.0, 2960.0, 2974.0, 9.29, 3.89, 0.06, 0.06, -0.05, -0.01
2608.0, 2989.0, 3157.0, 2960.0, 2977.0, 9.31, 3.86, 0.08, 0.07, -0.03, -0.04
2611.0, 2986.0, 3159.0, 2959.0, 2971.0, 9.3, 3.9, 0.12, 0.01, -0.02, -0.03
2617.0, 2993.0, 3164.0, 2956.0, 2965.0, 9.33, 3.96, 0.11, 0.06, -0.01, -0.02
2608.0, 2978.0, 3146.0, 2950.0, 2967.0, 9.27, 3.78, 0.12, 0.03, -0.02, -0.01
2608.0, 2978.0, 3138.0, 2948.0, 2963.0, 9.27, 3.96, 0.22, 0.03, -0.03, -0.04
2608.0, 2975.0, 3141.0, 2946.0, 2960.0, 9.27, 3.85, 0.21, 0.01, -0.06, -0.02
2608.0, 2967.0, 3141.0, 2944.0, 2960.0, 9.31, 3.99, 0.18, 0.04, -0.02, -0.06
2605.0, 2973.0, 3141.0, 2947.0, 2960.0, 9.26, 4.06, 0.02, 0.05, -0.05, -0.01
2610.0, 2970.0, 3142.0, 2941.0, 2960.0, 9.25, 3.95, 0.1, 0.02, -0.07, -0.04
2607.0, 2971.0, 3142.0, 2941.0, 2960.0, 9.27, 3.9, 0.04, 0.06, -0.03, -0.0
2606.0, 2972.0, 3138.0, 2937.0, 2960.0, 9.25, 3.91, 0.04, 0.05, -0.04, -0.02
2608.0, 2969.0, 3142.0, 2944.0, 2958.0, 9.24, 3.93, 0.02, 0.07, -0.02, -0.03
2608.0, 2969.0, 3145.0, 2941.0, 2958.0, 9.19, 3.96, 0.2, 0.01, -0.02, -0.02
2605.0, 2967.0, 3146.0, 2943.0, 2959.0, 9.28, 3.95, 0.1, 0.03, -0.01, -0.05
2602.0, 2961.0, 3139.0, 2939.0, 2960.0, 9.18, 4.04, 0.09, 0.04, -0.07, -0.02
2607.0, 2964.0, 3142.0, 2943.0, 2957.0, 9.24, 4.05, 0.06, 0.03, -0.04, -0.03
2605.0, 2966.0, 3136.0, 2937.0, 2960.0, 9.28, 3.88, 0.04, 0.01, -0.05, -0.03
