3208.0, 3081.0, 3230.0, 3045.0, 2775.0, -0.02, 2.8, 9.34, 0.01, -0.04, -0.0
3206.0, 3082.0, 3229.0, 3038.0, 2774.0, 0.04, 2.81, 9.34, 0.02, -0.06, -0.0
3207.0, 3082.0, 3232.0, 3038.0, 2768.0, -0.01, 2.95, 9.8, 0.09, -0.14, 0.08
3206.0, 3105.0, 3244.0, 3049.0, 2771.0, 0.39, 2.73, 9.25, 0.31, -0.17, 0.02
3211.0, 3122.0, 3248.0, 3062.0, 2798.0, 0.26, 4.03, 10.57, 0.43, 0.38, 0.27
3216.0, 3356.0, 3454.0, 3249.0, 2786.0, 0.13, 4.65, 11.99, -0.02, -1.7, 0.71
3239.0, 3486.0, 3616.0, 3552.0, 2971.0, 1.9, 4.42, 8.34, -0.1, -1.44, 0.07
3265.0, 3499.0, 3677.0, 3658.0, 3120.0, 1.06, 5.06, 9.96, 0.78, -1.39, 0.54
3259.0, 3551.0, 3755.0, 3703.0, 3228.0, 3.07, 3.88, 9.31, 0.02, -2.14, 0.78
3264.0, 3552.0, 3750.0, 3712.0, 3280.0, 3.69, 3.88, 10.41, -0.01, -2.46, 0.94
3251.0, 3568.0, 3704.0, 3679.0, 3314.0, 5.31, 2.65, 6.37, 0.58, -2.03, 0.54
3250.0, 3520.0, 3645.0, 3690.0, 3307.0, 6.56, 2.58, 6.28, 0.1, -1.62, 0.37
3248.0, 3490.0, 3579.0, 3674.0, 3301.0, 6.75, 2.83, 5.25, 0.4, -1.78, 0.4
3302.0, 3444.0, 3504.0, 3664.0, 3289.0, 6.61, 2.65, 4.18, 0.22, -1.43, 0.34
3408.0, 3398.0, 3417.0, 3623.0, 3268.0, 8.17, 2.56, 2.37, 0.35, -1.43, 0.36
3431.0, 3349.0, 3356.0, 3603.0, 3245.0, 8.76, 2.63, 1.94, 0.26, -1.13, 0.2
3435.0, 3315.0, 3331.0, 3569.0, 3227.0, 8.36, 2.34, 1.75, 0.13, -0.85, 0.21
3459.0, 3297.0, 3328.0, 3530.0, 3216.0, 8.66, 2.03, 1.53, 0.37, -0.94, 0.36
3462.0, 3248.0, 3315.0, 3499.0, 3200.0, 9.74, 1.76, 1.2, 0.07, -0.69, 0.33
3454.0, 3203.0, 3284.0, 3458.0, 3178.0, 9.52, 1.57, 1.38, 0.02, -0.35, 0.23
3436.0, 3168.0, 3269.0, 3451.0, 3179.0, 9.85, 2.15, 0.41, -0.01, -0.22, 0.17
3430.0, 3137.0, 3250.0, 3437.0, 3179.0, 10.02, 1.96, 0.86, 0.07, -0.32, -0.04
3421.0, 3116.0, 3239.0, 3431.0, 3178.0, 9.37, 1.98, 1.19, -0.07, -0.07, -0.02
3414.0, 3102.0, 3230.0, 3421.0, 3173.0, 10.05, 2.22, 0.54, 0.01, -0.01, -0.02
3402.0, 3088.0, 3227.0, 3410.0, 3169.0, 9.51, 2.01, 0.97, 0.13, -0.35, -0.01
3393.0, 3062.0, 3202.0, 3408.0, 3171.0, 9.99, 1.87, 0.81, -0.05, -0.03, 0.02
3392.0, 3042.0, 3216.0, 3399.0, 3169.0, 10.17, 2.26, 0.52, -0.01, 0.12, -0.04
3393.0, 3035.0, 3211.0, 3395.0, 3164.0, 9.74, 2.02, 1.53, -0.01, -0.15, -0.11
3386.0, 3028.0, 3207.0, 3393.0, 3163.0, 9.94, 2.44, 0.85, -0.03, 0.01, -0.0
3384.0, 3027.0, 3205.0, 3390.0, 3167.0, 9.61, 1.98, 0.89, 0.05, -0.01, -0.1
3386.0, 3024.0, 3206.0, 3394.0, 3163.0, 9.5, 1.95, 1.44, -0.09, 0.06, -0.03
3387.0, 3024.0, 3207.0, 3392.0, 3163.0, 10.2, 2.36, 0.91, 0.01, 0.03, -0.04
3383.0, 3025.0, 3209.0, 3390.0, 3164.0, 9.79, 2.38, 1.27, -0.02, -0.15, -0.06
3386.0, 3024.0, 3206.0, 3391.0, 3163.0, 9.36, 2.13, 1.24, -0.06, -0.01, -0.06
3387.0, 3023.0, 3203.0, 3389.0, 3165.0, 9.75, 2.35, 0.69, -0.07, 0.09, -0.02
3387.0, 3019.0, 3204.0, 3395.0, 3162.0, 9.66, 2.45, 1.37, -0.09, 0.02, -0.0
3386.0, 3024.0, 3205.0, 3383.0, 3163.0, 9.66, 2.25, 1.48, -0.03, 0.05, -0.02
3382.0, 3019.0, 3207.0, 3395.0, 3167.0, 10.12, 2.14, 1.23, -0.01, -0.03, -0.05
3379.0, 3014.0, 3205.0, 3399.0, 3163.0, 9.69, 2.18, 1.67, -0.14, -0.12, -0.08
3389.0, 3014.0, 3205.0, 3394.0, 3165.0, 9.7, 2.32, 1.12, -0.11, -0.1, -0.03
3413.0, 3006.0, 3204.0, 3420.0, 3161.0, 9.72, 2.35, 1.03, -0.05, -0.13, -0.08
3387.0, 3014.0, 3207.0, 3392.0, 3164.0, 9.34, 2.21, 1.22, -0.07, 0.04, -0.02
3389.0, 3015.0, 3206.0, 3393.0, 3169.0, 9.67, 2.54, 1.15, -0.01, 0.05, -0.04
3389.0, 3019.0, 3209.0, 3395.0, 3164.0, 9.68, 2.22, 1.39, 0.0, -0.1, -0.02
3391.0, 3014.0, 3203.0, 3393.0, 3163.0, 9.55, 2.14, 1.31, -0.17, 0.04, 0.0
3387.0, 3013.0, 3203.0, 3394.0, 3163.0, 10.13, 2.46, 1.07, -0.11, -0.01, -0.0
3383.0, 3010.0, 3202.0, 3405.0, 3158.0, 9.54, 2.45, 1.63, -0.11, 0.03, -0.08
3387.0, 3008.0, 3207.0, 3393.0, 3158.0, 9.84, 2.6, 1.62, -0.06, 0.1, -0.01
3383.0, 3013.0, 3207.0, 3392.0, 3163.0, 9.37, 2.21, 1.77, -0.02, 0.06, 0.02
3380.0, 3022.0, 3211.0, 3394.0, 3165.0, 9.8, 2.13, 1.24, 0.04, -0.21, 0.06
