2661.0, 2641.0, 3442.0, 3083.0, 2800.0, 1.27, -0.95, 10.46, 0.0, -0.13, -0.91
2669.0, 2659.0, 3459.0, 3110.0, 2800.0, -0.3, -0.55, 13.09, -0.17, -0.64, -1.43
2670.0, 2670.0, 3453.0, 3151.0, 2800.0, -1.96, 1.42, 14.89, 0.26, -0.88, -1.96
2688.0, 2703.0, 3568.0, 3238.0, 2806.0, -0.97, 1.21, 14.28, 1.36, -3.44, -0.99
2704.0, 2730.0, 3616.0, 3266.0, 2813.0, -0.11, 1.94, 11.23, 1.36, -3.07, -0.49
2711.0, 2745.0, 3571.0, 3276.0, 2817.0, 1.02, 1.71, 6.96, 1.82, -4.25, -0.65
2734.0, 2769.0, 3628.0, 3338.0, 2826.0, 3.33, 2.47, 2.68, 1.18, -4.14, -0.2
2764.0, 2807.0, 3690.0, 3386.0, 2856.0, 5.63, 2.3, 0.72, 0.57, -3.87, -0.09
2800.0, 2841.0, 3799.0, 3456.0, 2883.0, 7.65, 3.74, -0.48, 0.63, -3.37, 0.16
2833.0, 2865.0, 3817.0, 3478.0, 2921.0, 10.15, 3.61, -3.32, 0.01, -1.2, 0.51
2839.0, 2882.0, 3815.0, 3493.0, 2924.0, 9.9, 1.66, -3.98, 0.1, -0.97, 0.47
2846.0, 2871.0, 3808.0, 3479.0, 2929.0, 10.08, 1.54, -4.7, -0.28, 0.03, 0.25
2834.0, 2863.0, 3792.0, 3463.0, 2928.0, 9.97, 1.07, -4.24, -0.75, 0.5, -0.18
2835.0, 2861.0, 3781.0, 3457.0, 2928.0, 9.07, 2.59, -0.99, -0.79, 1.13, -0.3
2833.0, 2859.0, 3780.0, 3458.0, 2927.0, 8.88, 4.39, 5.05, -0.26, 0.99, 0.04
2834.0, 2858.0, 3809.0, 3469.0, 2928.0, 9.33, 3.99, 4.29, 0.08, 0.0, -0.14
2832.0, 2857.0, 3861.0, 3477.0, 2926.0, 9.5, 3.08, 1.78, -0.2, -0.19, -0.03
2834.0, 2854.0, 3856.0, 3473.0, 2928.0, 9.7, 2.98, 0.68, 0.19, -0.18, 0.04
2832.0, 2856.0, 3858.0, 3475.0, 2929.0, 9.55, 2.99, 0.67, 0.15, -0.35, 0.0
2835.0, 2853.0, 3861.0, 3476.0, 2931.0, 9.66, 2.79, 0.18, 0.12, 0.05, 0.04
2836.0, 2853.0, 3782.0, 3450.0, 2933.0, 9.69, 3.0, 0.17, -0.08, -0.11, 0.02
2839.0, 2858.0, 3772.0, 3454.0, 2928.0, 9.44, 3.01, 0.67, -0.01, 0.09, -0.0
2843.0, 2858.0, 3773.0, 3450.0, 2929.0, 9.45, 2.92, 0.82, -0.03, 0.2, 0.03
2839.0, 2857.0, 3773.0, 3451.0, 2928.0, 9.42, 3.28, 1.18, 0.05, -0.17, -0.03
2839.0, 2855.0, 3771.0, 3442.0, 2928.0, 9.57, 2.96, 0.85, 0.06, 0.06, -0.08
2864.0, 2853.0, 3766.0, 3437.0, 2928.0, 9.75, 2.84, 0.74, 0.08, -0.15, 0.02
2835.0, 2850.0, 3765.0, 3440.0, 2928.0, 9.6, 3.18, 1.0, -0.03, 0.02, 0.0
2827.0, 2864.0, 3776.0, 3435.0, 2930.0, 9.51, 3.09, 1.18, 0.02, -0.09, -0.05
2833.0, 2850.0, 3763.0, 3442.0, 2925.0, 9.55, 3.06, 1.17, 0.09, -0.01, 0.01
2833.0, 2851.0, 3763.0, 3434.0, 2927.0, 9.51, 3.03, 0.91, 0.04, -0.08, -0.01
2832.0, 2849.0, 3760.0, 3440.0, 2927.0, 9.6, 2.96, 0.59, 0.06, -0.04, 0.0
2836.0, 2855.0, 3781.0, 3461.0, 2923.0, 9.57, 2.89, 0.57, -0.01, -0.02, -0.0
2832.0, 2844.0, 3760.0, 3426.0, 2933.0, 9.46, 2.99, 0.93, 0.03, -0.03, -0.02
2834.0, 2852.0, 3758.0, 3440.0, 2928.0, 9.65, 2.9, 0.78, 0.05, -0.04, -0.01
2832.0, 2849.0, 3760.0, 3434.0, 2927.0, 9.58, 2.92, 0.72, 0.0, -0.09, 0.02
2832.0, 2849.0, 3753.0, 3425.0, 2928.0, 9.66, 3.11, 0.54, 0.09, -0.05, -0.04
2832.0, 2850.0, 3751.0, 3407.0, 2927.0, 9.51, 3.01, 0.73, 0.06, -0.05, -0.02
2834.0, 2851.0, 3759.0, 3433.0, 2928.0, 9.52, 3.16, 0.81, -0.03, 0.08, 0.05
2832.0, 2847.0, 3761.0, 3434.0, 2928.0, 9.56, 3.13, 0.82, 0.06, -0.13, 0.01
2834.0, 2847.0, 3758.0, 3429.0, 2928.0, 9.54, 2.74, 0.8, -0.01, 0.03, 0.0
2832.0, 2848.0, 3760.0, 3430.0, 2933.0, 9.68, 2.88, 0.92, 0.03, -0.05, 0.02
2832.0, 2846.0, 3754.0, 3428.0, 2927.0, 9.58, 2.83, 0.74, -0.02, -0.04, -0.04
2831.0, 2845.0, 3754.0, 3425.0, 2922.0, 9.55, 2.99, 0.74, 0.02, 0.01, -0.02
2832.0, 2843.0, 3754.0, 3424.0, 2923.0, 9.59, 3.11, 0.8, 0.03, -0.15, -0.03
2832.0, 2846.0, 3757.0, 3428.0, 2926.0, 9.46, 3.05, 0.71, 0.06, 0.06, 0.0
2831.0, 2834.0, 3753.0, 3426.0, 2927.0, 9.57, 2.89, 0.55, 0.02, -0.03, 0.02
2827.0, 2845.0, 3759.0, 3424.0, 2927.0, 9.63, 2.84, 0.78, -0.07, -0.15, 0.01
2832.0, 2845.0, 3758.0, 3422.0, 2925.0, 9.44, 3.01, 0.74, 0.02, 0.03, 0.01
2832.0, 2844.0, 3758.0, 3423.0, 2925.0, 9.68, 2.81, 0.8, 0.1, -0.01, -0.03
2832.0, 2844.0, 3760.0, 3421.0, 2923.0, 9.5, 2.93, 0.62, -0.0, -0.06, -0.02
