2594.0, 2608.0, 3245.0, 3154.0, 2769.0, 1.04, 3.12, 9.12, 0.02, -0.04, -0.02
2593.0, 2608.0, 3251.0, 3161.0, 2773.0, 1.16, 3.14, 9.02, 0.02, -0.04, -0.01
2594.0, 2609.0, 3248.0, 3257.0, 2771.0, 1.09, 3.16, 9.1, 0.01, -0.04, -0.02
2593.0, 2609.0, 3248.0, 3155.0, 2771.0, 1.14, 3.16, 9.14, 0.01, -0.04, -0.01
2593.0, 2613.0, 3248.0, 3155.0, 2774.0, 1.07, 3.12, 9.08, 0.01, -0.04, -0.01
2593.0, 2611.0, 3248.0, 3155.0, 2773.0, 1.01, 3.12, 9.08, 0.02, -0.04, -0.01
2608.0, 2625.0, 3258.0, 3158.0, 2785.0, 1.08, 3.06, 8.95, 0.01, -0.03, -0.02
2593.0, 2613.0, 3248.0, 3155.0, 2778.0, 1.09, 3.15, 9.16, 0.0, -0.03, -0.01
2594.0, 2614.0, 3249.0, 3158.0, 2773.0, 1.05, 3.18, 9.17, 0.01, -0.04, -0.0
2606.0, 2626.0, 3258.0, 3159.0, 2785.0, 1.19, 3.13, 9.0, 0.01, -0.04, 0.0
2607.0, 2624.0, 3255.0, 3157.0, 2786.0, 1.07, 3.2, 9.13, 0.0, -0.04, -0.0
2606.0, 2625.0, 3258.0, 3159.0, 2783.0, 1.14, 3.09, 9.11, 0.02, -0.05, -0.02
2597.0, 2623.0, 3244.0, 3157.0, 2768.0, 1.18, 3.13, 9.19, 0.02, -0.04, -0.02
2595.0, 2614.0, 3248.0, 3158.0, 2769.0, 1.07, 3.21, 9.06, 0.01, -0.05, -0.01
2595.0, 2618.0, 3248.0, 3161.0, 2789.0, 1.02, 3.17, 8.96, 0.01, -0.03, -0.01
2594.0, 2612.0, 3249.0, 3161.0, 2772.0, 1.11, 2.98, 9.12, 0.01, -0.03, -0.01
2596.0, 2618.0, 3250.0, 3164.0, 2773.0, 1.1, 3.12, 9.08, 0.02, -0.04, -0.01
2597.0, 2614.0, 3248.0, 3160.0, 2769.0, 1.09, 3.11, 9.1, 0.01, -0.03, -0.0
2595.0, 2617.0, 3248.0, 3163.0, 2773.0, 1.12, 3.17, 9.18, -0.01, -0.03, 0.01
2595.0, 2614.0, 3248.0, 3158.0, 2774.0, 1.07, 3.11, 9.0, 0.01, -0.03, 0.0
2598.0, 2616.0, 3249.0, 3162.0, 2774.0, 1.11, 3.13, 9.12, 0.01, -0.03, -0.02
2603.0, 2615.0, 3249.0, 3161.0, 2775.0, 1.07, 3.12, 9.16, 0.01, -0.04, -0.01
2597.0, 2618.0, 3248.0, 3159.0, 2775.0, 1.11, 3.2, 9.1, 0.01, -0.04, -0.0
2589.0, 2625.0, 3246.0, 3264.0, 2769.0, 1.09, 3.19, 9.0, 0.0, -0.04, -0.0
2590.0, 2598.0, 3248.0, 3263.0, 2789.0, 1.13, 3.2, 9.14, 0.01, -0.04, -0.01
2595.0, 2614.0, 3250.0, 3166.0, 2778.0, 1.08, 3.11, 9.16, 0.01, -0.04, -0.02
2599.0, 2623.0, 3251.0, 3163.0, 2772.0, 1.13, 3.21, 9.1, 0.0, -0.03, -0.01
2596.0, 2615.0, 3251.0, 3162.0, 2782.0, 1.04, 3.14, 9.03, 0.01, -0.04, -0.01
2597.0, 2616.0, 3235.0, 3167.0, 2773.0, 1.04, 3.17, 9.16, 0.01, -0.04, -0.02
2594.0, 2621.0, 3257.0, 3163.0, 2775.0, 1.06, 3.17, 9.09, 0.01, -0.04, -0.02
2595.0, 2622.0, 3251.0, 3166.0, 2773.0, 1.12, 3.15, 9.12, -0.0, -0.04, -0.02
2594.0, 2619.0, 3253.0, 3163.0, 2773.0, 1.08, 3.17, 9.09, 0.01, -0.04, -0.01
2598.0, 2619.0, 3250.0, 3166.0, 2774.0, 1.15, 3.23, 9.07, 0.0, -0.04, -0.01
2596.0, 2618.0, 3251.0, 3168.0, 2774.0, 1.14, 3.19, 8.95, 0.01, -0.03, -0.0
2599.0, 2624.0, 3251.0, 3165.0, 2773.0, 1.24, 3.19, 9.04, 0.01, -0.03, -0.01
2598.0, 2672.0, 3317.0, 3233.0, 2783.0, 2.37, 5.87, 14.77, 0.27, -2.32, 1.55
2640.0, 2726.0, 3376.0, 3313.0, 2827.0, 4.54, 4.3, 14.25, 1.14, -2.73, 0.76
2659.0, 2740.0, 3408.0, 3345.0, 2838.0, 4.68, 3.13, 10.55, 0.91, -4.02, 0.7
2670.0, 2752.0, 3429.0, 3363.0, 2853.0, 4.33, 2.43, 6.28, 0.24, -4.23, 0.47
2671.0, 2753.0, 3437.0, 3442.0, 2857.0, 4.86, 2.94, 3.46, -0.55, -3.45, 0.09
2672.0, 2752.0, 3440.0, 3370.0, 2857.0, 5.11, 4.32, 0.03, -0.6, -2.91, -0.05
2672.0, 2755.0, 3450.0, 3388.0, 2859.0, 6.63, 4.02, -2.81, -1.01, -1.89, -0.1
2674.0, 2757.0, 3458.0, 3390.0, 2861.0, 6.51, 6.13, -4.15, -0.74, -0.64, 0.29
2673.0, 2753.0, 3500.0, 3413.0, 2861.0, 7.22, 4.09, -3.85, -0.27, 0.87, 0.42
2672.0, 2754.0, 3569.0, 3459.0, 2864.0, 6.23, 4.52, -2.43, 0.72, 1.8, 0.2
2674.0, 2754.0, 3526.0, 3440.0, 2870.0, 6.95, 3.56, 0.27, 0.71, 2.42, 0.24
2675.0, 2758.0, 3521.0, 3429.0, 2873.0, 6.82, 1.13, 3.41, 0.46, 2.53, 0.27
2677.0, 2753.0, 3515.0, 3421.0, 2874.0, 7.02, 2.29, 7.34, -0.48, 2.22, 0.9
2675.0, 2751.0, 3462.0, 3386.0, 2870.0, 7.81, 2.33, 9.82, -0.22, 1.98, 0.16
2670.0, 2743.0, 3443.0, 3371.0, 2863.0, 7.75, 2.29, 9.4, 0.32, 1.21, -0.43
2668.0, 2738.0, 3454.0, 3376.0, 2861.0, 6.94, 2.59, 8.34, 0.09, 1.08, -0.32
2661.0, 2734.0, 3446.0, 3363.0, 2855.0, 7.61, 2.95, 10.95, -0.47, 1.2, -0.12
2659.0, 2735.0, 3442.0, 3363.0, 2860.0, 7.18, 2.6, 12.73, 0.29, -1.54, -0.32
2659.0, 2731.0, 3445.0, 3363.0, 2858.0, 7.62, 1.59, 12.12, -0.48, -1.94, -0.39
2660.0, 2731.0, 3440.0, 3359.0, 2858.0, 7.03, 1.53, 10.33, -1.24, -3.78, -0.32
2627.0, 2736.0, 3456.0, 3366.0, 2854.0, 6.29, 0.81, 7.42, -1.52, -4.37, -1.11
2679.0, 2738.0, 3438.0, 3345.0, 2850.0, 5.76, 1.41, 3.32, -2.1, -4.37, -1.28
2691.0, 2736.0, 3389.0, 3319.0, 2835.0, 5.3, 4.73, 0.69, -2.17, -3.61, -1.42
2694.0, 2715.0, 3337.0, 3271.0, 2829.0, 5.93, 7.02, 0.19, -1.41, -1.89, -1.58
2706.0, 2703.0, 3314.0, 3237.0, 2818.0, 4.41, 8.38, -2.29, -1.18, -2.09, -1.1
2714.0, 2695.0, 3315.0, 3230.0, 2812.0, 4.7, 10.23, -4.21, -0.1, -1.23, -0.51
2720.0, 2695.0, 3280.0, 3190.0, 2800.0, 3.8, 11.27, -6.1, 0.06, 0.06, 0.38
2722.0, 2695.0, 3255.0, 3175.0, 2790.0, 1.99, 9.54, -5.61, 0.26, 2.31, 1.88
2721.0, 2695.0, 3248.0, 3162.0, 2785.0, 5.18, 5.04, -1.61, 0.7, 2.63, 2.91
2720.0, 2689.0, 3241.0, 3152.0, 2782.0, 10.48, -2.55, 5.15, 0.82, 2.01, 2.74
2721.0, 2688.0, 3232.0, 3140.0, 2782.0, 10.62, -5.06, 5.47, 0.84, 1.66, 1.6
2724.0, 2693.0, 3226.0, 3145.0, 2778.0, 11.93, -3.54, 5.03, 0.49, 0.65, 0.55
2719.0, 2687.0, 3225.0, 3137.0, 2778.0, 10.58, -1.22, 3.87, 0.16, -0.12, 0.09
2719.0, 2688.0, 3222.0, 3136.0, 2775.0, 9.78, 0.44, 2.16, 0.09, 0.14, -0.09
2714.0, 2685.0, 3223.0, 3135.0, 2788.0, 9.16, 0.6, 2.33, 0.1, -0.15, 0.11
2715.0, 2682.0, 3223.0, 3134.0, 2775.0, 9.78, -0.15, 2.76, 0.07, 0.23, 0.07
2713.0, 2685.0, 3219.0, 3133.0, 2774.0, 9.95, -0.31, 2.84, 0.09, -0.07, -0.05
2715.0, 2680.0, 3219.0, 3134.0, 2774.0, 9.75, 0.05, 2.84, -0.03, -0.14, -0.09
