2782.0, 2637.0, 3202.0, 3267.0, 3071.0, 8.86, 1.47, -2.12, -1.55, -1.05, 0.95
2800.0, 2657.0, 3207.0, 3305.0, 3121.0, 10.49, 1.41, -4.87, -1.53, -0.86, 0.22
2820.0, 2670.0, 3206.0, 3314.0, 3167.0, 8.93, 0.38, -4.31, -1.01, -0.49, 0.16
2808.0, 2672.0, 3206.0, 3327.0, 3169.0, 9.48, 0.54, -4.13, -1.08, -0.04, -0.29
2802.0, 2673.0, 3200.0, 3324.0, 3163.0, 9.01, 3.08, -2.09, -0.94, 0.03, -0.32
2787.0, 2671.0, 3199.0, 3317.0, 3147.0, 9.69, 4.28, -1.33, -0.56, 0.01, -0.46
2790.0, 2665.0, 3200.0, 3309.0, 3143.0, 9.43, 4.94, -2.2, -0.01, -0.42, -0.2
2786.0, 2679.0, 3215.0, 3319.0, 3156.0, 9.28, 3.61, -3.44, 0.02, -0.41, -0.1
2770.0, 2658.0, 3194.0, 3301.0, 3136.0, 9.13, 2.52, -4.07, 0.03, -0.33, -0.13
2783.0, 2660.0, 3193.0, 3306.0, 3133.0, 8.63, 2.64, -3.92, -0.01, -0.16, 0.05
2781.0, 2656.0, 3190.0, 3294.0, 3136.0, 9.34, 2.83, -3.59, -0.08, -0.09, -0.08
2781.0, 2657.0, 3197.0, 3294.0, 3127.0, 9.17, 2.82, -3.61, 0.02, -0.27, -0.0
2779.0, 2653.0, 3193.0, 3282.0, 3127.0, 11.24, 3.43, -4.7, -0.33, 0.01, -0.6
2779.0, 2652.0, 3198.0, 3296.0, 3127.0, 9.1, 3.66, -3.51, -0.09, -0.09, -0.21
2773.0, 2645.0, 3205.0, 3298.0, 3120.0, 8.65, 3.48, -3.65, -0.03, 0.07, -0.25
2775.0, 2639.0, 3210.0, 3296.0, 3120.0, 8.84, 3.23, -3.98, 0.04, 0.04, -0.12
2768.0, 2641.0, 3216.0, 3300.0, 3111.0, 8.92, 3.22, -3.7, -0.01, -0.05, -0.14
2768.0, 2641.0, 3214.0, 3303.0, 3103.0, 8.77, 3.54, -3.67, -0.01, -0.03, -0.13
2745.0, 2640.0, 3209.0, 3293.0, 3101.0, 8.78, 3.99, -3.57, 0.03, -0.06, -0.13
2766.0, 2640.0, 3207.0, 3294.0, 3101.0, 8.85, 3.65, -4.2, 0.02, -0.04, -0.03
2763.0, 2639.0, 3201.0, 3287.0, 3099.0, 8.75, 3.35, -3.73, -0.02, -0.07, 0.04
2763.0, 2640.0, 3201.0, 3293.0, 3094.0, 8.7, 3.45, -3.93, 0.0, 0.03, -0.19
2767.0, 2640.0, 3211.0, 3280.0, 3093.0, 8.88, 3.7, -3.78, -0.08, 0.12, -0.18
2762.0, 2637.0, 3216.0, 3296.0, 3091.0, 8.65, 4.07, -3.46, -0.02, 0.03, -0.1
2753.0, 2629.0, 3222.0, 3293.0, 3089.0, 8.59, 3.84, -3.75, 0.03, 0.05, -0.15
2764.0, 2647.0, 3215.0, 3291.0, 3088.0, 8.66, 4.12, -3.53, 0.03, 0.01, -0.07
2757.0, 2634.0, 3213.0, 3298.0, 3087.0, 8.71, 4.03, -3.54, 0.07, -0.01, -0.03
2759.0, 2635.0, 3212.0, 3286.0, 3086.0, 8.88, 3.94, -3.46, 0.08, -0.06, 0.03
2756.0, 2631.0, 3206.0, 3301.0, 3063.0, 8.7, 4.02, -3.54, 0.07, -0.1, 0.03
2759.0, 2635.0, 3205.0, 3290.0, 3082.0, 8.65, 3.72, -3.58, 0.04, -0.13, 0.08
2769.0, 2633.0, 3202.0, 3283.0, 3071.0, 8.52, 3.68, -3.61, -0.0, -0.09, 0.01
2756.0, 2637.0, 3201.0, 3278.0, 3071.0, 8.42, 3.89, -3.53, 0.05, -0.13, 0.07
2743.0, 2635.0, 3200.0, 3285.0, 3071.0, 8.85, 3.54, -4.02, -0.01, -0.12, 0.04
2758.0, 2636.0, 3199.0, 3280.0, 3081.0, 8.51, 3.79, -3.83, -0.03, -0.06, -0.09
2755.0, 2636.0, 3200.0, 3283.0, 3071.0, 8.57, 3.86, -3.81, 0.02, -0.14, 0.12
2755.0, 2638.0, 3200.0, 3291.0, 3071.0, 8.55, 3.73, -3.97, 0.01, -0.08, 0.02
2754.0, 2635.0, 3201.0, 3277.0, 3062.0, 8.46, 3.94, -3.74, 0.02, -0.1, 0.0
2756.0, 2636.0, 3200.0, 3283.0, 3071.0, 8.59, 3.55, -4.08, 0.01, -0.11, -0.03
2755.0, 2636.0, 3200.0, 3295.0, 3071.0, 8.57, 3.92, -4.01, 0.03, -0.09, -0.01
2756.0, 2637.0, 3201.0, 3287.0, 3071.0, 8.53, 3.89, -4.17, 0.05, -0.07, 0.01
2755.0, 2637.0, 3201.0, 3293.0, 3088.0, 8.5, 3.74, -4.11, 0.05, -0.07, -0.01
2755.0, 2637.0, 3203.0, 3282.0, 3071.0, 8.54, 3.69, -4.01, 0.04, -0.07, 0.01
2753.0, 2637.0, 3202.0, 3278.0, 3071.0, 8.71, 3.82, -4.17, 0.03, -0.09, 0.05
2754.0, 2640.0, 3201.0, 3280.0, 3070.0, 8.58, 3.72, -4.14, -0.01, -0.1, 0.02
2754.0, 2635.0, 3201.0, 3280.0, 3071.0, 8.52, 3.64, -4.15, -0.03, -0.12, 0.06
2753.0, 2635.0, 3202.0, 3280.0, 3066.0, 8.47, 3.65, -4.31, -0.07, -0.11, 0.09
2752.0, 2635.0, 3199.0, 3280.0, 3071.0, 8.4, 3.54, -4.3, -0.04, -0.05, 0.04
2752.0, 2636.0, 3201.0, 3278.0, 3067.0, 8.39, 3.8, -4.16, -0.03, -0.07, 0.06
2751.0, 2633.0, 3203.0, 3279.0, 3067.0, 8.48, 3.42, -4.19, 0.02, -0.05, 0.07
2743.0, 2635.0, 3197.0, 3299.0, 3063.0, 8.79, 3.8, -4.39, 0.03, -0.01, 0.03
