2715.0, 2693.0, 3364.0, 3101.0, 2802.0, 2.93, 6.73, 6.48, 0.01, -0.03, -0.01
2708.0, 2693.0, 3365.0, 3103.0, 2801.0, 2.89, 6.79, 6.46, 0.01, -0.03, -0.01
2704.0, 2695.0, 3402.0, 3099.0, 2800.0, 2.88, 6.75, 6.46, 0.01, -0.03, -0.01
2703.0, 2689.0, 3366.0, 3104.0, 2800.0, 2.89, 6.79, 6.48, 0.0, -0.04, -0.01
2700.0, 2696.0, 3366.0, 3100.0, 2798.0, 2.87, 6.69, 6.5, 0.01, -0.04, -0.01
2707.0, 2694.0, 3366.0, 3101.0, 2800.0, 2.83, 6.7, 6.55, 0.0, -0.05, -0.01
2705.0, 2693.0, 3365.0, 3109.0, 2801.0, 2.91, 6.78, 6.47, 0.01, -0.04, -0.01
2701.0, 2693.0, 3361.0, 3098.0, 2800.0, 2.83, 6.68, 6.38, 0.0, -0.04, -0.01
2705.0, 2694.0, 3365.0, 3114.0, 2801.0, 2.93, 6.68, 6.54, 0.01, -0.05, -0.01
2709.0, 2697.0, 3365.0, 3111.0, 2800.0, 2.89, 6.69, 6.42, 0.0, -0.04, -0.01
2704.0, 2697.0, 3366.0, 3105.0, 2802.0, 2.89, 6.74, 6.44, 0.01, -0.04, -0.0
2707.0, 2695.0, 3362.0, 3102.0, 2800.0, 2.93, 6.72, 6.51, 0.02, -0.04, -0.0
2704.0, 2699.0, 3367.0, 3102.0, 2800.0, 2.83, 6.71, 6.57, 0.0, -0.04, -0.01
2706.0, 2697.0, 3367.0, 3104.0, 2803.0, 2.94, 6.76, 6.36, 0.0, -0.04, -0.0
2706.0, 2695.0, 3365.0, 3104.0, 2800.0, 2.92, 6.77, 6.44, 0.02, -0.04, -0.01
2705.0, 2699.0, 3369.0, 3106.0, 2801.0, 2.93, 6.75, 6.45, 0.01, -0.04, -0.0
2705.0, 2697.0, 3365.0, 3105.0, 2800.0, 2.84, 6.76, 6.41, 0.02, -0.03, -0.0
2706.0, 2697.0, 3366.0, 3106.0, 2800.0, 2.93, 6.81, 6.39, 0.02, -0.01, -0.01
2705.0, 2694.0, 3363.0, 3105.0, 2800.0, 2.9, 6.73, 6.53, -0.01, -0.04, -0.01
2705.0, 2699.0, 3367.0, 3105.0, 2801.0, 2.94, 6.68, 6.4, 0.01, -0.04, -0.01
2704.0, 2700.0, 3367.0, 3106.0, 2801.0, 2.93, 6.72, 6.38, 0.01, -0.03, -0.01
2718.0, 2707.0, 3376.0, 3118.0, 2811.0, 3.02, 6.65, 6.48, 0.02, -0.02, -0.02
2720.0, 2707.0, 3376.0, 3119.0, 2811.0, 2.91, 6.84, 6.52, 0.04, -0.01, -0.01
2720.0, 2707.0, 3376.0, 3120.0, 2811.0, 2.87, 6.75, 6.47, -0.01, -0.07, 0.0
2718.0, 2705.0, 3376.0, 3120.0, 2811.0, 2.85, 6.71, 6.41, 0.01, -0.01, -0.01
2706.0, 2701.0, 3345.0, 3103.0, 2800.0, 2.95, 6.7, 6.41, 0.0, -0.04, -0.01
2720.0, 2708.0, 3377.0, 3119.0, 2812.0, 2.89, 6.79, 6.46, 0.06, -0.04, 0.02
2718.0, 2710.0, 3376.0, 3118.0, 2813.0, 2.86, 6.82, 6.75, 0.12, -0.22, 0.08
2722.0, 2713.0, 3381.0, 3120.0, 2816.0, 2.81, 6.97, 6.71, 0.31, -0.24, 0.21
2729.0, 2713.0, 3377.0, 3120.0, 2821.0, 3.24, 7.32, 6.94, 0.27, -0.49, 0.53
2736.0, 2720.0, 3386.0, 3147.0, 2834.0, 3.82, 7.99, 7.41, -0.01, -0.56, 0.55
2746.0, 2720.0, 3382.0, 3158.0, 2855.0, 4.64, 7.65, 7.78, -0.21, -1.13, 0.69
2752.0, 2723.0, 3382.0, 3182.0, 2881.0, 5.49, 7.2, 6.8, -0.16, -1.26, 0.85
2770.0, 2721.0, 3371.0, 3193.0, 2909.0, 6.1, 6.48, 6.16, -0.37, -1.78, 1.01
2785.0, 2721.0, 3357.0, 3217.0, 2942.0, 6.87, 5.48, 4.85, -0.51, -1.99, 0.93
2800.0, 2715.0, 3344.0, 3248.0, 2977.0, 7.09, 3.67, 3.49, -0.68, -2.17, 0.85
2826.0, 2679.0, 3205.0, 3313.0, 3088.0, 8.64, 6.62, -1.12, 0.08, -0.71, 0.24
2828.0, 2681.0, 3204.0, 3314.0, 3089.0, 8.23, 5.73, -1.92, 0.21, -0.55, 0.57
2815.0, 2672.0, 3205.0, 3316.0, 3088.0, 8.39, 5.06, -1.95, 0.14, -0.47, 0.68
2826.0, 2677.0, 3203.0, 3309.0, 3071.0, 8.35, 4.66, -2.21, 0.41, -0.39, 0.7
2819.0, 2677.0, 3206.0, 3303.0, 3088.0, 8.56, 4.13, -2.62, 0.51, -0.35, 0.57
2823.0, 2674.0, 3206.0, 3307.0, 3083.0, 9.03, 3.45, -2.99, 0.62, -0.27, 0.57
2818.0, 2673.0, 3205.0, 3306.0, 3086.0, 9.1, 2.72, -3.23, 0.59, -0.33, 0.51
2821.0, 2674.0, 3206.0, 3305.0, 3087.0, 9.07, 1.67, -3.74, 0.36, -0.39, 0.44
2817.0, 2672.0, 3205.0, 3294.0, 3086.0, 8.21, 1.55, -3.56, 0.48, -0.33, 0.26
2821.0, 2673.0, 3204.0, 3291.0, 3080.0, 7.53, 1.04, -3.65, 0.39, -0.17, -0.21
2817.0, 2672.0, 3207.0, 3280.0, 3086.0, 8.9, 0.87, -4.64, -0.05, -0.29, -0.44
2817.0, 2672.0, 3204.0, 3285.0, 3087.0, 9.71, 1.94, -5.6, -0.19, -0.26, -0.17
2815.0, 2670.0, 3212.0, 3285.0, 3081.0, 10.0, 2.76, -5.25, -0.25, 0.25, -0.02
2816.0, 2670.0, 3209.0, 3279.0, 3083.0, 9.45, 3.07, -3.66, -0.21, -0.02, 0.16
2814.0, 2669.0, 3213.0, 3279.0, 3071.0, 8.94, 2.96, -3.46, -0.08, -0.15, 0.13
2814.0, 2672.0, 3209.0, 3290.0, 3071.0, 8.89, 2.5, -4.03, 0.04, -0.14, 0.13
2814.0, 2651.0, 3203.0, 3293.0, 3071.0, 8.84, 2.18, -4.35, -0.07, -0.08, 0.03
2806.0, 2658.0, 3204.0, 3303.0, 3082.0, 8.81, 2.49, -4.27, 0.02, -0.08, -0.06
2812.0, 2667.0, 3204.0, 3292.0, 3081.0, 8.85, 2.72, -4.03, -0.04, -0.04, -0.02
2815.0, 2670.0, 3205.0, 3284.0, 3071.0, 8.71, 2.39, -3.94, -0.21, -0.13, -0.06
2809.0, 2668.0, 3217.0, 3287.0, 3071.0, 8.95, 2.64, -4.39, -0.01, -0.04, -0.04
2810.0, 2671.0, 3211.0, 3283.0, 3069.0, 8.91, 2.7, -4.33, 0.02, -0.07, -0.01
