3216.0, 3312.0, 3373.0, 3222.0, 2816.0, 4.57, 8.83, -1.24, 0.09, -0.03, -0.03
3217.0, 3311.0, 3375.0, 3224.0, 2816.0, 4.54, 8.76, -1.14, 0.07, 0.04, -0.05
3217.0, 3312.0, 3376.0, 3223.0, 2818.0, 4.48, 8.81, -1.25, 0.02, -0.03, -0.02
3209.0, 3312.0, 3372.0, 3234.0, 2829.0, 4.45, 8.77, -1.19, 0.01, -0.05, -0.01
3216.0, 3310.0, 3376.0, 3232.0, 2822.0, 4.41, 8.96, -1.47, -0.06, -0.07, 0.07
3214.0, 3311.0, 3375.0, 3238.0, 2827.0, 4.64, 9.54, -1.13, -0.2, -0.19, 0.22
3213.0, 3312.0, 3376.0, 3242.0, 2829.0, 4.78, 8.72, -1.13, -0.12, -0.07, 0.11
3211.0, 3311.0, 3378.0, 3247.0, 2832.0, 4.6, 9.31, -0.72, 0.13, 0.1, 0.09
3219.0, 3301.0, 3378.0, 3259.0, 2835.0, 4.08, 9.66, -1.3, 0.42, 0.28, 0.45
3264.0, 3261.0, 3379.0, 3264.0, 2857.0, 4.23, 8.88, -1.46, 0.32, 0.42, 0.47
3294.0, 3221.0, 3471.0, 3249.0, 2849.0, 4.85, 8.69, -1.22, 0.85, 0.31, 0.22
3307.0, 3245.0, 3382.0, 3214.0, 2832.0, 4.75, 8.36, -1.41, 0.17, 0.11, 1.05
3315.0, 3253.0, 3389.0, 3178.0, 2812.0, 5.97, 8.44, -1.91, 0.82, -0.11, 0.94
3329.0, 3274.0, 3408.0, 3210.0, 2783.0, 6.1, 8.46, -3.6, 1.16, 0.82, 1.53
3339.0, 3344.0, 3614.0, 3559.0, 2963.0, 7.57, 2.65, -2.68, 1.13, 0.36, 1.05
3341.0, 3360.0, 3755.0, 3647.0, 3133.0, 5.95, 5.33, -2.92, 2.1, 2.92, -0.63
3370.0, 3421.0, 3758.0, 3659.0, 3203.0, 7.55, 5.85, -1.92, 2.43, 2.69, -0.53
3378.0, 3440.0, 3839.0, 3669.0, 3216.0, 7.19, 5.71, -1.33, 2.69, 3.46, 0.36
3383.0, 3431.0, 3824.0, 3683.0, 3264.0, 7.82, 6.6, -0.4, 3.09, 3.11, -0.39
3392.0, 3434.0, 3760.0, 3678.0, 3284.0, 7.24, 7.95, 0.19, 2.84, 2.23, -0.22
3376.0, 3429.0, 3771.0, 3673.0, 3306.0, 6.34, 6.85, 1.2, 2.1, 2.16, -0.1
3357.0, 3443.0, 3766.0, 3653.0, 3313.0, 7.91, 6.85, -0.01, 1.55, 1.69, 0.15
3335.0, 3446.0, 3767.0, 3642.0, 3312.0, 7.34, 7.09, 0.71, 1.35, 1.63, 0.18
3312.0, 3455.0, 3786.0, 3632.0, 3313.0, 7.64, 6.1, 0.94, 0.91, 0.91, 0.1
3284.0, 3490.0, 3803.0, 3623.0, 3319.0, 7.77, 6.23, 1.06, 0.8, 0.64, 0.04
3263.0, 3509.0, 3823.0, 3634.0, 3315.0, 7.44, 6.9, 0.92, 0.38, 0.29, 0.1
3295.0, 3578.0, 3756.0, 3612.0, 3313.0, 7.64, 5.93, 0.36, 0.18, 0.98, -0.06
3312.0, 3650.0, 3763.0, 3616.0, 3321.0, 8.2, 6.17, 1.02, 0.33, -0.21, 0.23
3312.0, 3655.0, 3767.0, 3613.0, 3321.0, 7.66, 6.17, 0.91, 0.15, -0.02, 0.15
3311.0, 3649.0, 3762.0, 3609.0, 3315.0, 8.02, 6.26, 1.0, 0.06, -0.13, 0.18
3307.0, 3645.0, 3760.0, 3605.0, 3315.0, 8.23, 5.52, 0.48, -0.09, -0.07, -0.02
3306.0, 3643.0, 3761.0, 3601.0, 3314.0, 8.06, 5.7, 0.54, 0.04, -0.13, 0.04
3301.0, 3645.0, 3760.0, 3601.0, 3312.0, 7.86, 5.89, 1.03, -0.14, -0.2, 0.05
3307.0, 3663.0, 3760.0, 3600.0, 3311.0, 8.25, 5.95, -0.14, 0.2, -0.09, -0.07
3309.0, 3650.0, 3761.0, 3600.0, 3311.0, 8.29, 6.03, 0.27, -0.1, -0.14, 0.03
3310.0, 3669.0, 3755.0, 3600.0, 3313.0, 8.04, 6.07, 0.43, 0.03, -0.08, -0.03
3305.0, 3664.0, 3760.0, 3600.0, 3309.0, 8.14, 5.77, 0.43, -0.02, -0.03, -0.06
3307.0, 3661.0, 3760.0, 3598.0, 3307.0, 8.19, 5.94, 0.51, -0.06, -0.19, 0.0
3305.0, 3651.0, 3778.0, 3583.0, 3303.0, 7.91, 6.07, 0.5, -0.13, -0.05, -0.05
3302.0, 3657.0, 3957.0, 3583.0, 3303.0, 8.18, 5.86, 0.4, -0.17, -0.19, -0.05
3303.0, 3649.0, 3782.0, 3583.0, 3303.0, 8.03, 6.19, 0.76, -0.21, -0.19, 0.04
3301.0, 3649.0, 3808.0, 3583.0, 3297.0, 8.07, 6.03, 0.34, -0.31, -0.07, 0.04
3299.0, 3648.0, 3788.0, 3598.0, 3297.0, 8.26, 5.54, 0.33, 0.02, -0.1, 0.0
3291.0, 3635.0, 3737.0, 3581.0, 3285.0, 8.03, 5.7, 0.65, -0.24, -0.03, 0.03
3287.0, 3637.0, 3773.0, 3583.0, 3286.0, 8.31, 6.01, 0.28, 0.02, 0.01, -0.06
3286.0, 3637.0, 3743.0, 3581.0, 3284.0, 8.05, 5.86, 0.78, -0.08, -0.12, 0.01
3285.0, 3627.0, 3743.0, 3577.0, 3285.0, 8.11, 5.91, 0.65, -0.14, -0.06, -0.02
3280.0, 3618.0, 3741.0, 3583.0, 3280.0, 8.19, 5.83, 0.71, -0.09, -0.2, 0.04
3276.0, 3617.0, 3739.0, 3571.0, 3279.0, 8.17, 5.86, 0.61, -0.11, -0.08, 0.01
3275.0, 3610.0, 3742.0, 3579.0, 3283.0, 8.31, 5.56, 0.45, -0.03, -0.09, 0.02
