2851.0, 2878.0, 3759.0, 3390.0, 2961.0, 8.84, 1.3, -1.2, -3.09, -2.58, 2.64
2874.0, 2896.0, 3760.0, 3377.0, 2960.0, 8.43, 1.49, -1.63, -1.7, -1.7, 1.31
2883.0, 2901.0, 3761.0, 3382.0, 2960.0, 7.89, 4.18, -2.69, -1.22, -0.67, 0.36
2890.0, 2907.0, 3761.0, 3376.0, 2960.0, 7.38, 5.84, -1.72, -0.1, -0.04, 0.25
2901.0, 2912.0, 3776.0, 3384.0, 2985.0, 8.43, 5.9, -1.62, 0.17, 0.12, 0.56
2918.0, 2923.0, 3776.0, 3390.0, 3008.0, 8.8, 4.95, -0.73, 0.92, 0.04, 1.03
2928.0, 2928.0, 3781.0, 3386.0, 3018.0, 9.57, 3.01, -1.29, 1.41, 0.17, 0.89
2934.0, 2930.0, 3786.0, 3387.0, 3027.0, 9.14, 2.33, -1.39, 1.66, 0.48, 1.09
2942.0, 2937.0, 3783.0, 3387.0, 3042.0, 8.76, -0.53, 1.13, 1.42, 0.54, 1.3
2941.0, 2945.0, 3789.0, 3391.0, 3053.0, 9.48, -3.34, 2.65, 1.45, 0.36, 0.7
2949.0, 2944.0, 3792.0, 3390.0, 3057.0, 9.84, -3.55, 3.31, 0.79, 0.03, 0.17
2942.0, 2944.0, 3779.0, 3386.0, 3053.0, 10.07, -1.64, 1.78, 0.24, -0.17, -0.43
2949.0, 2942.0, 3780.0, 3383.0, 3058.0, 10.39, -0.69, 0.58, -0.31, -0.24, -0.22
2949.0, 2942.0, 3790.0, 3381.0, 3056.0, 10.3, -0.0, 0.38, -0.15, -0.17, -0.19
2947.0, 2937.0, 3775.0, 3393.0, 3055.0, 10.1, 0.24, 0.39, -0.13, -0.08, -0.06
2947.0, 2938.0, 3772.0, 3381.0, 3051.0, 10.18, -0.26, 0.54, -0.08, -0.17, 0.07
2949.0, 2939.0, 3767.0, 3380.0, 3053.0, 10.1, -0.34, 0.37, -0.01, -0.21, -0.02
2949.0, 2935.0, 3777.0, 3379.0, 3049.0, 9.91, -0.21, 0.03, -0.04, -0.13, -0.02
2946.0, 2938.0, 3770.0, 3377.0, 3045.0, 9.95, -0.16, 0.0, 0.02, -0.11, -0.04
2946.0, 2931.0, 3771.0, 3376.0, 3051.0, 9.87, -0.19, 0.16, 0.0, -0.05, -0.02
2943.0, 2930.0, 3767.0, 3375.0, 3044.0, 10.01, -0.25, -0.01, -0.05, -0.06, -0.03
2944.0, 2933.0, 3767.0, 3375.0, 3041.0, 9.9, -0.21, 0.15, 0.01, -0.06, -0.06
2941.0, 2929.0, 3762.0, 3372.0, 3041.0, 10.03, -0.13, 0.15, 0.01, -0.05, -0.09
2939.0, 2928.0, 3760.0, 3374.0, 3039.0, 10.13, -0.0, 0.18, 0.03, -0.06, -0.05
2943.0, 2928.0, 3763.0, 3376.0, 3040.0, 10.12, -0.02, -0.0, 0.04, -0.1, -0.01
2943.0, 2928.0, 3762.0, 3371.0, 3038.0, 10.16, -0.26, 0.01, 0.0, -0.06, -0.01
2942.0, 2928.0, 3760.0, 3373.0, 3039.0, 10.06, -0.08, -0.14, 0.02, -0.07, -0.02
2938.0, 2928.0, 3760.0, 3373.0, 3039.0, 10.09, 0.05, -0.14, -0.01, -0.07, -0.02
2935.0, 2928.0, 3761.0, 3373.0, 3037.0, 9.9, -0.07, -0.14, 0.01, -0.12, 0.07
2938.0, 2928.0, 3762.0, 3369.0, 3035.0, 9.89, -0.21, -0.11, -0.0, -0.05, 0.01
2933.0, 2928.0, 3760.0, 3369.0, 3036.0, 10.06, -0.14, -0.13, 0.06, -0.02, -0.09
2937.0, 2927.0, 3760.0, 3370.0, 3034.0, 10.02, -0.03, 0.02, 0.04, -0.03, -0.0
2934.0, 2925.0, 3760.0, 3371.0, 3035.0, 10.08, -0.06, -0.06, -0.0, -0.02, -0.06
2935.0, 2925.0, 3760.0, 3370.0, 3037.0, 10.24, 0.06, -0.1, 0.0, -0.08, -0.05
2934.0, 2925.0, 3760.0, 3374.0, 3038.0, 9.95, 0.02, -0.17, 0.05, -0.05, -0.03
2933.0, 2928.0, 3762.0, 3366.0, 3032.0, 10.16, 0.04, -0.2, 0.0, -0.03, -0.02
2933.0, 2924.0, 3760.0, 3370.0, 3035.0, 10.01, -0.03, -0.22, 0.04, -0.06, 0.02
2931.0, 2925.0, 3737.0, 3372.0, 3029.0, 10.0, -0.02, -0.06, 0.02, -0.05, -0.01
2933.0, 2935.0, 3758.0, 3365.0, 3035.0, 10.1, 0.05, -0.23, 0.02, -0.07, -0.0
2930.0, 2924.0, 3756.0, 3367.0, 3031.0, 10.09, 0.01, -0.17, 0.03, -0.04, -0.04
2929.0, 2921.0, 3754.0, 3366.0, 3027.0, 10.06, 0.02, -0.23, 0.02, -0.03, -0.02
2933.0, 2927.0, 3760.0, 3364.0, 3034.0, 10.05, 0.07, -0.34, 0.07, -0.04, 0.01
2928.0, 2923.0, 3746.0, 3366.0, 3029.0, 10.04, -0.09, -0.19, 0.04, -0.07, 0.0
2930.0, 2922.0, 3759.0, 3362.0, 3030.0, 10.04, -0.12, -0.24, 0.06, -0.05, 0.01
2929.0, 2919.0, 3759.0, 3365.0, 3029.0, 10.13, -0.16, -0.0, -0.04, -0.05, 0.02
2929.0, 2922.0, 3759.0, 3366.0, 3030.0, 10.13, -0.1, -0.15, -0.01, -0.06, -0.03
2928.0, 2923.0, 3758.0, 3366.0, 3029.0, 10.04, -0.04, -0.21, -0.01, -0.09, 0.0
2943.0, 2926.0, 3731.0, 3345.0, 3032.0, 10.12, 0.11, -0.34, -0.02, -0.07, 0.0
2927.0, 2917.0, 3749.0, 3366.0, 3027.0, 10.07, -0.14, -0.39, 0.04, -0.08, 0.02
2928.0, 2923.0, 3754.0, 3363.0, 3027.0, 10.12, -0.05, -0.48, 0.01, -0.01, -0.02
