3218.0, 3089.0, 3239.0, 3062.0, 2778.0, 0.32, 2.94, 9.14, 0.02, -0.02, -0.01
3216.0, 3088.0, 3234.0, 3057.0, 2779.0, 0.37, 2.97, 9.15, 0.02, -0.03, -0.01
3248.0, 3088.0, 3243.0, 3057.0, 2782.0, 0.31, 2.89, 9.29, 0.01, -0.04, -0.01
3216.0, 3088.0, 3243.0, 3057.0, 2779.0, 0.3, 3.02, 9.19, 0.01, -0.04, -0.01
3216.0, 3088.0, 3243.0, 3058.0, 2780.0, 0.27, 2.95, 9.22, 0.02, -0.04, -0.01
3217.0, 3089.0, 3246.0, 3057.0, 2778.0, 0.33, 2.91, 9.25, 0.01, -0.04, -0.0
3216.0, 3092.0, 3243.0, 3062.0, 2781.0, 0.47, 2.75, 9.82, 0.07, -0.04, -0.01
3215.0, 3111.0, 3252.0, 3070.0, 2775.0, -0.14, 3.9, 11.15, 0.53, 0.21, -0.01
3216.0, 3110.0, 3305.0, 3140.0, 2781.0, 0.17, 3.39, 10.74, -0.35, -1.81, 0.2
3232.0, 3123.0, 3305.0, 3157.0, 2927.0, 1.32, 3.5, 10.81, -0.31, -1.65, 0.31
3250.0, 3126.0, 3303.0, 3184.0, 3058.0, 2.11, 3.22, 9.71, -0.05, -2.06, 0.67
3257.0, 3152.0, 3303.0, 3172.0, 3121.0, 2.91, 2.33, 8.88, -0.12, -1.74, 0.42
3261.0, 3155.0, 3303.0, 3178.0, 3125.0, 4.19, 2.22, 7.71, 0.11, -1.57, 0.26
3275.0, 3170.0, 3317.0, 3185.0, 3143.0, 4.9, 2.51, 7.13, 0.11, -1.17, 0.13
3264.0, 3157.0, 3299.0, 3177.0, 3122.0, 5.52, 2.36, 6.9, 0.23, -1.04, 0.21
3264.0, 3158.0, 3324.0, 3183.0, 3152.0, 5.91, 2.62, 7.13, 0.2, -1.18, 0.27
3267.0, 3184.0, 3292.0, 3184.0, 3205.0, 6.29, 2.58, 6.65, 0.06, -1.4, 0.45
3289.0, 3207.0, 3280.0, 3184.0, 3216.0, 7.17, 2.25, 5.59, 0.15, -1.36, 0.69
3327.0, 3211.0, 3265.0, 3191.0, 3226.0, 7.7, 2.04, 5.38, 0.45, -1.38, 0.65
3399.0, 3206.0, 3287.0, 3199.0, 3232.0, 8.51, 2.05, 3.72, 0.35, -1.11, 0.59
3439.0, 3201.0, 3264.0, 3200.0, 3247.0, 8.77, 1.23, 3.7, 0.11, -0.79, 0.44
3469.0, 3202.0, 3276.0, 3201.0, 3247.0, 8.74, 1.23, 3.46, 0.03, -0.58, 0.33
3481.0, 3211.0, 3264.0, 3200.0, 3235.0, 9.17, 1.26, 3.14, 0.1, -0.45, 0.68
3494.0, 3226.0, 3263.0, 3199.0, 3227.0, 9.31, 1.03, 3.4, 0.23, -1.06, 0.58
3508.0, 3264.0, 3254.0, 3191.0, 3227.0, 8.79, 1.12, 2.4, 0.33, -1.63, 0.71
3514.0, 3278.0, 3251.0, 3183.0, 3197.0, 10.63, -0.4, 0.66, 0.33, -0.97, 0.24
3509.0, 3280.0, 3378.0, 3184.0, 3187.0, 10.2, -0.59, 1.1, 0.12, -0.64, 0.34
3504.0, 3285.0, 3264.0, 3185.0, 3185.0, 9.96, -0.25, 1.17, 0.1, -0.55, -0.06
3482.0, 3323.0, 3255.0, 3240.0, 3213.0, 10.42, -0.36, 0.54, 0.13, -0.51, -0.26
3459.0, 3489.0, 3441.0, 3351.0, 3227.0, 9.22, -0.04, 0.64, 0.36, -0.44, -0.01
3443.0, 3541.0, 3602.0, 3495.0, 3232.0, 10.07, -0.16, 0.41, 0.01, -0.75, -0.17
3451.0, 3606.0, 3649.0, 3551.0, 3223.0, 10.18, 1.11, 0.37, -0.09, -0.35, -0.12
3455.0, 3650.0, 3698.0, 3600.0, 3222.0, 12.78, 1.72, -1.51, 0.38, -0.51, -0.48
3439.0, 3676.0, 3710.0, 3635.0, 3226.0, 9.85, 0.86, -0.94, -0.15, -0.24, -0.01
3415.0, 3709.0, 3731.0, 3657.0, 3217.0, 10.44, 0.85, -1.21, 0.07, -0.12, -0.22
3412.0, 3714.0, 3737.0, 3663.0, 3217.0, 9.83, 0.74, -1.12, -0.2, -0.02, 0.01
3413.0, 3717.0, 3741.0, 3671.0, 3216.0, 9.2, 1.13, -0.61, -0.02, -0.06, -0.04
3424.0, 3719.0, 3749.0, 3680.0, 3216.0, 9.9, 1.13, -0.78, -0.02, 0.41, -0.21
3412.0, 3714.0, 3751.0, 3664.0, 3216.0, 10.87, 0.87, -1.22, 0.03, 0.36, -0.24
3406.0, 3706.0, 3752.0, 3681.0, 3216.0, 10.64, 0.72, -0.78, -0.09, -0.15, -0.11
3409.0, 3709.0, 3735.0, 3671.0, 3216.0, 9.83, 1.02, -0.28, -0.14, -0.11, -0.09
3408.0, 3700.0, 3730.0, 3665.0, 3216.0, 9.82, 1.05, -0.36, -0.07, 0.02, -0.05
3411.0, 3696.0, 3760.0, 3665.0, 3216.0, 10.64, 0.99, -1.03, -0.1, 0.05, -0.12
3413.0, 3691.0, 3725.0, 3663.0, 3215.0, 9.95, 1.02, 0.0, -0.03, 0.0, -0.09
3415.0, 3692.0, 3722.0, 3661.0, 3215.0, 10.12, 1.16, -0.28, -0.03, -0.07, -0.02
3406.0, 3690.0, 3715.0, 3657.0, 3192.0, 9.98, 1.31, -0.23, -0.06, -0.02, -0.03
3410.0, 3685.0, 3718.0, 3658.0, 3212.0, 9.96, 1.36, -0.32, -0.0, 0.03, -0.02
3409.0, 3685.0, 3714.0, 3641.0, 3211.0, 10.09, 1.33, -0.38, 0.02, -0.05, -0.02
3410.0, 3681.0, 3714.0, 3655.0, 3211.0, 9.85, 1.17, 0.01, -0.01, 0.01, -0.03
3410.0, 3678.0, 3715.0, 3649.0, 3199.0, 9.94, 1.36, -0.35, 0.06, 0.11, -0.08
3408.0, 3678.0, 3712.0, 3648.0, 3210.0, 10.01, 1.53, -0.17, 0.05, 0.09, -0.03
