3246.0, 3044.0, 3222.0, 3053.0, 2769.0, 9.32, 4.07, 1.71, 0.09, 0.28, 0.02
3234.0, 3043.0, 3222.0, 3050.0, 2773.0, 9.26, 3.58, 1.75, 0.06, 0.11, 0.09
3233.0, 3043.0, 3221.0, 3051.0, 2774.0, 9.33, 3.72, 1.39, 0.01, -0.07, 0.09
3239.0, 3045.0, 3222.0, 3053.0, 2774.0, 9.17, 3.77, 0.98, -0.07, -0.12, 0.03
3236.0, 3046.0, 3221.0, 3056.0, 2773.0, 9.42, 3.62, 0.87, -0.02, -0.12, 0.08
3242.0, 3045.0, 3221.0, 3055.0, 2775.0, 9.45, 3.29, 0.77, -0.15, -0.11, 0.01
3248.0, 3043.0, 3223.0, 3056.0, 2823.0, 9.1, 3.3, 1.02, -0.15, -0.29, -0.09
3253.0, 3045.0, 3221.0, 3063.0, 2953.0, 9.75, 3.48, 1.25, -0.08, -0.47, -0.18
3258.0, 3065.0, 3219.0, 3098.0, 3120.0, 8.96, 4.05, 0.46, -0.04, -0.93, 0.17
3279.0, 3059.0, 3221.0, 3163.0, 3199.0, 9.69, 3.36, -0.09, 0.01, -1.34, 0.48
3325.0, 3107.0, 3229.0, 3191.0, 3221.0, 9.39, 3.61, -1.11, 0.33, -0.42, 0.12
3438.0, 3136.0, 3231.0, 3190.0, 3248.0, 9.9, 3.34, -1.38, 0.18, -0.11, 0.2
3472.0, 3147.0, 3237.0, 3185.0, 3258.0, 9.35, 3.17, -0.93, 0.01, -0.11, 0.22
3489.0, 3156.0, 3237.0, 3184.0, 3252.0, 9.87, 3.09, -1.12, 0.04, -0.15, 0.35
3498.0, 3190.0, 3331.0, 3193.0, 3232.0, 9.75, 2.61, -1.01, 0.02, -0.32, 0.48
3497.0, 3235.0, 3244.0, 3206.0, 3249.0, 10.26, 2.52, -1.36, 0.14, -0.22, 0.06
3499.0, 3259.0, 3378.0, 3235.0, 3249.0, 9.58, 1.64, -0.96, -0.12, -0.09, 0.14
3503.0, 3281.0, 3420.0, 3309.0, 3253.0, 10.22, 2.66, -1.38, -0.02, 0.44, -0.01
3494.0, 3378.0, 3505.0, 3408.0, 3248.0, 10.07, 2.12, -0.72, 0.1, -0.29, -0.16
3499.0, 3493.0, 3556.0, 3490.0, 3252.0, 9.18, 2.2, -0.73, -0.03, -0.01, -0.03
3498.0, 3542.0, 3614.0, 3542.0, 3249.0, 10.36, 2.6, -1.55, 0.22, -0.14, -0.18
3478.0, 3633.0, 3675.0, 3617.0, 3252.0, 9.78, 1.65, -0.95, 0.07, -0.67, -0.16
3458.0, 3663.0, 3772.0, 3639.0, 3251.0, 9.57, 2.52, -1.79, 0.07, 0.29, -0.24
3441.0, 3696.0, 3709.0, 3655.0, 3254.0, 9.83, 2.65, -1.51, 0.14, 0.01, -0.18
3433.0, 3711.0, 3728.0, 3675.0, 3251.0, 9.71, 2.3, -0.95, 0.13, 0.0, -0.32
3439.0, 3703.0, 3741.0, 3678.0, 3252.0, 9.48, 3.55, -1.53, 0.34, 0.2, -1.09
3439.0, 3710.0, 3741.0, 3678.0, 3254.0, 9.81, 3.73, -1.68, -0.02, -0.41, -0.48
3441.0, 3702.0, 3742.0, 3664.0, 3248.0, 8.99, 3.78, -1.4, -0.06, -0.28, -0.31
3441.0, 3697.0, 3729.0, 3664.0, 3247.0, 9.22, 3.84, -1.81, -0.07, -0.11, -0.19
3436.0, 3695.0, 3728.0, 3663.0, 3247.0, 8.87, 4.45, -1.77, 0.01, -0.08, 0.02
3438.0, 3687.0, 3731.0, 3651.0, 3241.0, 8.93, 4.03, -1.64, 0.01, -0.01, -0.06
3435.0, 3686.0, 3727.0, 3649.0, 3243.0, 9.21, 3.92, -2.19, 0.06, 0.0, 0.03
3429.0, 3679.0, 3717.0, 3659.0, 3241.0, 9.01, 3.84, -1.73, 0.1, -0.11, 0.0
3426.0, 3680.0, 3715.0, 3649.0, 3241.0, 9.01, 4.04, -1.88, 0.05, 0.16, -0.0
3426.0, 3679.0, 3715.0, 3645.0, 3237.0, 9.34, 3.98, -1.87, 0.04, 0.04, -0.02
3424.0, 3674.0, 3712.0, 3638.0, 3236.0, 9.16, 3.98, -1.43, 0.02, -0.05, 0.03
3423.0, 3671.0, 3710.0, 3639.0, 3236.0, 9.23, 3.94, -1.95, -0.01, 0.1, 0.04
3419.0, 3668.0, 3707.0, 3632.0, 3232.0, 9.33, 3.66, -1.63, 0.09, -0.04, 0.0
3423.0, 3667.0, 3710.0, 3638.0, 3232.0, 9.07, 3.76, -1.12, -0.02, 0.04, 0.02
3420.0, 3669.0, 3701.0, 3637.0, 3233.0, 9.29, 3.79, -2.01, 0.0, 0.02, 0.01
3424.0, 3667.0, 3703.0, 3632.0, 3232.0, 9.29, 3.69, -1.57, 0.05, -0.05, 0.03
3415.0, 3664.0, 3703.0, 3632.0, 3232.0, 8.93, 3.92, -1.44, -0.03, 0.07, -0.01
