3246.0, 3344.0, 3346.0, 3195.0, 2813.0, 4.69, 8.76, -0.6, 0.19, 0.32, -0.17
3248.0, 3338.0, 3344.0, 3196.0, 2813.0, 4.42, 9.07, -0.71, 0.23, 0.44, -0.22
3252.0, 3330.0, 3343.0, 3189.0, 2809.0, 3.99, 9.37, -0.49, 0.26, 0.54, -0.22
3265.0, 3316.0, 3339.0, 3188.0, 2809.0, 3.35, 9.77, -0.99, 0.32, 0.6, 0.04
3294.0, 3297.0, 3369.0, 3184.0, 2808.0, 3.98, 9.39, -0.61, 0.28, 0.38, 0.17
3309.0, 3264.0, 3376.0, 3187.0, 2807.0, 3.96, 9.84, -0.14, 0.28, 0.27, 0.46
3312.0, 3237.0, 3369.0, 3179.0, 2803.0, 3.64, 9.78, -0.32, 0.61, -0.02, 1.08
3312.0, 3252.0, 3331.0, 3170.0, 2799.0, 4.83, 8.18, -0.56, 0.2, -0.37, 1.72
3311.0, 3267.0, 3339.0, 3184.0, 2839.0, 5.22, 6.71, -4.61, 1.07, 0.73, 1.35
3293.0, 3262.0, 3331.0, 3277.0, 2992.0, 7.18, 5.85, -1.65, 0.71, 0.52, 1.56
3298.0, 3216.0, 3328.0, 3461.0, 3084.0, 8.25, 6.26, -1.49, 1.43, 0.36, 0.82
3310.0, 3169.0, 3342.0, 3520.0, 3116.0, 7.9, 4.13, -1.62, 1.15, 0.64, 1.03
3399.0, 3152.0, 3348.0, 3579.0, 3158.0, 9.54, 4.88, -1.95, 1.04, 1.09, 0.2
3431.0, 3167.0, 3356.0, 3620.0, 3181.0, 8.78, 5.02, -0.5, 1.03, 1.15, -0.48
3447.0, 3178.0, 3361.0, 3631.0, 3184.0, 8.38, 5.05, -0.93, 1.09, 0.4, -0.32
3461.0, 3201.0, 3387.0, 3623.0, 3191.0, 8.85, 5.42, -1.29, 1.09, 0.24, -0.29
3459.0, 3219.0, 3392.0, 3583.0, 3184.0, 8.65, 4.04, -2.21, 0.51, 0.79, -0.46
3453.0, 3249.0, 3392.0, 3568.0, 3184.0, 7.85, 5.94, -0.09, 0.68, 0.02, -0.36
3423.0, 3291.0, 3384.0, 3559.0, 3178.0, 7.22, 4.67, -1.67, -0.45, 0.9, -0.09
3402.0, 3303.0, 3376.0, 3521.0, 3133.0, 9.77, 8.13, -2.8, -0.38, -0.13, 0.28
3397.0, 3280.0, 3333.0, 3281.0, 3140.0, 7.47, 4.84, 0.34, -0.12, 0.92, -0.65
3391.0, 3266.0, 3317.0, 3239.0, 3155.0, 9.39, 5.43, -0.16, -0.12, 0.47, 0.1
3420.0, 3286.0, 3335.0, 3312.0, 3164.0, 8.07, 6.14, 0.05, 0.33, 0.37, 0.04
3466.0, 3458.0, 3485.0, 3536.0, 3181.0, 7.55, 6.32, 0.45, 0.15, 0.18, -0.02
3432.0, 3598.0, 3634.0, 3569.0, 3181.0, 7.15, 5.63, 0.38, 0.16, 0.29, 0.14
3392.0, 3683.0, 3698.0, 3579.0, 3184.0, 8.35, 6.35, -0.21, 0.18, -0.11, 0.11
3391.0, 3697.0, 3703.0, 3561.0, 3193.0, 7.67, 5.75, 0.34, -0.09, 0.0, 0.25
3379.0, 3696.0, 3699.0, 3536.0, 3187.0, 8.66, 5.22, -0.23, -0.09, -0.01, 0.22
3395.0, 3698.0, 3702.0, 3534.0, 3200.0, 7.96, 6.32, 0.0, -0.16, -0.58, 0.54
3393.0, 3700.0, 3696.0, 3522.0, 3200.0, 8.51, 4.28, 0.49, -0.16, 0.17, 0.06
3394.0, 3689.0, 3691.0, 3511.0, 3199.0, 9.16, 5.35, -0.45, 0.09, -0.02, 0.08
3376.0, 3675.0, 3681.0, 3500.0, 3184.0, 8.36, 4.89, 0.75, -0.02, 0.0, -0.07
3378.0, 3671.0, 3677.0, 3498.0, 3184.0, 8.71, 5.22, 0.28, -0.16, -0.03, -0.02
3379.0, 3665.0, 3670.0, 3495.0, 3182.0, 8.75, 5.23, 0.25, 0.05, -0.28, -0.06
3378.0, 3691.0, 3689.0, 3500.0, 3187.0, 8.71, 5.02, 0.41, -0.11, -0.23, -0.08
3381.0, 3655.0, 3666.0, 3491.0, 3179.0, 8.86, 4.96, 0.27, -0.1, -0.51, -0.12
3381.0, 3655.0, 3671.0, 3490.0, 3178.0, 8.34, 5.29, -0.38, -0.14, -0.6, -0.17
3380.0, 3648.0, 3663.0, 3498.0, 3179.0, 8.11, 5.55, -0.97, -0.2, -0.44, -0.11
3376.0, 3648.0, 3664.0, 3488.0, 3174.0, 8.21, 6.0, -1.31, -0.13, -0.49, 0.0
3376.0, 3649.0, 3659.0, 3494.0, 3170.0, 8.03, 5.42, -1.3, -0.07, -0.4, -0.05
3379.0, 3638.0, 3658.0, 3488.0, 3170.0, 7.96, 5.54, -1.4, -0.05, 0.01, -0.01
3364.0, 3658.0, 3654.0, 3491.0, 3167.0, 8.49, 5.51, -1.37, 0.03, -0.09, 0.08
3374.0, 3642.0, 3661.0, 3489.0, 3171.0, 8.31, 5.43, -0.56, 0.07, 0.01, -0.04
3374.0, 3639.0, 3658.0, 3479.0, 3169.0, 8.63, 5.23, -1.0, -0.0, -0.06, -0.04
3365.0, 3636.0, 3656.0, 3488.0, 3169.0, 8.37, 5.37, -1.05, -0.01, -0.18, -0.07
3372.0, 3635.0, 3653.0, 3507.0, 3166.0, 8.5, 5.29, -1.14, -0.08, -0.22, -0.07
3366.0, 3626.0, 3648.0, 3511.0, 3170.0, 8.16, 5.84, -0.99, -0.16, -0.32, -0.05
3355.0, 3605.0, 3638.0, 3518.0, 3167.0, 8.08, 5.8, -1.17, -0.16, -0.19, 0.01
3347.0, 3582.0, 3622.0, 3472.0, 3165.0, 8.02, 5.71, -1.3, -0.14, -0.12, 0.04
3344.0, 3578.0, 3616.0, 3436.0, 3161.0, 8.4, 5.74, -1.75, 0.05, -0.07, 0.03
