3180.0, 3122.0, 3253.0, 3059.0, 2803.0, -1.33, 8.47, 4.44, 0.08, -0.01, -0.06
3175.0, 3121.0, 3251.0, 3071.0, 2788.0, -1.56, 8.49, 4.19, 0.04, 0.14, -0.08
3175.0, 3122.0, 3258.0, 3061.0, 2788.0, -1.75, 8.93, 4.37, -0.04, -0.05, -0.01
3173.0, 3127.0, 3254.0, 3062.0, 2793.0, -2.48, 9.67, 4.9, 0.36, -0.07, 0.2
3175.0, 3134.0, 3255.0, 3063.0, 2861.0, -2.14, 10.47, 4.73, 0.56, 0.03, 0.61
3178.0, 3138.0, 3254.0, 3071.0, 2955.0, -2.84, 11.3, 4.38, 0.84, -0.15, 1.0
3184.0, 3152.0, 3252.0, 3099.0, 3037.0, -2.01, 10.75, 3.43, 0.63, -0.35, 1.58
3201.0, 3171.0, 3275.0, 3119.0, 3126.0, -0.89, 9.86, 2.91, 0.79, -0.92, 1.79
3235.0, 3189.0, 3254.0, 3127.0, 3161.0, 0.88, 8.65, 2.73, 0.32, -1.05, 2.27
3275.0, 3218.0, 3255.0, 3143.0, 3195.0, 2.51, 7.52, 2.05, 0.09, -1.91, 2.63
3308.0, 3263.0, 3277.0, 3161.0, 3209.0, 4.78, 6.8, 0.82, 0.53, -1.51, 2.45
3341.0, 3275.0, 3280.0, 3184.0, 3216.0, 6.25, 5.58, 0.72, 0.39, -1.24, 2.27
3401.0, 3267.0, 3287.0, 3167.0, 3216.0, 7.45, 5.51, -0.06, 0.68, -0.58, 1.57
3460.0, 3249.0, 3294.0, 3174.0, 3210.0, 7.84, 5.44, -0.66, 0.7, -0.33, 1.53
3475.0, 3252.0, 3266.0, 3179.0, 3203.0, 7.86, 4.64, -0.59, 0.35, 0.01, 1.4
3489.0, 3278.0, 3266.0, 3184.0, 3191.0, 8.75, 4.3, -0.69, -0.02, -0.51, 1.75
3504.0, 3307.0, 3369.0, 3217.0, 3184.0, 8.88, 3.35, -0.91, -0.46, -0.63, 1.89
3519.0, 3333.0, 3338.0, 3278.0, 3184.0, 9.58, 1.4, -1.65, -0.47, -0.41, 1.63
3521.0, 3415.0, 3543.0, 3344.0, 3184.0, 10.99, 1.35, -1.45, -0.12, -0.12, 1.08
3520.0, 3519.0, 3760.0, 3436.0, 3184.0, 9.41, -0.3, -1.16, -0.34, -0.46, 1.1
3520.0, 3619.0, 3671.0, 3536.0, 3200.0, 9.28, 0.93, -0.6, 0.24, -0.23, 0.74
3504.0, 3694.0, 3808.0, 3618.0, 3188.0, 10.92, 0.48, -2.83, 0.16, 0.16, 0.46
3463.0, 3707.0, 3794.0, 3633.0, 3196.0, 10.05, -0.71, -1.03, -0.28, 0.08, 0.34
3443.0, 3713.0, 3813.0, 3616.0, 3195.0, 9.13, 0.28, -0.85, -0.69, -0.04, 0.51
3440.0, 3707.0, 3745.0, 3613.0, 3189.0, 10.16, -0.78, -0.77, -0.62, 0.35, 0.17
3440.0, 3696.0, 3760.0, 3607.0, 3193.0, 10.98, -0.5, -1.48, -0.09, -0.01, -0.11
3447.0, 3694.0, 3798.0, 3601.0, 3193.0, 10.32, -0.71, -0.93, -0.15, -0.17, -0.15
3440.0, 3691.0, 3792.0, 3600.0, 3190.0, 9.34, 0.78, -0.77, -0.1, 0.01, -0.11
3441.0, 3686.0, 3787.0, 3583.0, 3189.0, 10.11, 0.06, -0.8, 0.09, 0.05, -0.25
3443.0, 3687.0, 3786.0, 3581.0, 3189.0, 10.06, 0.03, -0.87, -0.04, -0.0, -0.04
3443.0, 3673.0, 3778.0, 3583.0, 3187.0, 10.16, 0.4, -1.01, 0.17, -0.26, -0.09
3440.0, 3672.0, 3776.0, 3578.0, 3186.0, 9.67, 0.05, -1.05, 0.09, -0.07, -0.05
3440.0, 3673.0, 3776.0, 3570.0, 3186.0, 10.54, 0.02, -1.17, 0.12, 0.08, -0.12
3439.0, 3668.0, 3779.0, 3577.0, 3187.0, 10.17, 0.12, -1.04, 0.09, -0.26, 0.05
3437.0, 3664.0, 3776.0, 3572.0, 3186.0, 9.45, 0.72, -0.77, 0.18, 0.05, -0.16
3433.0, 3664.0, 3777.0, 3569.0, 3185.0, 10.44, -0.16, -1.71, 0.1, -0.09, -0.06
3430.0, 3673.0, 3775.0, 3571.0, 3184.0, 9.87, 0.42, -1.11, 0.04, -0.13, -0.01
3440.0, 3669.0, 3779.0, 3579.0, 3198.0, 10.02, 0.17, -1.01, 0.07, -0.06, -0.07
3438.0, 3664.0, 3776.0, 3573.0, 3198.0, 10.22, 0.33, -1.36, 0.07, -0.13, 0.02
3435.0, 3664.0, 3777.0, 3574.0, 3191.0, 9.66, 0.5, -0.81, 0.09, -0.13, -0.01
3431.0, 3657.0, 3772.0, 3573.0, 3193.0, 9.95, 0.25, -1.63, 0.02, 0.12, -0.08
3435.0, 3664.0, 3776.0, 3571.0, 3190.0, 10.32, -0.07, -1.49, 0.08, -0.13, 0.02
3429.0, 3664.0, 3767.0, 3574.0, 3189.0, 9.13, 0.79, -0.83, 0.01, -0.03, 0.0
3428.0, 3658.0, 3772.0, 3583.0, 3189.0, 9.61, 0.6, -1.78, 0.07, 0.02, -0.05
3427.0, 3659.0, 3771.0, 3583.0, 3187.0, 10.0, 0.06, -0.94, 0.0, -0.14, 0.02
3425.0, 3659.0, 3771.0, 3583.0, 3187.0, 9.83, 0.51, -1.16, -0.05, -0.01, -0.01
3425.0, 3657.0, 3773.0, 3578.0, 3189.0, 10.3, 0.16, -1.71, -0.03, -0.06, -0.03
3421.0, 3655.0, 3767.0, 3581.0, 3186.0, 10.01, 0.43, -1.08, -0.05, -0.04, 0.01
3422.0, 3655.0, 3769.0, 3579.0, 3186.0, 10.13, 0.33, -1.19, 0.04, 0.01, -0.05
3421.0, 3654.0, 3765.0, 3573.0, 3186.0, 10.29, 0.16, -1.44, 0.08, -0.06, -0.04
3423.0, 3655.0, 3770.0, 3579.0, 3185.0, 9.6, 0.63, -1.12, -0.02, 0.14, -0.05
3409.0, 3645.0, 3760.0, 3575.0, 3172.0, 10.28, 0.3, -1.53, 0.01, -0.04, -0.03
