3184.0, 3135.0, 3323.0, 3085.0, 2775.0, 9.0, 3.22, 2.96, 0.06, -0.12, -0.01
3184.0, 3136.0, 3327.0, 3088.0, 2775.0, 9.07, 3.18, 2.72, 0.12, -0.23, 0.07
3183.0, 3137.0, 3330.0, 3090.0, 2774.0, 8.94, 3.34, 2.48, 0.13, -0.13, 0.08
3184.0, 3140.0, 3335.0, 3093.0, 2775.0, 9.2, 2.95, 2.98, 0.04, -0.1, 0.03
3184.0, 3136.0, 3344.0, 3091.0, 2777.0, 9.26, 2.79, 3.01, 0.07, -0.05, -0.09
3185.0, 3135.0, 3341.0, 3101.0, 2777.0, 9.24, 3.31, 2.8, 0.03, -0.26, -0.05
3187.0, 3210.0, 3345.0, 3118.0, 2777.0, 9.12, 3.39, 2.89, 0.03, -0.79, 0.14
3202.0, 3513.0, 3489.0, 3390.0, 2779.0, 9.02, 1.66, 0.96, 0.39, -0.81, -0.16
3202.0, 3695.0, 3691.0, 3575.0, 2783.0, 9.63, 2.34, 1.97, 0.36, -0.67, 0.05
3199.0, 3747.0, 3779.0, 3647.0, 2783.0, 9.43, 3.62, 1.09, 0.51, -0.87, 0.19
3216.0, 3747.0, 3790.0, 3676.0, 2788.0, 9.36, 3.42, -0.16, 0.57, -1.01, 0.3
3204.0, 3761.0, 3791.0, 3684.0, 2795.0, 9.88, 2.74, -0.43, 0.55, -0.34, 0.23
3221.0, 3753.0, 3888.0, 3685.0, 2801.0, 9.75, 2.59, -0.65, -0.05, 0.13, -0.01
3246.0, 3759.0, 3833.0, 3691.0, 2809.0, 9.61, 2.92, -0.15, 0.11, -0.05, 0.13
3277.0, 3739.0, 3835.0, 3686.0, 2814.0, 9.31, 2.87, 0.22, 0.04, -0.02, 0.03
3383.0, 3739.0, 3843.0, 3695.0, 2823.0, 10.09, 2.76, -0.21, 0.39, -0.08, 0.1
3501.0, 3730.0, 3855.0, 3705.0, 2832.0, 9.53, 2.13, -0.76, 0.15, -0.39, 0.31
3535.0, 3709.0, 3843.0, 3709.0, 2832.0, 9.38, 2.45, -0.18, 0.33, -0.11, 0.18
3533.0, 3685.0, 3821.0, 3696.0, 2824.0, 10.14, 2.23, -0.59, 0.29, 0.0, 0.06
3535.0, 3677.0, 3837.0, 3701.0, 2831.0, 9.95, 2.51, -0.79, 0.09, -0.15, 0.08
3530.0, 3669.0, 3827.0, 3699.0, 2829.0, 9.23, 2.23, 0.0, -0.01, 0.14, 0.01
3521.0, 3664.0, 3774.0, 3691.0, 2826.0, 10.24, 2.38, -1.3, 0.03, 0.07, -0.04
3520.0, 3680.0, 3771.0, 3684.0, 2827.0, 9.56, 2.23, -0.29, 0.03, -0.12, 0.01
3513.0, 3659.0, 3767.0, 3682.0, 2826.0, 9.58, 2.29, -0.54, -0.07, 0.03, -0.06
3510.0, 3655.0, 3763.0, 3681.0, 2822.0, 9.94, 2.53, -0.84, 0.08, 0.03, 0.01
3499.0, 3641.0, 3754.0, 3671.0, 2811.0, 9.71, 2.21, -0.32, -0.07, -0.02, -0.05
3505.0, 3652.0, 3767.0, 3675.0, 2820.0, 9.79, 2.46, -0.49, 0.01, -0.01, 0.08
3505.0, 3651.0, 3761.0, 3636.0, 2818.0, 9.93, 2.18, -0.48, 0.04, -0.0, 0.0
3504.0, 3647.0, 3760.0, 3671.0, 2818.0, 9.8, 2.04, -0.34, 0.04, -0.01, 0.01
3504.0, 3646.0, 3762.0, 3669.0, 2819.0, 9.79, 2.28, -0.74, -0.02, -0.02, -0.01
3504.0, 3642.0, 3760.0, 3664.0, 2817.0, 9.78, 2.16, -0.45, 0.05, -0.05, 0.04
3504.0, 3639.0, 3759.0, 3666.0, 2818.0, 9.92, 2.22, -0.65, -0.01, 0.05, 0.0
3504.0, 3637.0, 3757.0, 3664.0, 2817.0, 10.13, 1.99, -0.58, 0.05, -0.05, 0.01
3498.0, 3634.0, 3750.0, 3658.0, 2807.0, 9.83, 2.12, -0.26, -0.02, -0.1, 0.01
3501.0, 3622.0, 3750.0, 3652.0, 2807.0, 9.73, 2.38, -0.62, 0.04, 0.04, -0.07
3496.0, 3626.0, 3745.0, 3654.0, 2807.0, 10.05, 1.97, -0.47, 0.02, -0.0, -0.01
3495.0, 3618.0, 3745.0, 3651.0, 2803.0, 9.84, 2.29, -0.3, 0.04, -0.08, -0.02
3495.0, 3618.0, 3742.0, 3650.0, 2804.0, 9.76, 2.31, -0.42, 0.03, 0.07, -0.01
3497.0, 3618.0, 3745.0, 3648.0, 2801.0, 9.97, 2.16, -0.57, 0.02, -0.08, -0.01
3499.0, 3615.0, 3741.0, 3647.0, 2806.0, 9.71, 2.11, -0.28, 0.04, -0.09, 0.0
3494.0, 3615.0, 3742.0, 3648.0, 2803.0, 9.74, 2.28, -0.43, 0.01, -0.01, -0.01
3491.0, 3616.0, 3745.0, 3645.0, 2806.0, 9.87, 2.3, -0.57, 0.01, -0.01, -0.01
3487.0, 3613.0, 3725.0, 3646.0, 2805.0, 9.82, 2.2, -0.29, 0.02, -0.03, 0.01
3489.0, 3614.0, 3678.0, 3648.0, 2803.0, 9.75, 2.13, -0.32, -0.05, -0.04, -0.05
3482.0, 3613.0, 3735.0, 3647.0, 2805.0, 9.9, 2.2, -0.32, 0.03, -0.0, -0.02
3481.0, 3602.0, 3739.0, 3645.0, 2803.0, 9.91, 2.29, -0.49, -0.01, -0.12, 0.02
3476.0, 3605.0, 3742.0, 3643.0, 2805.0, 9.64, 2.32, -0.41, 0.01, -0.01, 0.02
3479.0, 3603.0, 3735.0, 3646.0, 2805.0, 9.9, 2.17, -0.57, 0.06, -0.01, -0.0
