3675.0, 3045.0, 3249.0, 3071.0, 2798.0, 8.56, 4.02, -4.0, 0.02, -0.05, -0.02
3685.0, 3061.0, 3265.0, 3066.0, 2811.0, 8.41, 3.91, -4.07, 0.04, 0.01, -0.03
3679.0, 3057.0, 3268.0, 3060.0, 2806.0, 8.54, 3.97, -3.97, 0.05, -0.07, -0.02
3674.0, 3057.0, 3260.0, 3059.0, 2804.0, 8.47, 3.97, -3.94, 0.06, -0.0, -0.04
3679.0, 3059.0, 3258.0, 3059.0, 2813.0, 8.59, 3.92, -3.94, 0.02, -0.04, -0.02
3675.0, 3059.0, 3260.0, 3061.0, 2805.0, 8.51, 3.94, -3.89, 0.04, -0.04, -0.04
3674.0, 3063.0, 3261.0, 3058.0, 2805.0, 8.46, 4.0, -4.02, 0.09, -0.11, -0.07
3671.0, 3063.0, 3264.0, 3061.0, 2815.0, 8.22, 4.07, -3.98, -0.01, -0.05, 0.0
3669.0, 3063.0, 3269.0, 3062.0, 2821.0, 8.4, 4.01, -4.09, 0.02, -0.08, -0.04
3669.0, 3067.0, 3275.0, 3063.0, 2805.0, 8.54, 3.85, -3.87, 0.01, -0.12, -0.05
3666.0, 3067.0, 3205.0, 3059.0, 2805.0, 8.58, 3.88, -3.87, -0.05, -0.15, -0.08
3666.0, 3067.0, 3216.0, 3061.0, 2806.0, 8.72, 3.78, -4.14, -0.1, -0.27, -0.07
3666.0, 3071.0, 3235.0, 3063.0, 2806.0, 8.19, 3.87, -4.47, -0.1, -0.23, -0.09
3664.0, 3070.0, 3238.0, 3061.0, 2807.0, 8.08, 4.18, -4.39, -0.12, -0.21, -0.12
3664.0, 3070.0, 3238.0, 3060.0, 2803.0, 8.09, 4.36, -4.46, -0.07, -0.15, -0.09
3663.0, 3067.0, 3235.0, 3061.0, 2820.0, 7.99, 4.44, -4.53, -0.04, -0.14, -0.1
3664.0, 3071.0, 3237.0, 3063.0, 2807.0, 7.89, 4.29, -4.66, -0.01, -0.12, -0.06
3663.0, 3071.0, 3238.0, 3061.0, 2805.0, 7.89, 4.46, -4.59, -0.03, -0.01, -0.08
3659.0, 3065.0, 3241.0, 3055.0, 2800.0, 8.08, 4.51, -4.26, -0.03, -0.04, 0.02
3655.0, 3067.0, 3235.0, 3056.0, 2797.0, 7.87, 4.47, -4.58, 0.01, -0.09, -0.06
3650.0, 3071.0, 3234.0, 3055.0, 2798.0, 7.82, 4.59, -4.58, -0.02, -0.06, -0.03
3653.0, 3070.0, 3234.0, 3056.0, 2800.0, 7.69, 4.82, -4.41, 0.0, 0.04, -0.01
3660.0, 3071.0, 3233.0, 3057.0, 2800.0, 7.99, 4.69, -4.2, 0.08, 0.02, -0.01
3649.0, 3071.0, 3232.0, 3056.0, 2800.0, 8.13, 4.37, -4.33, 0.09, 0.07, 0.04
3651.0, 3071.0, 3233.0, 3057.0, 2800.0, 8.1, 4.38, -4.23, 0.09, 0.06, 0.06
3653.0, 3071.0, 3235.0, 3055.0, 2798.0, 8.17, 4.27, -4.24, -0.0, -0.08, 0.06
3653.0, 3071.0, 3237.0, 3057.0, 2800.0, 7.94, 4.35, -4.47, -0.01, -0.06, 0.06
3649.0, 3071.0, 3238.0, 3058.0, 2800.0, 7.85, 4.39, -4.87, -0.0, -0.0, 0.03
3648.0, 3071.0, 3241.0, 3058.0, 2798.0, 7.7, 4.51, -4.78, -0.02, 0.13, 0.03
3648.0, 3071.0, 3241.0, 3056.0, 2800.0, 8.06, 4.85, -3.81, -0.04, 0.35, 0.04
3648.0, 3071.0, 3238.0, 3056.0, 2759.0, 8.57, 4.36, -3.61, 0.15, 0.13, 0.12
3648.0, 3080.0, 3275.0, 3056.0, 2800.0, 8.38, 3.82, -4.03, 0.14, 0.09, 0.12
3645.0, 3071.0, 3299.0, 3062.0, 2802.0, 8.61, 3.89, -3.91, 0.06, 0.2, 0.04
3646.0, 3087.0, 3316.0, 3058.0, 2800.0, 8.71, 4.05, -3.47, 0.02, 0.18, 0.01
3648.0, 3088.0, 3312.0, 3056.0, 2800.0, 8.58, 3.83, -3.57, 0.08, -0.04, 0.03
3653.0, 3091.0, 3267.0, 3058.0, 2800.0, 8.5, 3.73, -3.83, 0.05, -0.03, -0.0
3650.0, 3090.0, 3258.0, 3057.0, 2802.0, 8.64, 3.9, -3.87, 0.04, -0.04, -0.02
3647.0, 3095.0, 3255.0, 3056.0, 2800.0, 8.53, 3.91, -3.65, 0.02, -0.02, -0.04
3651.0, 3094.0, 3251.0, 3057.0, 2800.0, 8.56, 3.98, -3.74, 0.02, -0.0, -0.05
3645.0, 3095.0, 3249.0, 3057.0, 2801.0, 8.55, 4.05, -3.65, 0.07, -0.11, -0.07
3646.0, 3095.0, 3254.0, 3056.0, 2800.0, 8.49, 4.0, -3.83, 0.04, -0.07, -0.07
3648.0, 3097.0, 3251.0, 3056.0, 2800.0, 8.48, 4.17, -3.71, 0.02, -0.09, -0.07
3647.0, 3099.0, 3249.0, 3057.0, 2800.0, 8.52, 4.1, -3.63, 0.07, -0.12, -0.06
3647.0, 3101.0, 3267.0, 3042.0, 2800.0, 8.5, 3.98, -3.94, 0.06, -0.16, -0.09
3645.0, 3104.0, 3280.0, 3056.0, 2800.0, 8.31, 4.09, -4.09, 0.02, -0.19, -0.07
3646.0, 3104.0, 3280.0, 3057.0, 2801.0, 8.34, 4.22, -3.97, 0.04, -0.17, -0.08
3648.0, 3104.0, 3280.0, 3059.0, 2805.0, 8.16, 4.21, -4.17, 0.01, -0.22, -0.03
3648.0, 3119.0, 3280.0, 3058.0, 2800.0, 8.09, 4.28, -4.42, 0.09, -0.14, -0.05
3657.0, 3120.0, 3296.0, 3068.0, 2814.0, 7.95, 3.79, -4.77, 0.03, -0.11, -0.03
3648.0, 3119.0, 3285.0, 3071.0, 2812.0, 8.23, 4.21, -4.21, -0.02, -0.0, -0.07
3641.0, 3106.0, 3274.0, 3056.0, 2800.0, 8.22, 4.43, -4.12, 0.02, -0.09, -0.05
3643.0, 3107.0, 3277.0, 3061.0, 2801.0, 8.09, 4.32, -4.5, 0.02, -0.1, -0.06
3642.0, 3105.0, 3277.0, 3071.0, 2801.0, 7.98, 4.3, -4.52, -0.01, -0.03, -0.01
3643.0, 3109.0, 3280.0, 3058.0, 2803.0, 8.1, 4.3, -4.42, -0.02, -0.02, -0.03
3643.0, 3116.0, 3280.0, 3058.0, 2801.0, 8.1, 4.31, -4.41, -0.0, -0.02, -0.04
3634.0, 3107.0, 3286.0, 3043.0, 2802.0, 8.21, 4.28, -4.13, -0.04, -0.01, -0.02
3639.0, 3109.0, 3314.0, 3060.0, 2800.0, 8.05, 4.33, -4.4, -0.04, -0.04, -0.02
