3221.0, 3517.0, 3619.0, 3607.0, 3120.0, -8.72, 0.94, 3.49, -0.03, -0.04, 0.01
3203.0, 3542.0, 3623.0, 3634.0, 3120.0, -8.65, 0.88, 3.42, -0.04, -0.01, 0.0
3232.0, 3527.0, 3632.0, 3615.0, 3133.0, -8.75, 0.91, 3.35, -0.07, -0.03, 0.0
3231.0, 3521.0, 3631.0, 3616.0, 3132.0, -8.63, 0.74, 3.55, -0.08, 0.0, -0.02
3225.0, 3518.0, 3632.0, 3618.0, 3125.0, -8.59, 0.79, 3.9, -0.0, -0.03, -0.07
3226.0, 3507.0, 3632.0, 3611.0, 3120.0, -8.39, 0.8, 5.57, 0.27, -0.03, -0.44
3225.0, 3487.0, 3606.0, 3603.0, 3101.0, -8.17, -1.1, 7.06, 0.36, -0.88, -1.57
3229.0, 3440.0, 3536.0, 3582.0, 3081.0, -8.55, 0.07, 8.61, 2.97, -1.2, -2.1
3219.0, 3364.0, 3464.0, 3555.0, 3053.0, -12.11, 6.8, 9.2, 3.14, -1.27, -0.24
3221.0, 3312.0, 3408.0, 3535.0, 3037.0, -12.85, 6.45, 7.99, 3.44, -1.51, 2.26
3217.0, 3261.0, 3373.0, 3515.0, 3025.0, -12.93, 5.99, 7.33, 2.4, -2.36, 4.0
3244.0, 3231.0, 3354.0, 3521.0, 3055.0, -11.35, 6.61, 6.4, 3.23, -1.11, 4.37
3237.0, 3174.0, 3317.0, 3550.0, 3088.0, -8.22, 7.59, 5.8, 3.35, 0.07, 4.37
3216.0, 3131.0, 3281.0, 3577.0, 3110.0, -2.56, 5.35, 2.53, 3.03, 0.57, 4.37
3187.0, 3115.0, 3269.0, 3606.0, 3125.0, -0.17, 4.9, 1.73, 2.43, 0.79, 4.2
3159.0, 3127.0, 3252.0, 3626.0, 3150.0, 3.03, 4.51, -0.08, 2.58, 0.94, 2.92
3139.0, 3143.0, 3249.0, 3631.0, 3161.0, 3.96, 4.11, -0.01, 1.02, 1.29, 1.84
3129.0, 3157.0, 3263.0, 3637.0, 3167.0, 5.42, 5.34, -0.24, 0.88, 1.44, 0.98
3113.0, 3146.0, 3248.0, 3627.0, 3162.0, 5.97, 5.35, -0.32, 1.28, 1.11, 0.74
3118.0, 3143.0, 3257.0, 3628.0, 3169.0, 6.79, 6.0, -0.35, 0.79, 1.32, 0.17
3107.0, 3143.0, 3268.0, 3631.0, 3174.0, 6.98, 6.63, 0.57, 0.73, 1.18, 0.18
3095.0, 3139.0, 3282.0, 3637.0, 3199.0, 7.19, 6.81, 0.88, 0.44, 1.27, -0.07
3094.0, 3136.0, 3284.0, 3638.0, 3167.0, 7.24, 6.39, 1.35, 0.37, 1.16, -0.15
3086.0, 3134.0, 3291.0, 3645.0, 3184.0, 7.24, 6.26, 1.82, 0.22, 0.98, -0.27
3082.0, 3132.0, 3298.0, 3644.0, 3183.0, 6.85, 6.19, 2.27, 0.04, 0.88, -0.59
3061.0, 3123.0, 3297.0, 3634.0, 3178.0, 6.24, 6.76, 2.83, -0.27, 0.36, -0.47
3082.0, 3126.0, 3306.0, 3669.0, 3183.0, 5.73, 7.62, 2.85, -0.07, 0.27, -0.51
3079.0, 3126.0, 3301.0, 3642.0, 3181.0, 5.78, 8.02, 2.46, -0.13, -0.12, -0.23
3085.0, 3122.0, 3305.0, 3644.0, 3179.0, 6.16, 7.51, 2.06, 0.14, -0.14, -0.13
3071.0, 3127.0, 3302.0, 3645.0, 3179.0, 6.43, 7.0, 1.58, -0.03, -0.17, -0.13
3071.0, 3120.0, 3301.0, 3648.0, 3179.0, 6.37, 6.83, 1.77, -0.09, -0.05, -0.26
3071.0, 3110.0, 3298.0, 3659.0, 3152.0, 5.94, 7.53, 1.94, -0.1, 0.06, -0.38
3081.0, 3118.0, 3301.0, 3649.0, 3176.0, 5.72, 8.16, 2.19, -0.19, 0.07, -0.35
3071.0, 3120.0, 3296.0, 3646.0, 3171.0, 5.46, 8.64, 2.39, -0.06, 0.02, -0.19
3071.0, 3118.0, 3301.0, 3652.0, 3174.0, 5.64, 8.29, 2.27, 0.04, -0.07, -0.01
3071.0, 3117.0, 3306.0, 3648.0, 3174.0, 5.73, 7.86, 2.21, 0.08, -0.14, 0.09
3071.0, 3114.0, 3311.0, 3647.0, 3171.0, 5.72, 7.6, 1.89, 0.02, 0.02, -0.03
3071.0, 3115.0, 3313.0, 3650.0, 3171.0, 5.54, 7.69, 1.97, -0.04, -0.02, -0.02
3083.0, 3113.0, 3317.0, 3645.0, 3168.0, 5.5, 7.77, 2.26, -0.09, 0.0, -0.06
3071.0, 3113.0, 3329.0, 3650.0, 3168.0, 5.8, 7.64, 2.45, 0.0, -0.06, -0.04
3071.0, 3108.0, 3334.0, 3647.0, 3170.0, 5.71, 7.95, 2.39, -0.02, -0.08, -0.04
3071.0, 3110.0, 3334.0, 3647.0, 3166.0, 5.71, 7.94, 2.48, -0.0, -0.04, -0.03
3071.0, 3110.0, 3335.0, 3642.0, 3164.0, 5.58, 8.04, 2.41, -0.04, -0.08, -0.03
3071.0, 3109.0, 3279.0, 3637.0, 3165.0, 5.62, 7.71, 2.26, -0.03, -0.04, -0.06
3081.0, 3121.0, 3346.0, 3634.0, 3167.0, 5.57, 7.67, 2.29, -0.04, -0.05, -0.05
3071.0, 3113.0, 3335.0, 3635.0, 3157.0, 5.58, 7.86, 2.41, -0.02, -0.02, -0.07
3071.0, 3107.0, 3337.0, 3638.0, 3163.0, 5.6, 7.94, 2.4, 0.01, -0.08, -0.02
3047.0, 3109.0, 3335.0, 3639.0, 3155.0, 5.62, 7.97, 2.32, -0.01, -0.07, 0.01
3071.0, 3110.0, 3341.0, 3628.0, 3161.0, 5.67, 7.81, 2.22, 0.01, -0.05, 0.04
3071.0, 3105.0, 3329.0, 3643.0, 3154.0, 5.69, 7.78, 2.31, -0.02, 0.01, -0.01
3030.0, 3107.0, 3339.0, 3637.0, 3162.0, 5.72, 7.8, 2.51, 0.02, -0.03, 0.01
3071.0, 3109.0, 3341.0, 3635.0, 3159.0, 5.67, 7.84, 2.35, 0.04, -0.04, 0.02
3071.0, 3099.0, 3342.0, 3633.0, 3158.0, 5.51, 7.88, 2.41, 0.01, -0.0, 0.0
3080.0, 3107.0, 3344.0, 3638.0, 3159.0, 5.61, 7.82, 2.38, 0.01, -0.01, 0.0
3071.0, 3109.0, 3343.0, 3637.0, 3159.0, 5.51, 7.77, 2.45, 0.01, 0.03, -0.02
3086.0, 3102.0, 3334.0, 3638.0, 3155.0, 5.56, 7.79, 2.63, -0.0, -0.0, -0.02
3083.0, 3098.0, 3344.0, 3635.0, 3167.0, 5.55, 7.89, 2.55, 0.01, -0.02, -0.02
