3572.0, 3778.0, 3835.0, 3426.0, 3346.0, 8.11, 3.75, -5.01, -0.46, -0.08, 0.45
3573.0, 3765.0, 3835.0, 3433.0, 3343.0, 9.27, 3.32, -6.56, -0.22, 0.55, 0.13
3577.0, 3761.0, 3828.0, 3435.0, 3342.0, 6.68, 2.17, -1.91, 0.04, 0.35, -0.04
3579.0, 3760.0, 3801.0, 3435.0, 3343.0, 9.46, 1.23, -0.61, -1.4, -0.0, 0.62
3579.0, 3761.0, 3829.0, 3434.0, 3343.0, 10.11, 0.22, -1.41, -0.25, 0.15, -0.05
3569.0, 3759.0, 3824.0, 3434.0, 3338.0, 8.32, 2.86, -1.9, -0.33, 0.46, -0.01
3574.0, 3761.0, 3826.0, 3431.0, 3327.0, 9.22, 5.46, -5.92, -0.61, -0.11, 0.17
3568.0, 3776.0, 3824.0, 3445.0, 3349.0, 8.93, 3.12, -2.06, -0.31, 0.42, -0.18
3567.0, 3762.0, 3824.0, 3408.0, 3337.0, 9.17, 2.67, -2.15, 0.23, 0.39, 0.07
3566.0, 3761.0, 3827.0, 3431.0, 3339.0, 8.53, 0.22, -0.72, 0.45, 0.41, -0.33
3563.0, 3760.0, 3843.0, 3438.0, 3339.0, 10.09, 3.39, -2.75, -0.47, 0.38, -0.26
3563.0, 3757.0, 3824.0, 3429.0, 3342.0, 10.24, 4.76, -2.48, 0.23, 0.21, -0.2
3559.0, 3758.0, 3827.0, 3429.0, 3355.0, 9.4, 5.09, -2.47, 0.13, 0.2, -0.12
3568.0, 3763.0, 3824.0, 3427.0, 3367.0, 9.69, 4.61, -2.93, 0.12, 0.09, 0.16
3559.0, 3767.0, 3825.0, 3429.0, 3376.0, 8.76, 3.96, -1.41, 0.38, -0.02, 0.38
3561.0, 3774.0, 3826.0, 3422.0, 3402.0, 9.48, 2.92, -1.25, 0.18, 0.19, 0.38
3558.0, 3776.0, 3830.0, 3427.0, 3405.0, 10.09, 2.96, -1.76, 0.33, 0.1, 0.27
3542.0, 3737.0, 3824.0, 3413.0, 3405.0, 9.72, 2.25, -1.61, 0.49, -0.0, 0.26
3554.0, 3767.0, 3823.0, 3422.0, 3395.0, 9.47, 2.14, -1.77, 0.39, 0.14, 0.25
3583.0, 3792.0, 3824.0, 3419.0, 3393.0, 9.91, 2.15, -1.62, 0.29, 0.18, 0.3
3552.0, 3761.0, 3818.0, 3421.0, 3392.0, 9.59, 2.12, -1.39, 0.36, 0.1, 0.3
3554.0, 3758.0, 3824.0, 3422.0, 3393.0, 9.76, 1.68, -1.29, 0.36, 0.22, 0.23
3552.0, 3767.0, 3822.0, 3425.0, 3390.0, 10.19, 1.65, -1.53, 0.36, 0.1, 0.26
3551.0, 3769.0, 3823.0, 3419.0, 3391.0, 9.9, 1.33, -0.86, 0.33, -0.01, 0.34
3551.0, 3770.0, 3820.0, 3425.0, 3395.0, 9.83, 1.1, -0.91, 0.29, 0.07, 0.29
3553.0, 3767.0, 3819.0, 3420.0, 3391.0, 9.96, 0.92, -1.26, 0.32, 0.0, 0.24
3538.0, 3775.0, 3829.0, 3425.0, 3391.0, 9.51, 0.49, -1.24, 0.3, 0.04, 0.17
3552.0, 3766.0, 3827.0, 3422.0, 3390.0, 9.57, 0.51, -1.08, 0.24, 0.06, 0.12
3551.0, 3765.0, 3823.0, 3426.0, 3387.0, 10.08, 0.56, -0.97, 0.18, 0.11, 0.08
3554.0, 3763.0, 3824.0, 3426.0, 3391.0, 10.25, 0.51, -0.91, 0.13, 0.05, 0.04
3546.0, 3805.0, 3821.0, 3421.0, 3382.0, 10.15, 0.49, -0.75, 0.07, 0.05, -0.0
3553.0, 3765.0, 3824.0, 3425.0, 3392.0, 10.11, 0.38, -0.77, 0.04, 0.03, -0.04
3557.0, 3771.0, 3826.0, 3425.0, 3398.0, 9.59, 0.93, -0.92, 0.1, -0.02, -0.03
3556.0, 3765.0, 3822.0, 3428.0, 3397.0, 9.63, 0.75, -0.72, 0.07, 0.1, -0.1
3553.0, 3770.0, 3829.0, 3427.0, 3399.0, 10.32, 0.37, -0.6, -0.19, 0.04, -0.06
3558.0, 3767.0, 3824.0, 3425.0, 3397.0, 10.52, 0.63, -0.36, -0.02, -0.11, -0.08
3546.0, 3773.0, 3824.0, 3430.0, 3398.0, 10.22, 0.74, -0.44, -0.0, -0.17, -0.15
3554.0, 3773.0, 3821.0, 3425.0, 3397.0, 10.14, 1.07, -1.07, -0.02, -0.12, -0.17
3557.0, 3767.0, 3819.0, 3425.0, 3398.0, 9.9, 1.14, -1.11, 0.04, -0.28, -0.06
3554.0, 3769.0, 3815.0, 3423.0, 3394.0, 9.56, 1.13, -1.03, -0.03, -0.16, -0.08
3555.0, 3772.0, 3824.0, 3422.0, 3390.0, 10.01, 0.89, -1.25, -0.02, -0.13, -0.03
3553.0, 3761.0, 3814.0, 3425.0, 3391.0, 10.07, 0.76, -1.44, 0.02, -0.19, -0.07
3554.0, 3767.0, 3824.0, 3366.0, 3386.0, 10.01, 0.94, -1.5, 0.0, -0.06, -0.08
3557.0, 3774.0, 3819.0, 3423.0, 3386.0, 9.86, 1.08, -1.42, -0.03, -0.03, -0.09
3555.0, 3769.0, 3821.0, 3424.0, 3386.0, 9.75, 1.18, -1.2, -0.02, -0.03, -0.05
3537.0, 3779.0, 3835.0, 3425.0, 3402.0, 9.87, 1.29, -1.19, -0.0, -0.03, -0.1
3552.0, 3764.0, 3820.0, 3423.0, 3389.0, 10.07, 1.4, -1.3, -0.04, -0.04, -0.08
3553.0, 3765.0, 3814.0, 3424.0, 3390.0, 9.86, 1.55, -1.41, 0.02, -0.13, -0.07
3556.0, 3797.0, 3814.0, 3421.0, 3385.0, 9.9, 1.47, -1.36, 0.01, -0.07, -0.09
3556.0, 3761.0, 3815.0, 3426.0, 3386.0, 9.97, 1.43, -1.36, -0.02, -0.01, -0.06
