3122.0, 3334.0, 3463.0, 3351.0, 2849.0, -8.97, -0.91, 2.49, -0.01, -0.0, 0.06
3125.0, 3333.0, 3469.0, 3351.0, 2853.0, -8.8, -1.15, 2.38, 0.05, 0.12, -0.13
3120.0, 3335.0, 3469.0, 3363.0, 2885.0, -9.07, -1.47, 3.08, 0.21, 0.02, -0.32
3121.0, 3344.0, 3472.0, 3395.0, 2925.0, -9.38, -1.6, 3.58, 0.62, -0.32, -0.65
3120.0, 3382.0, 3490.0, 3463.0, 2981.0, -10.31, -0.3, 5.98, 1.57, -0.81, -0.75
3113.0, 3499.0, 3572.0, 3583.0, 3105.0, -10.41, 4.3, 6.69, 4.34, -0.59, -0.1
3089.0, 3551.0, 3635.0, 3643.0, 3173.0, -13.53, 9.28, 7.69, 3.56, -0.96, 2.25
3090.0, 3607.0, 3653.0, 3651.0, 3209.0, -14.21, 8.74, 5.51, 2.92, -0.59, 3.43
3085.0, 3671.0, 3682.0, 3690.0, 3259.0, -14.76, 7.03, 5.31, 2.98, -0.55, 4.37
3071.0, 3711.0, 3706.0, 3715.0, 3294.0, -12.81, 7.22, 2.3, 3.18, 0.57, 4.37
3067.0, 3723.0, 3703.0, 3712.0, 3291.0, -9.57, 5.32, 1.45, 1.68, 1.16, 4.37
3063.0, 3726.0, 3712.0, 3713.0, 3286.0, -5.68, 5.48, 1.37, 1.1, 1.32, 4.12
3063.0, 3731.0, 3703.0, 3703.0, 3286.0, -1.07, 3.11, 0.43, 1.02, 1.26, 3.33
3065.0, 3733.0, 3717.0, 3697.0, 3298.0, 1.75, 2.5, 0.74, 0.62, 0.79, 2.49
3059.0, 3726.0, 3691.0, 3700.0, 3282.0, 2.86, 3.64, 0.77, 0.63, 0.75, 1.47
3058.0, 3717.0, 3684.0, 3699.0, 3264.0, 4.93, 4.02, 0.57, 0.71, 0.32, 0.88
3058.0, 3712.0, 3682.0, 3696.0, 3279.0, 6.08, 5.96, -0.0, 0.91, 0.1, 0.5
3060.0, 3703.0, 3678.0, 3697.0, 3278.0, 6.88, 5.69, -0.9, 0.99, -0.3, -0.09
3059.0, 3697.0, 3678.0, 3693.0, 3271.0, 7.47, 6.21, -2.8, 0.67, -0.41, -0.31
3056.0, 3697.0, 3678.0, 3691.0, 3270.0, 7.16, 8.26, -3.51, 0.15, -0.16, -0.59
3054.0, 3702.0, 3709.0, 3690.0, 3267.0, 5.88, 10.18, -3.48, -0.16, -0.1, -0.23
3055.0, 3691.0, 3675.0, 3686.0, 3266.0, 5.88, 9.03, -3.17, -0.19, 0.07, 0.1
3056.0, 3690.0, 3673.0, 3683.0, 3262.0, 5.97, 7.38, -2.77, -0.18, 0.08, 0.11
3055.0, 3688.0, 3673.0, 3682.0, 3252.0, 5.66, 6.85, -2.5, -0.16, 0.02, 0.03
3055.0, 3691.0, 3669.0, 3685.0, 3263.0, 5.55, 7.24, -2.33, -0.09, -0.02, -0.09
3051.0, 3686.0, 3671.0, 3678.0, 3261.0, 5.5, 7.95, -2.45, 0.01, -0.09, -0.08
3053.0, 3682.0, 3665.0, 3677.0, 3259.0, 5.77, 7.95, -2.72, 0.07, -0.11, -0.05
3055.0, 3687.0, 3677.0, 3675.0, 3260.0, 5.82, 7.92, -2.82, 0.04, -0.06, -0.02
3056.0, 3678.0, 3664.0, 3671.0, 3257.0, 5.69, 7.84, -2.64, 0.02, -0.06, -0.01
3049.0, 3661.0, 3668.0, 3674.0, 3255.0, 5.7, 7.78, -2.79, 0.0, 0.01, -0.02
3053.0, 3679.0, 3666.0, 3675.0, 3253.0, 5.53, 7.77, -2.55, 0.01, 0.02, -0.03
3047.0, 3679.0, 3667.0, 3671.0, 3252.0, 5.66, 7.61, -2.54, 0.03, -0.05, -0.03
3050.0, 3679.0, 3667.0, 3667.0, 3250.0, 5.68, 7.87, -2.47, 0.04, -0.08, -0.02
3056.0, 3681.0, 3664.0, 3676.0, 3251.0, 5.66, 8.01, -2.62, 0.06, -0.03, -0.03
3055.0, 3670.0, 3664.0, 3671.0, 3249.0, 5.72, 7.9, -2.57, 0.0, -0.09, 0.01
3049.0, 3669.0, 3651.0, 3668.0, 3249.0, 5.66, 7.88, -2.86, -0.02, 0.01, -0.0
3054.0, 3669.0, 3665.0, 3674.0, 3253.0, 5.74, 7.77, -2.72, 0.01, -0.07, 0.01
3055.0, 3671.0, 3664.0, 3670.0, 3259.0, 5.68, 7.66, -2.83, 0.02, -0.02, 0.01
3055.0, 3672.0, 3664.0, 3671.0, 3248.0, 5.58, 7.74, -2.71, 0.03, -0.02, -0.0
3053.0, 3671.0, 3679.0, 3669.0, 3247.0, 5.71, 7.71, -2.7, 0.05, 0.01, -0.03
3052.0, 3671.0, 3664.0, 3668.0, 3247.0, 5.66, 7.8, -2.65, 0.02, -0.02, -0.03
3055.0, 3671.0, 3664.0, 3670.0, 3248.0, 5.84, 7.75, -2.63, 0.05, -0.0, -0.05
3051.0, 3667.0, 3664.0, 3666.0, 3237.0, 5.76, 7.9, -2.67, 0.03, -0.05, -0.04
3050.0, 3664.0, 3664.0, 3666.0, 3247.0, 5.74, 7.81, -2.7, 0.02, -0.04, -0.03
3047.0, 3666.0, 3661.0, 3665.0, 3245.0, 5.67, 7.8, -2.86, 0.03, -0.03, -0.01
3053.0, 3664.0, 3663.0, 3666.0, 3245.0, 5.76, 7.74, -2.83, 0.02, -0.01, -0.03
3050.0, 3670.0, 3661.0, 3671.0, 3245.0, 5.69, 7.83, -2.65, 0.02, -0.03, -0.01
3042.0, 3664.0, 3662.0, 3666.0, 3248.0, 5.66, 7.73, -2.59, 0.0, -0.05, -0.01
3048.0, 3662.0, 3678.0, 3647.0, 3243.0, 5.58, 7.79, -2.61, 0.0, -0.05, -0.01
3051.0, 3664.0, 3664.0, 3664.0, 3243.0, 5.57, 7.74, -2.55, -0.0, -0.04, -0.03
