2702.0, 2725.0, 3522.0, 3227.0, 2882.0, 9.77, 2.38, -0.73, 0.01, -0.06, 0.01
2701.0, 2725.0, 3522.0, 3223.0, 2875.0, 9.76, 2.41, -0.84, -0.01, 0.0, -0.01
2711.0, 2714.0, 3525.0, 3239.0, 2884.0, 9.77, 2.36, -0.67, 0.02, -0.06, -0.01
2701.0, 2725.0, 3520.0, 3222.0, 2882.0, 9.68, 2.32, -0.81, -0.0, -0.05, -0.01
2698.0, 2722.0, 3521.0, 3223.0, 2885.0, 9.76, 2.4, -0.8, -0.01, 0.02, -0.03
2699.0, 2721.0, 3526.0, 3225.0, 2883.0, 9.82, 2.41, -0.77, 0.0, -0.07, -0.0
2701.0, 2724.0, 3523.0, 3226.0, 2885.0, 9.73, 2.3, -0.72, 0.03, -0.03, 0.0
2702.0, 2727.0, 3520.0, 3223.0, 2882.0, 9.79, 2.42, -0.79, 0.02, -0.02, -0.01
2699.0, 2725.0, 3521.0, 3222.0, 2895.0, 9.78, 2.2, -0.81, 0.01, -0.04, 0.0
2701.0, 2725.0, 3521.0, 3223.0, 2884.0, 9.84, 2.31, -0.82, -0.0, 0.0, -0.03
2699.0, 2723.0, 3521.0, 3222.0, 2886.0, 9.83, 2.21, -0.55, 0.03, -0.06, -0.0
2704.0, 2724.0, 3521.0, 3223.0, 2883.0, 9.76, 2.35, -0.82, 0.03, -0.03, -0.01
2704.0, 2723.0, 3520.0, 3223.0, 2882.0, 9.84, 2.29, -0.74, -0.0, -0.02, -0.02
2703.0, 2730.0, 3520.0, 3222.0, 2882.0, 9.77, 2.44, -0.81, 0.01, -0.06, -0.02
2697.0, 2723.0, 3525.0, 3225.0, 2890.0, 9.58, 2.58, -1.05, 0.04, -0.01, -0.09
2699.0, 2726.0, 3520.0, 3222.0, 2883.0, 9.73, 2.38, -0.99, -0.02, 0.07, -0.04
2695.0, 2727.0, 3522.0, 3221.0, 2883.0, 9.82, 2.4, -0.42, 0.03, 0.04, 0.02
2703.0, 2723.0, 3526.0, 3222.0, 2881.0, 9.8, 2.43, -0.32, 0.04, 0.05, 0.04
2702.0, 2725.0, 3522.0, 3225.0, 2883.0, 9.91, 2.12, -0.26, 0.02, 0.01, -0.02
2699.0, 2723.0, 3521.0, 3227.0, 2882.0, 9.81, 2.4, -0.46, 0.04, -0.07, -0.04
2699.0, 2725.0, 3525.0, 3221.0, 2880.0, 9.75, 2.44, -0.51, -0.0, -0.04, -0.04
2702.0, 2723.0, 3522.0, 3222.0, 2883.0, 9.86, 2.38, -0.66, 0.04, -0.11, 0.01
2701.0, 2726.0, 3523.0, 3223.0, 2880.0, 9.72, 2.44, -0.77, 0.08, -0.12, 0.0
2690.0, 2721.0, 3531.0, 3218.0, 2882.0, 9.69, 2.33, -0.7, 0.02, 0.04, -0.03
2703.0, 2723.0, 3520.0, 3222.0, 2883.0, 9.88, 2.15, -0.55, 0.04, -0.11, -0.01
2701.0, 2723.0, 3520.0, 3223.0, 2884.0, 9.67, 2.64, -0.62, 0.06, -0.04, -0.03
2699.0, 2726.0, 3520.0, 3234.0, 2886.0, 9.81, 2.39, -0.71, -0.01, 0.02, -0.03
2704.0, 2724.0, 3511.0, 3222.0, 2882.0, 9.82, 2.29, -0.62, 0.03, -0.08, 0.02
2701.0, 2723.0, 3523.0, 3220.0, 2882.0, 9.69, 2.31, -0.85, 0.03, 0.05, -0.06
2704.0, 2723.0, 3523.0, 3219.0, 2882.0, 9.85, 2.47, -0.39, 0.02, -0.03, -0.02
2698.0, 2725.0, 3519.0, 3222.0, 2882.0, 9.83, 2.33, -0.44, 0.02, -0.06, 0.0
2703.0, 2730.0, 3520.0, 3220.0, 2884.0, 9.69, 2.34, -0.74, -0.01, -0.0, 0.01
2694.0, 2724.0, 3518.0, 3222.0, 2881.0, 9.95, 2.38, -0.6, 0.01, -0.04, -0.01
2685.0, 2720.0, 3524.0, 3220.0, 2881.0, 9.76, 2.41, -0.58, -0.03, -0.04, 0.0
2699.0, 2723.0, 3520.0, 3222.0, 2868.0, 9.82, 2.27, -0.69, 0.0, -0.05, -0.01
2702.0, 2724.0, 3520.0, 3219.0, 2880.0, 9.81, 2.42, -0.81, 0.04, -0.06, -0.0
2702.0, 2723.0, 3521.0, 3223.0, 2883.0, 9.81, 2.3, -0.48, -0.0, 0.03, -0.01
2701.0, 2723.0, 3520.0, 3221.0, 2884.0, 9.79, 2.22, -0.68, 0.03, -0.03, -0.03
2701.0, 2727.0, 3525.0, 3221.0, 2885.0, 9.78, 2.43, -0.64, 0.01, -0.02, -0.03
2704.0, 2726.0, 3519.0, 3219.0, 2883.0, 9.77, 2.51, -0.53, 0.03, -0.01, -0.02
2700.0, 2727.0, 3518.0, 3218.0, 2883.0, 9.8, 2.42, -0.51, 0.03, -0.06, -0.01
2702.0, 2719.0, 3520.0, 3216.0, 2892.0, 9.85, 2.42, -0.6, 0.05, -0.02, 0.0
2702.0, 2725.0, 3521.0, 3218.0, 2883.0, 9.75, 2.38, -0.73, -0.02, -0.01, -0.02
2704.0, 2723.0, 3523.0, 3221.0, 2882.0, 9.73, 2.53, -0.6, 0.01, -0.01, -0.01
2701.0, 2735.0, 3521.0, 3219.0, 2882.0, 9.77, 2.35, -0.58, 0.02, -0.09, 0.01
2701.0, 2724.0, 3520.0, 3219.0, 2884.0, 9.65, 2.34, -0.79, -0.01, -0.0, -0.02
2702.0, 2722.0, 3517.0, 3222.0, 2885.0, 9.8, 2.39, -0.44, 0.02, -0.06, -0.01
2703.0, 2723.0, 3519.0, 3218.0, 2884.0, 9.71, 2.37, -0.53, -0.0, -0.06, -0.0
2702.0, 2723.0, 3519.0, 3221.0, 2885.0, 9.7, 2.24, -0.69, -0.01, 0.01, -0.02
2703.0, 2724.0, 3519.0, 3228.0, 2886.0, 9.84, 2.36, -0.49, 0.0, -0.03, -0.01
