2706.0, 2703.0, 3344.0, 3088.0, 2807.0, 4.13, 3.96, 7.96, 0.02, -0.04, -0.02
2704.0, 2704.0, 3345.0, 3087.0, 2810.0, 4.14, 4.06, 7.87, 0.03, -0.03, -0.02
2705.0, 2701.0, 3345.0, 3088.0, 2806.0, 4.13, 4.02, 7.89, 0.02, -0.04, -0.02
2705.0, 2704.0, 3344.0, 3085.0, 2815.0, 4.15, 4.02, 7.96, 0.0, -0.04, -0.01
2704.0, 2701.0, 3344.0, 3087.0, 2808.0, 4.06, 4.03, 7.95, 0.0, -0.04, -0.01
2710.0, 2702.0, 3346.0, 3088.0, 2810.0, 4.07, 3.99, 8.02, 0.07, -0.05, -0.03
2706.0, 2701.0, 3346.0, 3087.0, 2813.0, 4.17, 4.12, 7.94, 0.01, -0.03, -0.02
2705.0, 2704.0, 3344.0, 3088.0, 2807.0, 4.05, 4.03, 7.91, 0.01, -0.03, -0.02
2703.0, 2703.0, 3351.0, 3088.0, 2810.0, 3.93, 4.17, 8.6, 0.21, 0.01, -0.08
2706.0, 2718.0, 3379.0, 3116.0, 2813.0, 3.12, 2.65, 10.6, 0.91, 0.0, -0.47
2705.0, 2736.0, 3443.0, 3178.0, 2823.0, 3.94, 8.76, 11.68, 1.85, 1.15, -0.23
2713.0, 2751.0, 3601.0, 3279.0, 2832.0, 5.64, 6.05, 13.5, 1.22, -1.58, 1.06
2720.0, 2768.0, 3606.0, 3303.0, 2891.0, 2.37, 6.12, 8.32, 0.61, -3.04, 1.96
2723.0, 2770.0, 3635.0, 3312.0, 2893.0, 4.0, 6.41, 4.33, -0.79, -3.82, 2.11
2710.0, 2771.0, 3657.0, 3325.0, 2902.0, 5.28, 3.1, 1.2, -1.44, -3.8, 2.66
2726.0, 2770.0, 3663.0, 3312.0, 2905.0, 5.48, 3.09, -0.65, -0.42, -2.47, 2.09
2726.0, 2769.0, 3642.0, 3314.0, 2909.0, 7.64, -0.39, -1.51, 0.32, -1.52, 1.38
2726.0, 2768.0, 3638.0, 3312.0, 2910.0, 8.54, -1.85, -1.7, -0.86, -0.97, 1.27
2735.0, 2777.0, 3706.0, 3346.0, 2918.0, 8.44, -0.82, -1.24, 0.2, -0.66, 0.48
2740.0, 2778.0, 3744.0, 3367.0, 2916.0, 9.9, -3.96, -1.31, -0.3, -0.18, -0.09
2733.0, 2775.0, 3632.0, 3313.0, 2910.0, 9.92, -2.96, -2.05, -0.34, -0.25, -0.91
2752.0, 2786.0, 3629.0, 3303.0, 2901.0, 10.03, 0.05, -0.76, 0.2, 0.09, -1.46
2753.0, 2791.0, 3622.0, 3297.0, 2893.0, 9.31, 3.34, 0.13, -0.36, -0.05, -0.59
2725.0, 2769.0, 3619.0, 3297.0, 2886.0, 9.53, 4.55, -0.41, 0.18, 0.32, -0.42
2702.0, 2768.0, 3605.0, 3301.0, 2892.0, 10.03, 2.19, -0.08, 0.11, 0.07, -0.22
2733.0, 2774.0, 3613.0, 3291.0, 2882.0, 9.85, 1.71, -0.07, 0.11, -0.05, -0.09
2723.0, 2768.0, 3607.0, 3293.0, 2881.0, 9.67, 2.01, -0.61, -0.03, 0.2, -0.05
2720.0, 2768.0, 3607.0, 3289.0, 2882.0, 10.23, 1.86, -0.27, 0.04, 0.02, -0.05
2705.0, 2758.0, 3647.0, 3301.0, 2870.0, 9.82, 2.54, -0.16, 0.04, -0.07, -0.05
2742.0, 2777.0, 3664.0, 3311.0, 2867.0, 9.93, 1.89, -0.45, 0.34, 0.2, -0.17
2736.0, 2773.0, 3618.0, 3290.0, 2880.0, 10.22, 1.26, 0.15, -0.06, -0.1, -0.04
2745.0, 2778.0, 3606.0, 3285.0, 2881.0, 9.62, 3.02, 0.09, -0.11, -0.01, 0.07
2719.0, 2767.0, 3606.0, 3285.0, 2881.0, 9.84, 2.56, -0.26, 0.16, 0.09, -0.05
2722.0, 2768.0, 3603.0, 3285.0, 2880.0, 9.84, 1.63, 0.06, 0.26, -0.0, -0.07
2720.0, 2765.0, 3605.0, 3281.0, 2881.0, 9.82, 1.94, 0.08, -0.01, 0.14, 0.01
2704.0, 2747.0, 3581.0, 3276.0, 2869.0, 9.87, 2.3, -0.28, 0.09, 0.05, -0.08
2704.0, 2750.0, 3583.0, 3267.0, 2870.0, 9.81, 1.91, 0.23, 0.13, -0.14, -0.01
2724.0, 2761.0, 3609.0, 3279.0, 2875.0, 9.8, 1.8, 0.11, 0.04, 0.11, -0.08
2720.0, 2761.0, 3600.0, 3278.0, 2869.0, 9.95, 2.17, -0.26, -0.07, 0.01, -0.05
2730.0, 2763.0, 3606.0, 3277.0, 2869.0, 9.78, 2.09, 0.44, -0.03, -0.1, -0.08
2736.0, 2768.0, 3611.0, 3280.0, 2867.0, 9.73, 2.56, 0.17, -0.1, 0.05, -0.07
2715.0, 2755.0, 3622.0, 3280.0, 2866.0, 9.91, 2.63, 0.06, 0.06, -0.04, -0.01
2702.0, 2749.0, 3579.0, 3263.0, 2869.0, 9.79, 1.99, -0.18, -0.04, -0.01, 0.09
2704.0, 2749.0, 3580.0, 3262.0, 2867.0, 9.86, 2.06, 0.12, -0.05, 0.05, 0.0
2704.0, 2751.0, 3571.0, 3263.0, 2869.0, 9.82, 2.2, 0.34, 0.02, 0.06, -0.01
2703.0, 2750.0, 3575.0, 3264.0, 2869.0, 9.75, 2.36, 0.34, -0.1, -0.04, 0.06
2703.0, 2747.0, 3569.0, 3259.0, 2870.0, 9.66, 2.18, 0.16, -0.01, 0.04, 0.02
2704.0, 2749.0, 3569.0, 3261.0, 2869.0, 9.89, 1.85, 0.35, 0.1, -0.13, -0.04
2704.0, 2748.0, 3570.0, 3263.0, 2869.0, 9.89, 1.71, 0.15, -0.02, -0.05, -0.05
2705.0, 2747.0, 3568.0, 3261.0, 2880.0, 9.98, 1.97, -0.21, -0.03, -0.03, 0.03
2701.0, 2746.0, 3568.0, 3257.0, 2870.0, 9.87, 1.95, 0.31, 0.02, -0.03, 0.01
