2692.0, 2679.0, 3260.0, 2980.0, 2769.0, 3.03, 3.64, 8.57, 0.01, -0.05, -0.01
2693.0, 2679.0, 3259.0, 2992.0, 2768.0, 3.07, 3.62, 8.55, 0.01, -0.02, -0.01
2693.0, 2679.0, 3259.0, 2983.0, 2768.0, 3.08, 3.51, 8.55, -0.0, -0.04, -0.01
2697.0, 2678.0, 3259.0, 2981.0, 2769.0, 3.08, 3.62, 8.57, 0.01, -0.03, -0.01
2693.0, 2678.0, 3253.0, 2979.0, 2768.0, 3.05, 3.5, 8.66, 0.0, -0.03, -0.0
2694.0, 2683.0, 3262.0, 2983.0, 2771.0, 3.03, 3.64, 8.65, 0.01, -0.02, -0.0
2693.0, 2679.0, 3261.0, 2983.0, 2774.0, 3.08, 3.62, 8.57, 0.01, -0.03, -0.01
2695.0, 2678.0, 3250.0, 2982.0, 2774.0, 3.06, 3.66, 8.82, 0.01, -0.04, 0.02
2694.0, 2688.0, 3274.0, 2989.0, 2771.0, 3.09, 4.76, 9.33, -0.21, -0.31, 0.25
2706.0, 2704.0, 3286.0, 3002.0, 2791.0, 3.74, 4.6, 11.45, 0.83, -0.85, 0.21
2714.0, 2718.0, 3310.0, 3024.0, 2800.0, 4.21, 5.62, 11.98, 1.16, -1.65, 0.47
2717.0, 2726.0, 3335.0, 3043.0, 2813.0, 5.63, 4.03, 9.75, 0.44, -2.61, 0.8
2720.0, 2727.0, 3363.0, 3063.0, 2825.0, 5.95, 3.01, 8.78, -0.28, -3.35, 1.02
2724.0, 2724.0, 3409.0, 3087.0, 2848.0, 6.81, 2.14, 5.11, -1.2, -3.52, 0.88
2717.0, 2729.0, 3438.0, 3130.0, 2840.0, 6.61, 1.94, 2.94, -1.75, -3.42, 0.52
2720.0, 2736.0, 3475.0, 3167.0, 2859.0, 7.83, 1.59, 0.69, -2.23, -2.99, 0.33
2718.0, 2747.0, 3502.0, 3200.0, 2879.0, 8.06, 1.92, -0.85, -2.08, -1.9, -0.01
2706.0, 2742.0, 3523.0, 3248.0, 2870.0, 9.09, 3.65, -1.4, -1.71, -1.73, -0.14
2688.0, 2733.0, 3523.0, 3262.0, 2868.0, 8.82, 2.68, -1.33, -1.3, -1.39, -0.27
2701.0, 2738.0, 3549.0, 3282.0, 2864.0, 7.47, 2.03, -1.77, -1.37, -1.22, 0.04
2688.0, 2736.0, 3563.0, 3294.0, 2858.0, 9.22, 2.21, -2.74, -0.77, -0.84, -0.21
2681.0, 2746.0, 3581.0, 3303.0, 2853.0, 8.69, 3.51, -3.12, -0.56, -0.9, 0.04
2675.0, 2741.0, 3612.0, 3330.0, 2852.0, 8.51, 3.03, -3.54, -0.36, -0.54, -0.21
2677.0, 2745.0, 3629.0, 3344.0, 2862.0, 8.54, 2.83, -3.01, -0.35, -0.48, 0.07
2673.0, 2749.0, 3649.0, 3350.0, 2862.0, 9.27, 2.78, -4.12, -0.17, -0.14, -0.04
2675.0, 2751.0, 3650.0, 3354.0, 2862.0, 9.43, 2.98, -4.16, -0.06, -0.16, -0.02
2674.0, 2752.0, 3655.0, 3362.0, 2864.0, 8.73, 3.18, -3.16, 0.0, -0.47, 0.08
2678.0, 2757.0, 3656.0, 3353.0, 2866.0, 8.76, 2.43, -3.8, -0.06, -0.01, -0.15
2677.0, 2750.0, 3645.0, 3345.0, 2869.0, 9.44, 2.43, -4.32, 0.05, -0.06, -0.02
2677.0, 2752.0, 3639.0, 3344.0, 2870.0, 9.08, 2.59, -3.66, -0.01, -0.17, 0.0
2673.0, 2748.0, 3634.0, 3342.0, 2864.0, 8.92, 2.6, -3.66, 0.01, -0.0, -0.12
2674.0, 2750.0, 3632.0, 3344.0, 2864.0, 9.43, 2.36, -3.98, -0.11, -0.11, -0.03
2672.0, 2747.0, 3631.0, 3341.0, 2864.0, 8.43, 3.67, -3.84, 0.06, -0.04, 0.08
2673.0, 2747.0, 3631.0, 3334.0, 2863.0, 8.8, 3.09, -3.95, 0.05, 0.08, -0.05
2672.0, 2743.0, 3621.0, 3331.0, 2864.0, 9.2, 2.84, -3.75, 0.1, 0.03, -0.02
2672.0, 2742.0, 3624.0, 3328.0, 2862.0, 8.98, 2.73, -3.86, 0.07, -0.05, 0.05
2672.0, 2741.0, 3621.0, 3329.0, 2859.0, 9.0, 2.87, -3.73, 0.09, 0.02, -0.05
2672.0, 2741.0, 3632.0, 3325.0, 2859.0, 9.17, 2.66, -3.84, -0.02, -0.06, 0.0
2671.0, 2741.0, 3615.0, 3329.0, 2862.0, 9.02, 2.87, -3.59, 0.02, -0.08, 0.0
2672.0, 2738.0, 3616.0, 3325.0, 2858.0, 8.89, 2.67, -4.02, -0.03, -0.09, 0.02
2671.0, 2736.0, 3615.0, 3322.0, 2857.0, 8.93, 2.62, -3.9, 0.03, -0.09, -0.04
2672.0, 2737.0, 3616.0, 3327.0, 2857.0, 8.71, 3.07, -3.93, 0.13, -0.01, -0.03
2651.0, 2736.0, 3607.0, 3315.0, 2853.0, 9.17, 2.58, -4.09, 0.06, 0.04, -0.05
2657.0, 2736.0, 3615.0, 3318.0, 2855.0, 9.2, 2.84, -3.73, 0.07, -0.06, 0.02
2670.0, 2737.0, 3606.0, 3319.0, 2852.0, 8.97, 2.77, -3.96, 0.02, 0.04, -0.04
2669.0, 2737.0, 3603.0, 3314.0, 2863.0, 9.17, 2.65, -4.06, 0.08, 0.01, -0.06
2669.0, 2736.0, 3602.0, 3310.0, 2851.0, 8.99, 2.94, -3.8, -0.04, -0.04, 0.0
2672.0, 2736.0, 3604.0, 3313.0, 2850.0, 9.06, 2.82, -4.09, 0.04, 0.04, -0.07
2669.0, 2736.0, 3601.0, 3312.0, 2850.0, 9.01, 3.01, -3.75, 0.08, -0.05, 0.0
2666.0, 2718.0, 3629.0, 3312.0, 2859.0, 8.82, 2.95, -3.83, 0.06, 0.01, -0.05
