2384.0, 3289.0, 3344.0, 3219.0, 3397.0, 9.1, 2.68, -3.78, 0.05, -0.0, -0.04
2386.0, 3283.0, 3344.0, 3216.0, 3392.0, 8.88, 2.79, -3.73, -0.01, 0.01, -0.08
2398.0, 3283.0, 3349.0, 3238.0, 3429.0, 9.08, 3.04, -3.82, 0.07, -0.06, -0.04
2389.0, 3257.0, 3334.0, 3216.0, 3392.0, 8.97, 2.84, -3.9, 0.03, 0.01, -0.04
2391.0, 3261.0, 3335.0, 3221.0, 3376.0, 9.08, 2.7, -3.62, -0.0, -0.06, -0.02
2403.0, 3246.0, 3335.0, 3215.0, 3392.0, 8.94, 2.9, -3.76, -0.02, -0.02, -0.01
2401.0, 3253.0, 3331.0, 3213.0, 3388.0, 8.87, 2.93, -3.68, 0.0, -0.04, 0.0
2385.0, 3249.0, 3341.0, 3207.0, 3387.0, 8.91, 2.89, -3.89, 0.01, -0.02, -0.01
2387.0, 3230.0, 3333.0, 3213.0, 3385.0, 8.99, 2.98, -3.85, 0.01, -0.03, 0.03
2384.0, 3239.0, 3328.0, 3215.0, 3377.0, 9.0, 2.64, -3.72, 0.01, -0.0, -0.01
2385.0, 3270.0, 3335.0, 3210.0, 3383.0, 9.09, 2.77, -3.63, 0.01, -0.03, 0.0
2385.0, 3248.0, 3340.0, 3216.0, 3340.0, 9.07, 2.72, -3.69, 0.0, -0.03, 0.02
2391.0, 3243.0, 3328.0, 3206.0, 3376.0, 8.96, 2.81, -3.69, -0.01, -0.05, -0.04
2391.0, 3232.0, 3371.0, 3184.0, 3381.0, 9.03, 2.77, -3.64, -0.01, -0.05, 0.01
2391.0, 3227.0, 3330.0, 3201.0, 3381.0, 8.92, 2.92, -3.73, 0.01, 0.0, -0.03
2389.0, 3227.0, 3331.0, 3206.0, 3380.0, 8.94, 2.81, -3.81, 0.03, -0.04, 0.0
2399.0, 3232.0, 3330.0, 3202.0, 3379.0, 8.99, 2.84, -3.74, 0.02, 0.0, -0.02
2399.0, 3244.0, 3321.0, 3205.0, 3376.0, 9.07, 2.9, -3.58, 0.02, -0.04, -0.0
2398.0, 3243.0, 3329.0, 3203.0, 3376.0, 8.99, 2.69, -3.82, 0.02, -0.02, -0.03
2405.0, 3230.0, 3321.0, 3213.0, 3381.0, 9.1, 2.87, -3.67, 0.01, -0.04, -0.01
2400.0, 3217.0, 3326.0, 3101.0, 3376.0, 9.0, 2.87, -3.73, 0.0, -0.03, -0.02
2407.0, 3223.0, 3328.0, 3199.0, 3374.0, 8.93, 2.96, -3.68, -0.02, -0.04, -0.02
2405.0, 3219.0, 3326.0, 3201.0, 3379.0, 8.97, 2.94, -3.76, 0.01, -0.02, -0.03
2406.0, 3222.0, 3348.0, 3184.0, 3366.0, 8.89, 2.83, -3.76, -0.01, -0.02, -0.0
2413.0, 3218.0, 3326.0, 3193.0, 3378.0, 8.92, 2.88, -3.7, 0.04, -0.04, -0.02
2407.0, 3211.0, 3321.0, 3199.0, 3373.0, 8.91, 3.04, -3.77, 0.02, 0.0, -0.03
2411.0, 3215.0, 3323.0, 3195.0, 3366.0, 9.0, 2.94, -3.74, 0.06, -0.04, 0.0
2402.0, 3216.0, 3323.0, 3191.0, 3367.0, 8.96, 2.92, -3.65, 0.0, 0.0, 0.0
2406.0, 3219.0, 3327.0, 3191.0, 3376.0, 8.99, 2.94, -3.71, 0.04, -0.03, -0.0
2405.0, 3207.0, 3317.0, 3188.0, 3376.0, 8.99, 2.84, -3.63, 0.02, -0.04, -0.01
2407.0, 3210.0, 3317.0, 3183.0, 3372.0, 9.06, 2.83, -3.63, 0.02, -0.03, -0.01
2415.0, 3199.0, 3312.0, 3184.0, 3369.0, 8.98, 2.8, -3.62, 0.02, -0.05, -0.01
2409.0, 3218.0, 3330.0, 3185.0, 3356.0, 9.05, 2.84, -3.68, 0.01, -0.01, -0.01
2405.0, 3215.0, 3316.0, 3222.0, 3368.0, 9.08, 2.81, -3.68, 0.02, -0.04, -0.02
2390.0, 3211.0, 3317.0, 3194.0, 3373.0, 9.07, 2.83, -3.68, 0.02, -0.03, -0.02
2403.0, 3209.0, 3311.0, 3187.0, 3360.0, 8.95, 2.94, -3.6, 0.01, -0.04, -0.0
2410.0, 3207.0, 3328.0, 3186.0, 3366.0, 8.93, 3.1, -3.59, 0.05, -0.04, -0.05
2412.0, 3207.0, 3313.0, 3175.0, 3372.0, 8.93, 2.84, -3.81, 0.02, -0.02, -0.02
2411.0, 3217.0, 3313.0, 3185.0, 3366.0, 8.9, 2.93, -3.64, 0.03, -0.01, -0.02
2413.0, 3209.0, 3314.0, 3189.0, 3367.0, 8.98, 2.99, -3.68, 0.04, -0.02, -0.01
2401.0, 3211.0, 3312.0, 3187.0, 3360.0, 8.94, 2.88, -3.62, 0.01, -0.01, 0.01
2415.0, 3202.0, 3313.0, 3184.0, 3358.0, 8.95, 2.87, -3.45, 0.03, -0.03, -0.0
2425.0, 3207.0, 3312.0, 3187.0, 3371.0, 9.02, 2.84, -3.6, -0.01, -0.02, -0.01
2430.0, 3216.0, 3323.0, 3175.0, 3382.0, 9.01, 2.92, -3.67, 0.0, -0.05, 0.02
2414.0, 3221.0, 3299.0, 3184.0, 3366.0, 9.0, 2.87, -3.65, 0.01, -0.02, -0.01
2419.0, 3202.0, 3310.0, 3183.0, 3360.0, 9.06, 2.91, -3.56, 0.01, -0.03, 0.0
2419.0, 3200.0, 3313.0, 3181.0, 3365.0, 9.03, 2.73, -3.69, 0.03, -0.03, -0.02
2423.0, 3201.0, 3297.0, 3264.0, 3365.0, 9.08, 2.93, -3.5, -0.0, -0.02, 0.0
2421.0, 3201.0, 3311.0, 3184.0, 3365.0, 8.97, 2.88, -3.69, 0.0, -0.06, 0.05
2416.0, 3193.0, 3312.0, 3183.0, 3363.0, 9.0, 2.79, -3.52, -0.0, -0.01, -0.0
2417.0, 3203.0, 3303.0, 3178.0, 3369.0, 8.98, 2.94, -3.64, 0.01, -0.04, 0.03
2455.0, 3113.0, 3233.0, 3159.0, 3280.0, 9.4, 3.79, -0.47, 0.0, -0.05, -0.01
2459.0, 3120.0, 3227.0, 3161.0, 3279.0, 9.34, 3.9, -0.52, 0.01, -0.05, 0.01
2458.0, 3110.0, 3233.0, 3162.0, 3281.0, 9.3, 3.77, -0.49, 0.0, -0.05, 0.02
2449.0, 3108.0, 3232.0, 3161.0, 3282.0, 9.41, 3.67, -0.48, 0.0, -0.05, 0.04
2455.0, 3105.0, 3234.0, 3159.0, 3280.0, 9.38, 3.78, -0.47, -0.01, -0.06, 0.02
2461.0, 3106.0, 3233.0, 3157.0, 3278.0, 9.29, 3.61, -0.5, 0.02, -0.04, -0.0
2458.0, 3108.0, 3235.0, 3165.0, 3280.0, 9.36, 3.72, -0.53, 0.01, -0.04, -0.01
2456.0, 3107.0, 3235.0, 3162.0, 3281.0, 9.38, 3.68, -0.49, 0.03, -0.03, -0.01
2458.0, 3103.0, 3234.0, 3163.0, 3280.0, 9.42, 3.63, -0.42, 0.02, -0.02, -0.02
2458.0, 3107.0, 3233.0, 3159.0, 3278.0, 9.31, 3.74, -0.5, 0.01, -0.02, -0.03
2458.0, 3106.0, 3229.0, 3159.0, 3281.0, 9.36, 3.65, -0.45, 0.02, -0.02, -0.02
2458.0, 3105.0, 3233.0, 3159.0, 3280.0, 9.36, 3.78, -0.35, 0.04, -0.03, -0.04
2454.0, 3106.0, 3231.0, 3157.0, 3280.0, 9.35, 3.75, -0.44, 0.02, -0.03, -0.01
2455.0, 3103.0, 3231.0, 3159.0, 3281.0, 9.29, 3.78, -0.5, 0.03, -0.02, -0.01
2458.0, 3108.0, 3229.0, 3156.0, 3277.0, 9.34, 3.7, -0.46, 0.03, -0.04, -0.02
2461.0, 3107.0, 3235.0, 3158.0, 3265.0, 9.4, 3.7, -0.4, 0.02, -0.04, -0.01
2465.0, 3103.0, 3230.0, 3155.0, 3277.0, 9.42, 3.67, -0.44, 0.03, -0.05, 0.0
2461.0, 3106.0, 3233.0, 3154.0, 3278.0, 9.37, 3.78, -0.56, 0.0, -0.04, -0.01
2431.0, 3066.0, 3230.0, 3150.0, 3278.0, 9.42, 3.66, -0.36, 0.02, -0.04, -0.02
2459.0, 3103.0, 3229.0, 3152.0, 3277.0, 9.33, 3.68, -0.47, 0.02, -0.02, -0.03
2454.0, 3101.0, 3233.0, 3157.0, 3279.0, 9.36, 3.73, -0.36, 0.01, -0.03, -0.02
2458.0, 3103.0, 3233.0, 3152.0, 3279.0, 9.33, 3.74, -0.5, 0.02, -0.04, -0.0
2453.0, 3102.0, 3233.0, 3155.0, 3277.0, 9.36, 3.73, -0.46, 0.0, -0.04, -0.01
2458.0, 3101.0, 3230.0, 3157.0, 3280.0, 9.32, 3.77, -0.42, 0.02, -0.04, 0.0
2455.0, 3101.0, 3229.0, 3155.0, 3275.0, 9.4, 3.68, -0.4, 0.0, -0.04, 0.01
2453.0, 3102.0, 3231.0, 3153.0, 3279.0, 9.37, 3.76, -0.49, 0.0, -0.05, 0.02
2460.0, 3101.0, 3229.0, 3156.0, 3279.0, 9.3, 3.66, -0.45, 0.0, -0.04, 0.01
2454.0, 3091.0, 3225.0, 3154.0, 3276.0, 9.37, 3.78, -0.42, -0.0, -0.05, 0.02
2452.0, 3098.0, 3230.0, 3154.0, 3270.0, 9.35, 3.61, -0.53, -0.0, -0.05, 0.01
2452.0, 3102.0, 3227.0, 3152.0, 3278.0, 9.34, 3.71, -0.29, -0.0, -0.06, 0.02
2458.0, 3098.0, 3232.0, 3156.0, 3273.0, 9.38, 3.73, -0.52, -0.01, -0.07, 0.05
2455.0, 3094.0, 3226.0, 3153.0, 3291.0, 9.36, 3.66, -0.59, -0.0, -0.06, 0.04
2455.0, 3101.0, 3226.0, 3153.0, 3277.0, 9.43, 3.67, -0.45, 0.01, -0.05, 0.04
2457.0, 3101.0, 3223.0, 3152.0, 3269.0, 9.37, 3.46, -0.53, 0.02, -0.04, -0.01
2455.0, 3097.0, 3229.0, 3152.0, 3275.0, 9.43, 3.58, -0.58, -0.0, -0.04, 0.01
2459.0, 3098.0, 3225.0, 3152.0, 3271.0, 9.34, 3.65, -0.51, 0.01, -0.04, -0.01
2457.0, 3100.0, 3225.0, 3153.0, 3275.0, 9.36, 3.57, -0.57, 0.01, -0.04, -0.02
2454.0, 3103.0, 3227.0, 3152.0, 3274.0, 9.4, 3.51, -0.63, 0.01, -0.03, -0.02
2453.0, 3095.0, 3229.0, 3150.0, 3273.0, 9.43, 3.56, -0.54, 0.02, -0.04, -0.02
2451.0, 3103.0, 3221.0, 3146.0, 3271.0, 9.49, 3.6, -0.65, 0.01, -0.04, -0.01
2455.0, 3101.0, 3228.0, 3155.0, 3271.0, 9.46, 3.54, -0.44, 0.02, -0.04, -0.01
2455.0, 3099.0, 3228.0, 3152.0, 3274.0, 9.43, 3.59, -0.45, 0.0, -0.04, -0.01
2457.0, 3100.0, 3226.0, 3152.0, 3271.0, 9.4, 3.59, -0.49, 0.01, -0.05, -0.0
2452.0, 3098.0, 3221.0, 3152.0, 3251.0, 9.34, 3.68, -0.54, 0.01, -0.04, -0.01
2459.0, 3102.0, 3229.0, 3152.0, 3274.0, 9.37, 3.56, -0.48, 0.01, -0.03, -0.02
2457.0, 3095.0, 3223.0, 3152.0, 3282.0, 9.44, 3.63, -0.52, 0.01, -0.05, 0.0
2455.0, 3095.0, 3228.0, 3152.0, 3271.0, 9.36, 3.57, -0.64, -0.0, -0.03, -0.0
2454.0, 3113.0, 3220.0, 3130.0, 3274.0, 9.44, 3.69, -0.5, 0.01, -0.03, -0.01
2456.0, 3109.0, 3237.0, 3152.0, 3275.0, 9.45, 3.52, -0.57, 0.02, -0.04, 0.01
2496.0, 3097.0, 3231.0, 3147.0, 3270.0, 9.44, 3.58, -0.47, 0.0, -0.04, -0.01
