3376.0, 3361.0, 3774.0, 3670.0, 3206.0, 7.95, 6.16, -0.45, 0.2, 0.14, -0.08
3379.0, 3361.0, 3771.0, 3674.0, 3203.0, 7.82, 6.43, -0.2, 0.18, 0.08, -0.06
3390.0, 3362.0, 3777.0, 3659.0, 3205.0, 7.48, 6.46, -0.11, 0.12, 0.06, -0.06
3389.0, 3360.0, 3793.0, 3671.0, 3203.0, 7.48, 6.98, -0.15, 0.1, 0.06, -0.02
3386.0, 3363.0, 3775.0, 3666.0, 3210.0, 7.67, 6.65, -0.09, -0.02, 0.14, -0.01
3389.0, 3356.0, 3851.0, 3664.0, 3202.0, 7.76, 6.74, 0.12, -0.19, 0.02, 0.01
3387.0, 3363.0, 3839.0, 3664.0, 3162.0, 7.6, 6.52, 0.28, -0.17, -0.18, 0.05
3379.0, 3367.0, 3786.0, 3667.0, 3203.0, 7.55, 6.34, 0.13, -0.28, -0.25, 0.05
3387.0, 3363.0, 3783.0, 3664.0, 3203.0, 7.59, 5.93, 0.18, -0.36, -0.29, -0.02
3382.0, 3367.0, 3779.0, 3676.0, 3210.0, 7.89, 6.29, 0.0, -0.43, -0.41, 0.0
3382.0, 3369.0, 3766.0, 3667.0, 3201.0, 8.21, 6.1, -0.33, -0.43, -0.42, 0.05
3387.0, 3358.0, 3769.0, 3660.0, 3201.0, 8.53, 6.16, -0.64, -0.33, -0.49, 0.17
3385.0, 3367.0, 3823.0, 3663.0, 3201.0, 8.44, 5.61, -0.86, -0.24, -0.28, 0.26
3382.0, 3369.0, 3807.0, 3665.0, 3203.0, 8.37, 5.18, -0.68, -0.16, -0.34, 0.28
3381.0, 3371.0, 3869.0, 3661.0, 3206.0, 7.82, 4.76, -0.59, -0.11, -0.25, 0.15
3378.0, 3373.0, 3774.0, 3664.0, 3200.0, 8.43, 4.97, -1.18, -0.02, -0.28, 0.02
3376.0, 3372.0, 3771.0, 3663.0, 3200.0, 8.23, 4.98, -1.04, 0.04, -0.33, -0.09
3389.0, 3377.0, 3770.0, 3665.0, 3200.0, 8.3, 5.34, -1.42, 0.09, -0.15, -0.26
3356.0, 3376.0, 3767.0, 3663.0, 3199.0, 8.71, 5.8, -1.89, 0.14, -0.27, -0.22
3366.0, 3376.0, 3766.0, 3664.0, 3198.0, 8.27, 6.14, -1.73, 0.06, -0.22, -0.06
3364.0, 3376.0, 3765.0, 3663.0, 3198.0, 8.36, 5.86, -1.75, 0.14, -0.09, -0.05
3367.0, 3373.0, 3761.0, 3664.0, 3199.0, 8.39, 5.54, -2.41, 0.23, 0.08, -0.06
3362.0, 3372.0, 3753.0, 3664.0, 3199.0, 8.18, 5.89, -2.03, 0.34, 0.08, -0.0
3379.0, 3373.0, 3760.0, 3648.0, 3198.0, 7.89, 6.07, -2.0, 0.38, 0.16, -0.02
3367.0, 3376.0, 3760.0, 3664.0, 3200.0, 7.97, 6.08, -2.17, 0.28, 0.25, -0.02
3366.0, 3394.0, 3792.0, 3664.0, 3197.0, 7.78, 6.12, -1.63, 0.34, 0.11, 0.09
3367.0, 3435.0, 3764.0, 3664.0, 3195.0, 7.33, 6.03, -1.37, 0.25, 0.09, 0.01
3366.0, 3438.0, 3764.0, 3663.0, 3199.0, 7.3, 5.84, -1.02, 0.13, 0.33, -0.1
3364.0, 3427.0, 3774.0, 3661.0, 3199.0, 8.11, 5.69, -1.39, 0.04, 0.39, -0.2
3359.0, 3433.0, 3760.0, 3664.0, 3197.0, 8.15, 5.82, -0.69, 0.05, 0.25, -0.21
3361.0, 3440.0, 3756.0, 3664.0, 3197.0, 8.03, 6.18, -0.3, -0.14, 0.25, -0.2
3361.0, 3449.0, 3755.0, 3662.0, 3195.0, 8.2, 6.44, -0.38, -0.14, 0.04, -0.09
3371.0, 3462.0, 3760.0, 3664.0, 3195.0, 7.75, 6.19, 0.27, -0.14, -0.01, -0.02
3362.0, 3457.0, 3760.0, 3663.0, 3195.0, 7.89, 6.07, 0.16, -0.22, 0.09, 0.01
3363.0, 3456.0, 3761.0, 3664.0, 3197.0, 8.13, 6.04, -0.08, -0.15, -0.03, 0.05
3360.0, 3455.0, 3760.0, 3674.0, 3198.0, 7.99, 5.99, -0.12, -0.01, -0.07, 0.09
3360.0, 3454.0, 3755.0, 3664.0, 3194.0, 7.68, 5.89, 0.06, 0.04, -0.02, 0.05
3361.0, 3448.0, 3763.0, 3665.0, 3148.0, 7.8, 5.82, 0.03, 0.0, 0.04, -0.01
3358.0, 3449.0, 3830.0, 3663.0, 3197.0, 7.78, 6.0, 0.33, 0.03, -0.04, -0.02
3360.0, 3440.0, 3760.0, 3659.0, 3195.0, 7.78, 6.17, 0.56, 0.09, -0.22, 0.01
3359.0, 3440.0, 3753.0, 3663.0, 3195.0, 7.67, 6.1, 0.75, -0.1, -0.37, -0.01
3361.0, 3440.0, 3753.0, 3662.0, 3195.0, 7.59, 6.14, 1.07, -0.22, -0.39, 0.03
3375.0, 3446.0, 3760.0, 3651.0, 3202.0, 7.83, 6.38, 0.15, -0.18, -0.53, 0.09
3359.0, 3430.0, 3751.0, 3661.0, 3194.0, 8.1, 6.32, -1.0, -0.18, -0.55, 0.19
3360.0, 3450.0, 3751.0, 3663.0, 3194.0, 8.42, 5.73, -1.81, -0.07, -0.5, 0.33
3360.0, 3425.0, 3754.0, 3661.0, 3196.0, 8.28, 5.33, -2.11, 0.03, -0.33, 0.29
3362.0, 3426.0, 3751.0, 3660.0, 3197.0, 7.84, 4.33, -2.45, -0.06, -0.22, 0.1
3359.0, 3424.0, 3753.0, 3663.0, 3190.0, 7.51, 4.14, -2.6, -0.02, -0.22, -0.27
3344.0, 3429.0, 3751.0, 3649.0, 3205.0, 7.47, 5.51, -2.19, 0.01, -0.25, -0.48
3358.0, 3421.0, 3750.0, 3664.0, 3197.0, 7.8, 6.75, -2.34, -0.0, -0.22, -0.41
