3328.0, 3399.0, 3668.0, 3618.0, 3137.0, 8.05, 5.89, -3.22, 0.41, -0.16, 0.02
3337.0, 3399.0, 3664.0, 3619.0, 3133.0, 8.27, 6.12, -3.11, 0.42, -0.05, -0.0
3341.0, 3404.0, 3665.0, 3614.0, 3139.0, 8.45, 6.12, -2.72, 0.45, 0.05, 0.02
3338.0, 3402.0, 3671.0, 3617.0, 3136.0, 8.47, 6.44, -2.94, 0.41, 0.05, 0.09
3335.0, 3399.0, 3674.0, 3623.0, 3136.0, 8.14, 5.92, -2.95, 0.39, 0.26, 0.06
3333.0, 3399.0, 3673.0, 3618.0, 3139.0, 8.27, 5.77, -2.96, 0.28, 0.33, 0.13
3331.0, 3402.0, 3670.0, 3615.0, 3137.0, 7.97, 5.77, -1.75, 0.26, 0.4, 0.07
3333.0, 3399.0, 3676.0, 3616.0, 3138.0, 8.21, 5.35, -1.69, 0.05, 0.71, -0.15
3329.0, 3391.0, 3677.0, 3610.0, 3138.0, 8.3, 5.67, -1.44, 0.01, 0.61, -0.09
3327.0, 3394.0, 3685.0, 3613.0, 3133.0, 7.82, 5.59, -0.63, 0.17, 0.39, -0.08
3327.0, 3402.0, 3680.0, 3610.0, 3136.0, 7.24, 5.46, 0.31, -0.02, 0.7, -0.35
3334.0, 3387.0, 3687.0, 3613.0, 3136.0, 7.44, 6.45, 0.76, -0.47, 0.21, -0.2
3326.0, 3383.0, 3682.0, 3607.0, 3146.0, 6.83, 7.0, 2.31, -0.65, 0.03, -0.15
3319.0, 3378.0, 3685.0, 3605.0, 3136.0, 7.77, 6.53, 2.17, -0.69, 0.02, -0.2
3330.0, 3377.0, 3681.0, 3607.0, 3137.0, 8.06, 6.4, 1.41, -0.68, -0.44, 0.07
3328.0, 3376.0, 3682.0, 3605.0, 3136.0, 8.32, 5.47, 0.49, -0.49, -0.45, 0.1
3328.0, 3378.0, 3680.0, 3605.0, 3136.0, 8.44, 4.86, -0.06, -0.32, -0.47, 0.07
3330.0, 3376.0, 3677.0, 3610.0, 3136.0, 8.7, 4.76, -1.26, 0.02, -0.3, -0.01
3328.0, 3378.0, 3678.0, 3611.0, 3136.0, 8.57, 4.69, -1.61, 0.49, 0.14, -0.06
3329.0, 3378.0, 3675.0, 3607.0, 3134.0, 8.38, 4.86, -1.23, 0.5, 0.49, -0.23
3342.0, 3376.0, 3675.0, 3583.0, 3132.0, 7.93, 5.62, -0.22, 0.64, 0.58, -0.36
3337.0, 3394.0, 3667.0, 3602.0, 3136.0, 7.24, 6.79, 0.86, 0.57, 0.5, -0.34
3327.0, 3376.0, 3674.0, 3601.0, 3134.0, 6.88, 7.22, 2.27, 0.3, 0.4, -0.33
3330.0, 3376.0, 3678.0, 3600.0, 3134.0, 6.83, 7.6, 2.59, -0.02, 0.05, -0.23
3331.0, 3363.0, 3657.0, 3601.0, 3130.0, 7.36, 7.54, 2.31, -0.15, -0.36, -0.08
3344.0, 3376.0, 3673.0, 3604.0, 3134.0, 7.57, 7.63, 1.14, -0.26, -0.49, 0.06
3332.0, 3377.0, 3669.0, 3600.0, 3133.0, 7.84, 6.74, 0.27, -0.48, -0.44, 0.2
3333.0, 3378.0, 3670.0, 3602.0, 3131.0, 7.72, 6.21, -0.57, -0.48, -0.52, 0.25
3331.0, 3378.0, 3705.0, 3600.0, 3131.0, 7.75, 5.79, -1.05, -0.26, -0.37, 0.16
3329.0, 3376.0, 3669.0, 3602.0, 3131.0, 8.04, 5.67, -1.51, -0.13, -0.43, 0.17
3329.0, 3381.0, 3669.0, 3600.0, 3130.0, 8.05, 5.82, -1.72, 0.14, -0.24, 0.04
3330.0, 3383.0, 3665.0, 3600.0, 3130.0, 8.43, 5.93, -2.32, 0.12, -0.17, 0.05
3329.0, 3379.0, 3667.0, 3605.0, 3132.0, 8.37, 5.81, -2.08, 0.3, 0.12, 0.04
3328.0, 3380.0, 3666.0, 3601.0, 3133.0, 8.14, 5.83, -1.68, 0.25, 0.48, -0.1
3329.0, 3383.0, 3669.0, 3600.0, 3126.0, 7.87, 6.05, -1.68, 0.46, 0.6, -0.17
3327.0, 3383.0, 3668.0, 3602.0, 3131.0, 7.51, 6.34, -1.05, 0.59, 0.79, -0.21
3330.0, 3383.0, 3666.0, 3600.0, 3130.0, 7.6, 6.61, -0.27, 0.48, 0.91, -0.2
3329.0, 3379.0, 3669.0, 3599.0, 3129.0, 7.37, 6.83, 0.59, 0.41, 0.97, -0.19
3329.0, 3408.0, 3670.0, 3600.0, 3130.0, 7.02, 6.82, 1.96, 0.1, 0.82, -0.11
3329.0, 3382.0, 3666.0, 3583.0, 3130.0, 6.49, 7.22, 3.01, -0.09, 0.68, -0.13
3328.0, 3382.0, 3674.0, 3583.0, 3130.0, 6.65, 7.18, 4.31, -0.31, 0.3, -0.05
3328.0, 3377.0, 3749.0, 3598.0, 3127.0, 6.74, 7.37, 4.12, -0.27, -0.12, 0.03
3343.0, 3379.0, 3734.0, 3599.0, 3135.0, 6.88, 7.12, 3.25, -0.35, -0.45, 0.17
3329.0, 3381.0, 3743.0, 3597.0, 3125.0, 7.27, 6.74, 2.6, -0.54, -0.45, 0.24
3328.0, 3379.0, 3723.0, 3583.0, 3126.0, 7.51, 6.18, 2.32, -0.54, -0.54, 0.34
3328.0, 3383.0, 3712.0, 3599.0, 3115.0, 7.83, 6.43, 2.28, -0.8, -0.64, 0.46
3318.0, 3381.0, 3686.0, 3600.0, 3125.0, 9.13, 6.17, 2.05, -1.41, -0.57, 0.86
3355.0, 3380.0, 3741.0, 3583.0, 3126.0, 8.38, 4.85, 2.28, -1.96, -0.98, 1.06
3373.0, 3378.0, 3674.0, 3600.0, 3123.0, 7.82, 2.72, 2.07, -1.12, -0.42, 0.71
3329.0, 3383.0, 3671.0, 3600.0, 3129.0, 8.51, 0.91, 0.73, -2.21, -1.21, 0.55
