3151.0, 3428.0, 3691.0, 3552.0, 3206.0, 9.21, 3.83, -1.6, -0.02, 0.01, -0.03
3157.0, 3425.0, 3690.0, 3550.0, 3213.0, 9.28, 3.81, -1.64, 0.04, -0.02, -0.03
3155.0, 3429.0, 3696.0, 3550.0, 3206.0, 9.05, 3.94, -1.32, -0.05, 0.04, -0.04
3155.0, 3424.0, 3687.0, 3570.0, 3197.0, 9.41, 4.03, -1.5, 0.03, -0.03, 0.01
3161.0, 3427.0, 3686.0, 3551.0, 3207.0, 9.21, 3.7, -1.42, -0.06, 0.02, -0.03
3163.0, 3454.0, 3714.0, 3550.0, 3210.0, 9.3, 3.9, -1.51, -0.0, -0.01, -0.04
3159.0, 3430.0, 3686.0, 3549.0, 3206.0, 9.22, 3.94, -1.43, -0.03, 0.01, -0.03
3159.0, 3427.0, 3689.0, 3549.0, 3206.0, 9.25, 4.08, -1.56, 0.06, -0.01, -0.0
3159.0, 3419.0, 3687.0, 3543.0, 3209.0, 9.13, 3.9, -1.33, 0.03, 0.04, -0.03
3162.0, 3431.0, 3684.0, 3549.0, 3205.0, 9.29, 3.67, -0.96, 0.07, -0.06, 0.03
3174.0, 3437.0, 3693.0, 3554.0, 3216.0, 9.3, 3.84, -1.1, 0.09, -0.13, 0.01
3174.0, 3438.0, 3692.0, 3553.0, 3215.0, 9.22, 3.7, -1.79, 0.06, -0.11, -0.04
3158.0, 3424.0, 3675.0, 3545.0, 3201.0, 9.36, 3.91, -1.82, -0.04, -0.05, -0.05
3173.0, 3433.0, 3689.0, 3550.0, 3214.0, 9.06, 4.12, -1.42, 0.03, -0.02, -0.04
3173.0, 3431.0, 3691.0, 3553.0, 3215.0, 9.22, 3.94, -1.48, 0.01, 0.0, -0.01
3174.0, 3437.0, 3692.0, 3552.0, 3216.0, 9.12, 3.93, -1.54, 0.01, 0.02, 0.01
3174.0, 3431.0, 3691.0, 3553.0, 3215.0, 9.24, 3.82, -1.58, 0.06, -0.01, -0.01
3175.0, 3434.0, 3689.0, 3554.0, 3216.0, 9.31, 3.75, -1.6, 0.02, -0.01, -0.01
3173.0, 3430.0, 3689.0, 3553.0, 3213.0, 9.2, 4.03, -1.57, 0.07, -0.02, -0.02
3161.0, 3421.0, 3679.0, 3543.0, 3201.0, 9.18, 4.02, -1.44, 0.08, -0.02, -0.02
3178.0, 3431.0, 3688.0, 3553.0, 3214.0, 9.22, 3.98, -1.14, 0.13, -0.0, -0.01
3175.0, 3433.0, 3694.0, 3551.0, 3213.0, 9.25, 3.74, -1.52, 0.09, -0.06, 0.02
3179.0, 3430.0, 3687.0, 3559.0, 3216.0, 9.31, 3.64, -1.6, 0.06, -0.04, 0.02
3178.0, 3431.0, 3686.0, 3550.0, 3213.0, 9.25, 3.73, -1.73, 0.01, -0.05, -0.06
3177.0, 3435.0, 3690.0, 3550.0, 3213.0, 9.1, 3.94, -1.48, 0.04, -0.06, -0.0
3177.0, 3431.0, 3682.0, 3552.0, 3215.0, 9.24, 3.83, -1.67, -0.01, -0.01, -0.05
3169.0, 3423.0, 3677.0, 3543.0, 3201.0, 9.16, 4.03, -1.42, 0.05, -0.04, -0.01
3168.0, 3423.0, 3681.0, 3543.0, 3201.0, 9.12, 3.97, -1.67, 0.07, -0.04, -0.04
3169.0, 3426.0, 3680.0, 3541.0, 3204.0, 9.19, 3.92, -1.84, 0.03, -0.02, 0.01
3170.0, 3440.0, 3679.0, 3541.0, 3201.0, 9.16, 3.99, -1.59, 0.05, 0.01, -0.01
3171.0, 3427.0, 3680.0, 3539.0, 3203.0, 9.29, 3.74, -1.51, 0.04, -0.04, -0.01
3183.0, 3440.0, 3665.0, 3539.0, 3199.0, 9.24, 3.77, -1.43, 0.03, -0.05, -0.02
3171.0, 3423.0, 3680.0, 3541.0, 3207.0, 9.21, 3.97, -1.7, 0.03, -0.04, -0.03
3155.0, 3414.0, 3678.0, 3539.0, 3217.0, 9.17, 3.88, -1.52, 0.02, -0.05, -0.01
3181.0, 3418.0, 3682.0, 3536.0, 3202.0, 9.21, 3.87, -1.48, 0.02, -0.01, -0.03
3177.0, 3426.0, 3681.0, 3540.0, 3203.0, 9.21, 3.95, -1.62, 0.02, -0.03, -0.0
3174.0, 3419.0, 3675.0, 3546.0, 3182.0, 9.17, 3.9, -1.64, 0.05, -0.01, -0.04
3175.0, 3430.0, 3680.0, 3538.0, 3206.0, 9.26, 3.92, -1.61, -0.01, 0.03, -0.02
3172.0, 3427.0, 3683.0, 3547.0, 3207.0, 9.05, 3.98, -1.51, 0.02, 0.01, -0.01
3171.0, 3426.0, 3686.0, 3546.0, 3217.0, 9.26, 3.98, -1.47, 0.01, 0.03, -0.04
