3292.0, 3334.0, 3404.0, 3274.0, 2838.0, 8.43, 3.82, -4.34, 0.01, -0.04, -0.01
3294.0, 3333.0, 3403.0, 3273.0, 2837.0, 8.35, 3.81, -4.33, 0.02, -0.03, -0.02
3297.0, 3333.0, 3402.0, 3275.0, 2835.0, 8.32, 3.78, -4.38, 0.01, -0.05, -0.01
3297.0, 3334.0, 3401.0, 3277.0, 2837.0, 8.37, 3.81, -4.35, 0.02, -0.04, -0.02
3296.0, 3338.0, 3383.0, 3273.0, 2845.0, 8.42, 3.83, -4.36, 0.02, -0.06, 0.0
3285.0, 3338.0, 3399.0, 3267.0, 2841.0, 8.33, 3.81, -4.4, 0.02, -0.05, -0.03
3295.0, 3329.0, 3395.0, 3277.0, 2836.0, 8.32, 3.81, -4.4, 0.03, -0.04, -0.02
3297.0, 3334.0, 3401.0, 3277.0, 2831.0, 8.26, 3.77, -4.39, 0.02, -0.04, -0.01
3297.0, 3332.0, 3400.0, 3278.0, 2840.0, 8.13, 3.72, -4.66, 0.06, -0.0, -0.05
3296.0, 3334.0, 3401.0, 3280.0, 2835.0, 8.64, 3.55, -8.5, 0.38, 0.54, -0.15
3290.0, 3332.0, 3391.0, 3294.0, 2835.0, 8.04, 3.85, -5.54, 0.17, 0.7, -0.28
3266.0, 3307.0, 3363.0, 3281.0, 2837.0, 2.13, -0.55, 2.79, 0.32, 0.66, -0.82
3216.0, 3218.0, 3318.0, 3269.0, 2849.0, 7.56, 4.5, -1.58, 0.01, 1.66, -0.57
3187.0, 3153.0, 3290.0, 3303.0, 2883.0, 7.84, 4.7, -1.24, -0.42, 0.32, -0.14
3182.0, 3141.0, 3274.0, 3331.0, 2929.0, 8.69, 5.22, -1.18, 0.13, 0.32, -0.09
3187.0, 3151.0, 3277.0, 3387.0, 2986.0, 8.34, 5.07, -1.18, 0.56, -0.0, -0.03
3207.0, 3158.0, 3288.0, 3521.0, 3018.0, 9.12, 5.04, -1.81, 0.32, -0.52, 0.1
3183.0, 3180.0, 3283.0, 3575.0, 3039.0, 7.89, 5.29, -1.35, 0.16, -0.67, 0.1
3152.0, 3197.0, 3286.0, 3642.0, 3042.0, 8.41, 4.39, -2.08, -0.13, -1.22, 0.43
3127.0, 3209.0, 3273.0, 3673.0, 3045.0, 8.52, 4.5, -3.41, -0.3, -1.58, 0.2
3103.0, 3205.0, 3293.0, 3679.0, 3045.0, 7.77, 4.18, -3.84, -0.85, -1.44, 0.4
3101.0, 3213.0, 3249.0, 3681.0, 3040.0, 7.34, 4.22, -4.32, -0.62, -0.88, 0.37
3107.0, 3216.0, 3293.0, 3674.0, 3044.0, 7.08, 4.35, -5.67, -0.38, -0.64, 0.11
3116.0, 3216.0, 3269.0, 3664.0, 3053.0, 7.08, 5.14, -4.81, -0.38, -0.13, -0.18
3125.0, 3215.0, 3246.0, 3675.0, 3055.0, 7.71, 5.31, -6.1, -0.21, 0.47, -0.21
3145.0, 3211.0, 3223.0, 3684.0, 3060.0, 7.81, 5.09, -5.47, 0.26, 0.15, -0.04
3150.0, 3205.0, 3217.0, 3683.0, 3065.0, 7.58, 4.8, -4.01, 0.24, 0.09, -0.15
3152.0, 3204.0, 3216.0, 3683.0, 3059.0, 7.99, 4.32, -4.94, 0.09, 0.06, -0.12
3152.0, 3199.0, 3216.0, 3681.0, 3062.0, 7.57, 4.75, -4.81, 0.14, -0.15, 0.06
3152.0, 3199.0, 3216.0, 3678.0, 3062.0, 7.37, 4.83, -4.93, 0.16, -0.08, -0.05
3150.0, 3197.0, 3216.0, 3678.0, 3059.0, 7.63, 4.63, -5.31, 0.11, 0.01, 0.0
3151.0, 3190.0, 3213.0, 3679.0, 3061.0, 7.59, 4.54, -5.12, 0.1, -0.06, 0.03
3151.0, 3207.0, 3213.0, 3685.0, 3057.0, 7.53, 4.27, -5.01, 0.16, -0.02, -0.02
3138.0, 3189.0, 3216.0, 3675.0, 3045.0, 7.59, 4.82, -4.94, 0.22, -0.05, 0.02
3145.0, 3202.0, 3210.0, 3687.0, 3067.0, 7.46, 4.59, -5.27, 0.15, -0.06, 0.01
3138.0, 3198.0, 3202.0, 3687.0, 3063.0, 7.74, 4.22, -5.29, -0.01, -0.02, -0.01
3136.0, 3198.0, 3201.0, 3684.0, 3069.0, 7.63, 4.42, -5.19, -0.01, -0.04, -0.01
3125.0, 3185.0, 3189.0, 3679.0, 3047.0, 7.6, 4.36, -4.96, 0.06, -0.01, -0.08
3126.0, 3186.0, 3201.0, 3675.0, 3047.0, 7.53, 4.75, -5.12, 0.04, -0.01, -0.1
3114.0, 3200.0, 3202.0, 3681.0, 3058.0, 7.66, 4.41, -5.19, 0.13, -0.04, -0.08
3134.0, 3194.0, 3211.0, 3696.0, 3056.0, 7.4, 4.51, -5.17, 0.08, -0.04, 0.0
3131.0, 3183.0, 3199.0, 3677.0, 3045.0, 7.5, 4.41, -5.25, 0.08, -0.03, -0.04
3136.0, 3183.0, 3197.0, 3676.0, 3043.0, 7.71, 4.34, -5.17, 0.05, -0.06, 0.01
3131.0, 3184.0, 3198.0, 3675.0, 3043.0, 7.39, 4.4, -5.26, 0.02, -0.04, -0.03
3127.0, 3183.0, 3198.0, 3674.0, 3041.0, 7.72, 4.39, -5.55, -0.12, 0.03, -0.02
3131.0, 3184.0, 3200.0, 3671.0, 3043.0, 7.5, 4.49, -5.19, -0.04, -0.03, 0.0
3133.0, 3182.0, 3205.0, 3667.0, 3046.0, 7.43, 4.45, -5.18, 0.0, 0.0, -0.03
3131.0, 3181.0, 3215.0, 3671.0, 3053.0, 7.56, 4.39, -5.2, 0.05, -0.03, -0.01
3133.0, 3180.0, 3221.0, 3670.0, 3051.0, 7.52, 4.48, -4.98, 0.05, -0.03, -0.02
3135.0, 3181.0, 3228.0, 3671.0, 3049.0, 7.58, 4.51, -5.16, 0.05, -0.04, -0.03
3134.0, 3181.0, 3225.0, 3670.0, 3049.0, 7.47, 4.42, -5.25, 0.04, -0.04, -0.04
3134.0, 3181.0, 3286.0, 3677.0, 3049.0, 7.55, 4.5, -5.27, 0.01, -0.02, -0.02
