3120.0, 3219.0, 3312.0, 3230.0, 2775.0, 3.82, 3.04, 8.23, -0.03, -0.03, 0.03
3133.0, 3231.0, 3335.0, 3232.0, 2794.0, 3.69, 3.4, 8.26, -0.02, -0.07, 0.05
3131.0, 3230.0, 3333.0, 3232.0, 2791.0, 3.97, 2.95, 8.47, 0.04, -0.09, 0.02
3133.0, 3231.0, 3329.0, 3231.0, 2793.0, 3.99, 2.95, 8.42, -0.01, -0.0, -0.0
3131.0, 3231.0, 3331.0, 3231.0, 2795.0, 3.8, 3.3, 8.32, 0.05, -0.01, -0.01
3127.0, 3231.0, 3333.0, 3232.0, 2795.0, 3.74, 3.33, 8.37, 0.21, -0.01, -0.01
3132.0, 3231.0, 3331.0, 3233.0, 2794.0, 3.7, 3.69, 8.59, 0.74, 0.17, -0.19
3131.0, 3233.0, 3328.0, 3235.0, 2791.0, 3.25, 4.61, 8.57, 1.38, 0.43, -0.35
3131.0, 3233.0, 3328.0, 3243.0, 2796.0, 2.41, 6.09, 8.46, 1.54, 0.23, 0.23
3133.0, 3232.0, 3328.0, 3249.0, 2796.0, 1.84, 6.85, 8.01, 1.95, 0.07, 0.46
3135.0, 3231.0, 3325.0, 3262.0, 2799.0, 1.4, 7.96, 8.82, 2.11, 0.09, 1.35
3135.0, 3223.0, 3313.0, 3263.0, 2800.0, 1.62, 8.46, 7.9, 2.99, 0.1, 1.97
3138.0, 3207.0, 3300.0, 3265.0, 2802.0, 2.63, 7.79, 6.65, 3.53, 1.19, 2.27
3136.0, 3183.0, 3278.0, 3290.0, 2811.0, 3.18, 8.68, 4.8, 3.8, 1.18, 2.37
3135.0, 3161.0, 3259.0, 3367.0, 2831.0, 4.83, 6.88, 3.93, 3.06, 0.74, 2.55
3139.0, 3145.0, 3239.0, 3417.0, 2845.0, 6.68, 5.1, 2.7, 3.31, 0.43, 2.21
3153.0, 3137.0, 3359.0, 3450.0, 2873.0, 7.99, 3.23, 1.16, 3.48, 0.0, 1.73
3176.0, 3134.0, 3271.0, 3467.0, 2899.0, 8.97, 3.23, 0.01, 3.35, -0.06, 1.33
3166.0, 3131.0, 3259.0, 3511.0, 2942.0, 9.59, 1.27, -1.02, 3.36, -0.39, 0.76
3184.0, 3153.0, 3291.0, 3559.0, 2986.0, 9.98, 1.31, -2.26, 2.38, -0.18, 0.32
3183.0, 3165.0, 3317.0, 3654.0, 3005.0, 9.54, 1.07, -2.83, 1.93, 0.14, -0.38
3183.0, 3170.0, 3319.0, 3706.0, 3011.0, 9.78, 1.26, -2.81, 0.85, 0.2, -0.32
3177.0, 3174.0, 3328.0, 3728.0, 3026.0, 8.84, 3.22, -2.68, 0.68, -0.17, -0.75
3165.0, 3173.0, 3322.0, 3735.0, 3036.0, 8.76, 3.07, -3.82, 0.79, -0.05, -0.74
3142.0, 3175.0, 3323.0, 3740.0, 3041.0, 9.08, 2.52, -3.25, 0.44, -0.21, -0.43
3137.0, 3173.0, 3319.0, 3735.0, 3059.0, 8.95, 3.8, -3.58, 0.15, 0.12, -0.41
3141.0, 3167.0, 3308.0, 3728.0, 3109.0, 9.37, 3.01, -3.72, 0.0, 0.14, -0.31
3136.0, 3166.0, 3290.0, 3731.0, 3195.0, 9.19, 3.88, -3.86, -0.17, 0.42, -0.29
3138.0, 3162.0, 3281.0, 3728.0, 3258.0, 8.9, 3.72, -3.39, -0.39, 0.0, 0.0
3146.0, 3163.0, 3294.0, 3722.0, 3282.0, 8.57, 4.21, -3.44, -0.09, -0.01, 0.09
3155.0, 3159.0, 3299.0, 3714.0, 3280.0, 8.7, 4.21, -3.84, 0.09, -0.05, 0.02
3159.0, 3158.0, 3298.0, 3714.0, 3275.0, 8.59, 3.89, -3.66, 0.12, -0.06, -0.02
3166.0, 3153.0, 3280.0, 3707.0, 3266.0, 8.86, 3.66, -4.03, 0.09, 0.06, 0.0
3168.0, 3152.0, 3278.0, 3703.0, 3261.0, 8.62, 3.71, -3.51, 0.03, -0.17, 0.13
3163.0, 3152.0, 3265.0, 3711.0, 3251.0, 8.94, 3.34, -4.0, 0.29, 0.09, -0.12
3162.0, 3151.0, 3262.0, 3712.0, 3242.0, 8.69, 3.7, -3.89, 0.01, -0.3, 0.19
3153.0, 3145.0, 3262.0, 3714.0, 3235.0, 8.28, 3.79, -3.82, 0.0, -0.04, -0.06
3142.0, 3145.0, 3263.0, 3715.0, 3230.0, 8.95, 3.42, -4.03, -0.08, 0.0, 0.02
3136.0, 3147.0, 3259.0, 3712.0, 3222.0, 8.76, 3.7, -4.0, -0.02, -0.16, -0.02
3135.0, 3145.0, 3255.0, 3715.0, 3222.0, 8.26, 3.92, -3.68, 0.07, -0.07, -0.06
3136.0, 3143.0, 3255.0, 3714.0, 3216.0, 8.0, 3.55, -3.87, 0.1, -0.01, -0.11
3130.0, 3141.0, 3249.0, 3713.0, 3211.0, 7.52, 3.53, -4.53, 0.37, -0.1, -0.61
3131.0, 3145.0, 3253.0, 3718.0, 3207.0, 8.47, 3.79, -3.71, -0.14, -0.19, -0.38
3131.0, 3146.0, 3257.0, 3711.0, 3203.0, 9.17, 4.12, -4.43, -0.23, -0.12, -0.34
3129.0, 3142.0, 3258.0, 3712.0, 3199.0, 9.16, 4.55, -4.51, -0.19, -0.11, -0.2
3134.0, 3143.0, 3263.0, 3712.0, 3190.0, 8.81, 4.79, -3.85, -0.33, -0.17, 0.22
3127.0, 3142.0, 3259.0, 3713.0, 3183.0, 8.59, 4.63, -4.16, -0.16, -0.18, 0.1
3129.0, 3147.0, 3259.0, 3712.0, 3175.0, 7.86, 4.42, -4.63, 0.02, -0.32, 0.07
3130.0, 3142.0, 3250.0, 3712.0, 3169.0, 7.44, 3.96, -4.96, 0.08, 0.04, -0.06
3125.0, 3147.0, 3279.0, 3706.0, 3164.0, 7.91, 4.24, -4.35, -0.07, 0.05, 0.07
3124.0, 3147.0, 3390.0, 3701.0, 3161.0, 8.05, 4.38, -3.6, -0.04, 0.09, 0.02
3123.0, 3147.0, 3297.0, 3703.0, 3161.0, 8.45, 4.43, -3.93, 0.01, 0.02, -0.07
3122.0, 3146.0, 3305.0, 3709.0, 3162.0, 8.18, 4.79, -3.94, -0.04, -0.01, -0.07
3122.0, 3147.0, 3318.0, 3697.0, 3177.0, 8.1, 4.8, -3.87, -0.17, 0.04, -0.03
3124.0, 3153.0, 3350.0, 3696.0, 3202.0, 8.81, 4.79, -3.88, 0.08, -0.34, 0.09
3123.0, 3155.0, 3357.0, 3699.0, 3213.0, 8.35, 4.36, -3.95, 0.16, -0.2, 0.02
3121.0, 3154.0, 3362.0, 3695.0, 3216.0, 8.2, 3.98, -4.41, 0.02, -0.27, 0.14
3121.0, 3157.0, 3359.0, 3694.0, 3216.0, 7.85, 3.99, -4.73, 0.01, -0.17, 0.09
3120.0, 3153.0, 3359.0, 3696.0, 3213.0, 7.75, 3.97, -4.86, -0.02, -0.13, 0.06
3118.0, 3157.0, 3356.0, 3696.0, 3207.0, 7.68, 4.0, -4.61, 0.0, -0.07, -0.01
3123.0, 3153.0, 3354.0, 3696.0, 3205.0, 8.08, 4.25, -4.7, 0.02, -0.11, -0.06
3129.0, 3169.0, 3349.0, 3674.0, 3199.0, 8.01, 4.04, -4.64, 0.07, -0.12, -0.02
3123.0, 3159.0, 3355.0, 3705.0, 3200.0, 7.98, 4.42, -4.55, -0.06, -0.08, -0.05
3122.0, 3157.0, 3351.0, 3699.0, 3196.0, 8.94, 4.21, -4.26, -0.23, -0.06, 0.2
3120.0, 3155.0, 3350.0, 3699.0, 3194.0, 8.32, 4.67, -4.19, -0.26, -0.19, 0.04
