2894.0, 2819.0, 3583.0, 3309.0, 3085.0, 10.07, 0.7, -1.5, 0.01, -0.02, -0.01
2896.0, 2864.0, 3583.0, 3305.0, 3071.0, 9.98, 0.77, -1.55, 0.06, -0.02, -0.01
2891.0, 2852.0, 3600.0, 3307.0, 3071.0, 10.03, 0.65, -1.36, -0.01, -0.05, -0.0
2893.0, 2851.0, 3583.0, 3303.0, 3071.0, 9.96, 0.67, -1.44, 0.01, 0.0, -0.02
2892.0, 2864.0, 3583.0, 3307.0, 3071.0, 9.91, 0.9, -1.47, 0.03, -0.04, -0.01
2879.0, 2861.0, 3583.0, 3245.0, 3071.0, 10.02, 0.76, -1.37, -0.0, -0.01, -0.04
2890.0, 2864.0, 3583.0, 3303.0, 3071.0, 10.02, 0.68, -1.35, 0.04, -0.05, -0.0
2893.0, 2864.0, 3583.0, 3303.0, 3071.0, 9.89, 0.7, -1.46, -0.01, -0.08, 0.0
2892.0, 2871.0, 3583.0, 3310.0, 3080.0, 9.97, 0.82, -1.57, 0.0, -0.06, -0.03
2895.0, 2864.0, 3583.0, 3305.0, 3071.0, 9.96, 0.9, -1.45, 0.03, -0.0, -0.04
2889.0, 2863.0, 3583.0, 3302.0, 3071.0, 9.95, 0.84, -1.36, -0.0, -0.02, -0.01
2895.0, 2863.0, 3583.0, 3311.0, 3071.0, 9.98, 0.73, -1.47, 0.03, -0.02, 0.01
2889.0, 2862.0, 3573.0, 3306.0, 3071.0, 10.04, 0.69, -1.59, 0.0, -0.04, 0.02
2884.0, 2852.0, 3571.0, 3312.0, 3071.0, 10.05, 0.67, -1.5, 0.01, -0.05, 0.01
2890.0, 2863.0, 3583.0, 3307.0, 3071.0, 9.96, 0.75, -1.38, 0.0, -0.03, -0.01
2895.0, 2864.0, 3583.0, 3308.0, 3071.0, 10.08, 0.61, -1.36, 0.01, -0.03, -0.02
2893.0, 2863.0, 3583.0, 3310.0, 3071.0, 9.94, 0.7, -1.49, -0.01, -0.02, -0.03
2893.0, 2863.0, 3583.0, 3306.0, 3071.0, 9.92, 0.86, -1.5, 0.03, -0.03, -0.0
2887.0, 2863.0, 3583.0, 3305.0, 3071.0, 9.93, 0.82, -1.36, 0.01, -0.05, -0.01
2887.0, 2862.0, 3583.0, 3306.0, 3071.0, 9.99, 0.83, -1.52, 0.0, -0.05, 0.02
2886.0, 2861.0, 3583.0, 3302.0, 3070.0, 10.04, 0.72, -1.66, -0.02, -0.04, -0.01
2894.0, 2863.0, 3583.0, 3305.0, 3071.0, 10.02, 0.82, -1.53, 0.03, 0.0, -0.02
2891.0, 2862.0, 3583.0, 3307.0, 3070.0, 9.96, 0.76, -1.42, -0.0, -0.02, 0.0
2889.0, 2859.0, 3583.0, 3304.0, 3070.0, 10.0, 0.68, -1.38, 0.05, -0.0, -0.0
2890.0, 2859.0, 3583.0, 3310.0, 3067.0, 9.98, 0.53, -1.51, -0.02, -0.02, -0.0
2890.0, 2856.0, 3583.0, 3321.0, 3069.0, 9.99, 0.81, -1.48, 0.02, -0.01, 0.0
2887.0, 2860.0, 3583.0, 3307.0, 3069.0, 9.92, 0.77, -1.28, 0.03, -0.03, -0.02
2890.0, 2835.0, 3583.0, 3303.0, 3071.0, 9.98, 0.72, -1.35, 0.0, -0.03, -0.02
2891.0, 2859.0, 3583.0, 3303.0, 3070.0, 9.92, 0.69, -1.35, -0.02, -0.04, -0.02
2891.0, 2862.0, 3583.0, 3294.0, 3067.0, 10.01, 0.78, -1.28, -0.0, -0.03, 0.01
2887.0, 2859.0, 3583.0, 3304.0, 3069.0, 10.04, 0.76, -1.46, 0.01, -0.07, -0.01
2882.0, 2856.0, 3583.0, 3303.0, 3071.0, 9.98, 0.68, -1.36, 0.0, -0.03, -0.0
2887.0, 2861.0, 3583.0, 3312.0, 3069.0, 10.03, 0.69, -1.44, 0.04, -0.03, -0.02
2897.0, 2854.0, 3583.0, 3309.0, 3070.0, 9.94, 0.85, -1.32, 0.01, -0.03, -0.01
2881.0, 2857.0, 3583.0, 3310.0, 3069.0, 10.05, 0.57, -1.53, 0.01, -0.02, -0.01
2889.0, 2863.0, 3583.0, 3312.0, 3071.0, 10.1, 0.71, -1.56, 0.02, -0.05, 0.01
2886.0, 2861.0, 3583.0, 3310.0, 3056.0, 9.96, 0.68, -1.19, -0.03, -0.02, 0.01
2890.0, 2859.0, 3583.0, 3305.0, 3068.0, 10.03, 0.73, -1.23, 0.06, -0.0, -0.02
2889.0, 2861.0, 3583.0, 3308.0, 3068.0, 10.08, 0.67, -1.33, -0.03, -0.07, -0.01
2886.0, 2863.0, 3583.0, 3303.0, 3067.0, 10.03, 0.66, -1.46, 0.03, -0.02, 0.01
2882.0, 2851.0, 3583.0, 3317.0, 3071.0, 10.06, 0.63, -1.4, 0.02, -0.04, -0.03
2888.0, 2859.0, 3583.0, 3305.0, 3067.0, 10.01, 0.73, -1.36, 0.02, -0.06, -0.01
2890.0, 2853.0, 3607.0, 3303.0, 3061.0, 10.06, 0.64, -1.39, -0.01, -0.0, -0.02
2889.0, 2862.0, 3583.0, 3303.0, 3068.0, 10.01, 0.87, -1.31, 0.01, -0.05, 0.02
2885.0, 2861.0, 3579.0, 3306.0, 3069.0, 9.93, 0.65, -1.36, -0.01, -0.04, -0.01
2887.0, 2862.0, 3580.0, 3306.0, 3066.0, 10.03, 0.63, -1.34, 0.02, -0.02, -0.01
2883.0, 2858.0, 3582.0, 3307.0, 3065.0, 9.99, 0.7, -1.36, 0.02, -0.05, 0.0
2886.0, 2858.0, 3583.0, 3307.0, 3068.0, 9.97, 0.71, -1.36, 0.01, -0.01, 0.01
2887.0, 2858.0, 3583.0, 3305.0, 3071.0, 10.0, 0.73, -1.25, 0.03, -0.03, -0.01
2885.0, 2859.0, 3583.0, 3312.0, 3068.0, 9.99, 0.62, -1.31, 0.03, -0.04, -0.02
