3765.0, 3324.0, 3862.0, 3474.0, 3537.0, 2.75, 9.44, 6.8, -1.31, -0.28, -2.11
3723.0, 3326.0, 3865.0, 3477.0, 3536.0, 2.03, 12.15, 5.67, -0.76, -0.0, -0.32
3715.0, 3323.0, 3869.0, 3474.0, 3522.0, 2.27, 9.85, 4.87, 0.14, 0.98, 1.64
3722.0, 3312.0, 3863.0, 3471.0, 3534.0, 1.58, 5.93, 6.73, 0.63, 1.69, 3.09
3715.0, 3399.0, 3861.0, 3474.0, 3530.0, 1.36, -0.09, 8.97, 1.04, 2.52, 3.76
3727.0, 3323.0, 3872.0, 3477.0, 3525.0, 1.35, -4.04, 10.56, 1.37, 2.35, 3.12
3725.0, 3332.0, 3867.0, 3485.0, 3522.0, 3.71, -10.25, 15.63, 0.61, 1.89, 1.02
3751.0, 3331.0, 3866.0, 3482.0, 3521.0, 3.91, -10.47, 13.63, -0.24, 0.25, -2.02
3723.0, 3341.0, 3866.0, 3477.0, 3521.0, -0.19, -4.16, 11.82, -1.23, -0.74, -3.92
3746.0, 3337.0, 3865.0, 3474.0, 3520.0, -1.78, 3.37, 11.6, -1.48, -1.02, -3.63
3723.0, 3440.0, 3865.0, 3472.0, 3521.0, -0.79, 11.99, 11.78, -0.44, -0.53, -1.83
3713.0, 3319.0, 3862.0, 3477.0, 3520.0, 2.45, 8.75, 13.76, 0.88, -1.21, 0.97
3710.0, 3319.0, 3856.0, 3472.0, 3520.0, 3.31, 3.97, 11.8, 1.74, -1.88, 2.21
3712.0, 3337.0, 3863.0, 3475.0, 3520.0, 4.32, 0.58, 7.13, 2.73, -1.85, 2.47
3713.0, 3345.0, 3857.0, 3476.0, 3521.0, 4.45, 0.21, 5.21, 2.35, -1.45, 2.21
3713.0, 3323.0, 3865.0, 3476.0, 3520.0, 4.84, -1.28, 4.78, 1.67, -0.49, 1.77
3711.0, 3326.0, 3862.0, 3472.0, 3519.0, 4.41, -3.8, 8.4, 0.34, 0.08, 1.04
3708.0, 3327.0, 3861.0, 3487.0, 3515.0, 6.06, -6.83, 9.24, -0.49, -0.08, -0.35
3710.0, 3324.0, 3859.0, 3472.0, 3520.0, 6.17, -7.14, 9.78, -1.18, -0.2, -2.4
3712.0, 3343.0, 3858.0, 3474.0, 3520.0, 3.5, -0.56, 10.27, -1.28, -0.4, -3.34
3696.0, 3315.0, 3856.0, 3472.0, 3519.0, 2.57, 8.03, 7.32, -1.12, -0.94, -3.12
3740.0, 3311.0, 3856.0, 3469.0, 3515.0, 2.21, 11.35, 5.6, -0.79, -0.49, -1.66
3696.0, 3307.0, 3856.0, 3472.0, 3514.0, 2.54, 12.39, 3.36, -0.54, 0.22, 0.15
3695.0, 3255.0, 3847.0, 3463.0, 3515.0, 2.46, 9.66, 3.73, 0.24, 1.32, 1.88
3698.0, 3306.0, 3842.0, 3459.0, 3511.0, 1.28, 6.09, 5.56, 0.97, 2.19, 2.99
3704.0, 3309.0, 3845.0, 3461.0, 3505.0, 1.41, 0.45, 10.69, 1.17, 2.84, 3.31
3701.0, 3312.0, 3845.0, 3463.0, 3505.0, 2.29, -3.67, 13.5, 1.0, 2.31, 2.49
3701.0, 3312.0, 3845.0, 3465.0, 3508.0, 3.61, -6.96, 15.19, 0.52, 1.13, 0.68
3697.0, 3307.0, 3842.0, 3465.0, 3505.0, 3.1, -7.32, 15.09, -0.57, -0.21, -1.68
3701.0, 3312.0, 3847.0, 3465.0, 3504.0, 0.78, -3.51, 12.75, -1.0, -1.23, -3.49
3698.0, 3323.0, 3844.0, 3465.0, 3504.0, -1.8, 2.99, 8.59, -1.13, -0.9, -4.1
3697.0, 3311.0, 3846.0, 3461.0, 3504.0, -0.74, 8.07, 9.25, -0.29, -0.54, -2.75
3694.0, 3377.0, 3850.0, 3461.0, 3501.0, -0.34, 12.45, 10.82, -0.16, -0.74, -0.66
3696.0, 3289.0, 3855.0, 3467.0, 3504.0, 2.12, 9.8, 8.08, 0.88, -0.59, 1.04
3685.0, 3331.0, 3845.0, 3463.0, 3506.0, 2.69, 6.94, 7.69, 0.99, -0.66, 2.38
3683.0, 3327.0, 3846.0, 3459.0, 3500.0, 3.53, 2.47, 10.09, 1.15, -0.55, 2.98
3687.0, 3328.0, 3855.0, 3459.0, 3502.0, 3.71, 0.83, 7.96, 1.73, -0.64, 2.92
3691.0, 3335.0, 3845.0, 3463.0, 3498.0, 3.65, -1.18, 9.12, 1.26, -0.22, 2.21
3696.0, 3331.0, 3849.0, 3472.0, 3498.0, 4.8, -3.71, 8.83, 0.8, -0.59, 1.0
3766.0, 3323.0, 3845.0, 3461.0, 3500.0, 5.69, -5.75, 9.16, -0.51, -0.83, -0.54
3748.0, 3325.0, 3849.0, 3462.0, 3504.0, 6.32, -5.46, 9.81, -1.47, -0.88, -2.18
3757.0, 3326.0, 3849.0, 3460.0, 3501.0, 5.73, -3.42, 8.96, -1.51, -1.15, -3.46
3713.0, 3328.0, 3847.0, 3462.0, 3499.0, 2.11, 4.06, 8.76, -0.06, -0.57, -4.1
3729.0, 3323.0, 3853.0, 3462.0, 3499.0, -0.43, 12.96, 5.27, -0.78, -1.59, -2.38
3677.0, 3314.0, 3856.0, 3465.0, 3497.0, -0.51, 14.04, 3.0, -0.55, -0.29, -0.53
3673.0, 3313.0, 3849.0, 3463.0, 3491.0, 1.87, 10.27, 1.18, -1.18, 0.66, 1.26
3673.0, 3318.0, 3853.0, 3461.0, 3490.0, 1.71, 7.41, 3.93, -0.4, 1.8, 2.57
3687.0, 3312.0, 3853.0, 3466.0, 3491.0, 2.02, 2.83, 8.75, 0.44, 2.66, 3.3
3679.0, 3312.0, 3855.0, 3461.0, 3490.0, 2.64, 0.27, 11.15, 0.66, 2.3, 3.44
3664.0, 3313.0, 3852.0, 3463.0, 3499.0, 1.82, -1.76, 13.89, 1.03, 1.56, 2.47
