3638.0, 3345.0, 3891.0, 3484.0, 3486.0, 5.64, -2.91, 10.76, -1.08, -1.9, -2.83
3633.0, 3347.0, 3856.0, 3456.0, 3495.0, 1.49, 5.71, 8.1, -1.19, -2.6, -3.46
3649.0, 3341.0, 3854.0, 3472.0, 3490.0, 0.63, 10.77, 4.55, -0.81, -1.58, -2.31
3648.0, 3337.0, 3847.0, 3470.0, 3489.0, 1.39, 12.15, 2.31, -0.33, -0.53, -0.14
3647.0, 3335.0, 3851.0, 3470.0, 3485.0, 2.36, 9.5, 2.04, 0.54, 1.26, 1.67
3646.0, 3339.0, 3849.0, 3469.0, 3489.0, 2.77, 6.06, 3.92, 0.78, 2.27, 2.84
3648.0, 3343.0, 3851.0, 3469.0, 3486.0, 3.5, 2.25, 8.77, 1.21, 2.88, 2.89
3647.0, 3343.0, 3849.0, 3470.0, 3486.0, 5.86, -3.06, 12.84, 0.88, 2.72, 2.19
3646.0, 3343.0, 3852.0, 3471.0, 3484.0, 5.89, -3.93, 13.5, 0.41, 0.79, 0.59
3645.0, 3343.0, 3842.0, 3465.0, 3483.0, 6.28, -7.15, 14.53, -0.32, -0.45, -2.11
3642.0, 3341.0, 3849.0, 3472.0, 3479.0, 2.33, -2.56, 11.03, -0.85, -1.93, -4.17
3641.0, 3338.0, 3849.0, 3470.0, 3475.0, -0.67, 5.58, 8.59, -2.25, -2.05, -4.37
3643.0, 3354.0, 3843.0, 3467.0, 3477.0, -2.22, 12.46, 7.42, -1.5, -1.33, -2.74
3641.0, 3333.0, 3844.0, 3467.0, 3475.0, -2.59, 13.11, 8.37, 0.11, -0.15, 0.27
3648.0, 3341.0, 3843.0, 3468.0, 3474.0, 0.18, 9.73, 5.79, 1.0, 1.07, 2.45
3630.0, 3342.0, 3870.0, 3463.0, 3472.0, 0.96, 5.09, 7.39, 1.26, 1.42, 3.92
3643.0, 3342.0, 3845.0, 3472.0, 3477.0, 0.99, 3.0, 8.05, 1.53, 2.28, 3.89
3645.0, 3344.0, 3850.0, 3459.0, 3478.0, 3.08, -1.38, 11.33, 1.06, 1.76, 3.27
3646.0, 3346.0, 3843.0, 3465.0, 3478.0, 4.11, -3.31, 14.67, 0.42, 0.79, 1.84
3645.0, 3346.0, 3842.0, 3463.0, 3488.0, 4.77, -4.32, 14.91, 0.08, -0.79, -0.07
3646.0, 3347.0, 3842.0, 3466.0, 3472.0, 4.42, -4.82, 13.81, -0.39, -2.04, -2.1
3643.0, 3346.0, 3840.0, 3467.0, 3472.0, 2.56, -2.2, 11.37, -1.04, -3.28, -3.9
3647.0, 3348.0, 3843.0, 3469.0, 3474.0, -0.34, 4.93, 6.8, -1.68, -3.14, -4.37
3642.0, 3344.0, 3841.0, 3466.0, 3476.0, -2.54, 11.62, 5.68, -1.33, -1.76, -2.64
3646.0, 3342.0, 3842.0, 3469.0, 3474.0, -1.58, 12.93, 3.49, -0.32, -0.05, -0.02
3674.0, 3335.0, 3831.0, 3461.0, 3472.0, -0.09, 9.49, 3.78, 0.02, 1.33, 2.05
3637.0, 3343.0, 3835.0, 3461.0, 3472.0, 0.9, 5.5, 6.09, 0.65, 2.4, 3.46
3638.0, 3344.0, 3841.0, 3463.0, 3473.0, 1.91, 0.6, 9.38, 0.8, 3.02, 3.77
3637.0, 3387.0, 3845.0, 3463.0, 3473.0, 2.5, -2.77, 12.86, 0.58, 2.9, 2.8
3646.0, 3408.0, 3863.0, 3473.0, 3472.0, 4.66, -6.45, 14.33, 0.12, 1.31, 1.33
3642.0, 3349.0, 3857.0, 3470.0, 3472.0, 5.31, -8.54, 16.19, -0.66, -0.5, -1.84
3643.0, 3351.0, 3856.0, 3472.0, 3473.0, 0.86, -2.21, 13.29, -0.68, -1.87, -4.04
3658.0, 3344.0, 3856.0, 3462.0, 3479.0, -2.42, 6.05, 9.79, -0.78, -2.58, -4.03
3659.0, 3422.0, 3850.0, 3472.0, 3478.0, -1.73, 11.41, 7.0, -0.24, -1.52, -2.37
3647.0, 3340.0, 3842.0, 3464.0, 3472.0, 0.02, 12.0, 6.15, 0.74, -0.48, 0.34
3642.0, 3337.0, 3843.0, 3465.0, 3475.0, 1.31, 8.37, 6.74, 1.22, 0.55, 2.32
3669.0, 3334.0, 3844.0, 3467.0, 3472.0, 1.74, 4.26, 8.67, 1.63, 0.99, 3.26
3645.0, 3330.0, 3853.0, 3457.0, 3485.0, 3.68, -0.7, 11.01, 1.57, 1.02, 3.15
3646.0, 3344.0, 3841.0, 3463.0, 3472.0, 5.73, -3.63, 11.46, 0.73, -0.06, 1.96
3639.0, 3344.0, 3774.0, 3455.0, 3470.0, 7.38, -6.5, 11.04, 0.29, -0.72, -0.16
3648.0, 3342.0, 3840.0, 3459.0, 3472.0, 5.7, -5.24, 9.67, -1.2, -1.74, -2.68
3645.0, 3338.0, 3843.0, 3468.0, 3469.0, 1.89, 0.72, 8.14, -1.16, -2.13, -4.06
3651.0, 3354.0, 3851.0, 3467.0, 3479.0, -0.31, 8.74, 6.79, -1.83, -1.65, -3.47
3651.0, 3338.0, 3849.0, 3460.0, 3475.0, -0.7, 13.39, 5.78, -1.1, -0.56, -1.35
3648.0, 3334.0, 3847.0, 3466.0, 3474.0, 0.66, 11.5, 3.97, -0.07, 0.58, 1.1
3645.0, 3338.0, 3845.0, 3465.0, 3474.0, 0.96, 7.87, 4.91, 0.28, 1.83, 2.73
3641.0, 3329.0, 3845.0, 3458.0, 3467.0, 1.21, 3.52, 7.79, 0.92, 2.66, 3.47
3639.0, 3335.0, 3838.0, 3459.0, 3465.0, 2.86, -1.75, 10.26, 0.89, 2.9, 3.15
3648.0, 3344.0, 3835.0, 3460.0, 3466.0, 4.16, -5.57, 14.48, 0.32, 1.19, 1.39
3648.0, 3346.0, 3835.0, 3462.0, 3465.0, 5.64, -7.83, 16.03, -0.77, 0.09, -1.41
3646.0, 3344.0, 3841.0, 3460.0, 3462.0, 2.5, -3.92, 14.01, -0.95, -1.74, -3.47
