3725.0, 3360.0, 3923.0, 3942.0, 3574.0, -0.03, 7.83, 7.42, -1.1, -1.74, -3.7
3723.0, 3351.0, 3917.0, 3947.0, 3571.0, -2.23, 14.11, 5.45, -1.17, -0.94, -1.86
3718.0, 3347.0, 3921.0, 3935.0, 3573.0, -2.15, 14.74, 2.58, -0.46, 0.21, 0.78
3726.0, 3344.0, 3914.0, 3939.0, 3571.0, -1.18, 9.24, 3.4, 0.1, 1.91, 2.75
3718.0, 3346.0, 3920.0, 3945.0, 3570.0, -0.09, 4.51, 5.87, 0.31, 2.85, 3.56
3712.0, 3359.0, 3920.0, 3949.0, 3568.0, 3.53, -1.48, 11.21, 0.53, 3.24, 2.85
3728.0, 3375.0, 3929.0, 3957.0, 3578.0, 6.75, -6.83, 14.01, -0.09, 1.92, 1.19
3727.0, 3375.0, 3922.0, 3955.0, 3573.0, 6.3, -7.81, 14.48, -0.51, 0.48, -1.53
3723.0, 3372.0, 3923.0, 3947.0, 3572.0, 1.91, -4.82, 12.82, -0.15, -0.67, -4.18
3726.0, 3369.0, 3923.0, 3941.0, 3571.0, -2.72, 4.33, 10.76, -0.78, -1.63, -4.37
3718.0, 3361.0, 3917.0, 3947.0, 3569.0, -4.57, 13.39, 10.49, -0.37, -1.57, -2.83
3719.0, 3357.0, 3920.0, 3940.0, 3568.0, -3.44, 15.67, 9.7, 1.18, -1.29, 0.2
3718.0, 3358.0, 3915.0, 3941.0, 3568.0, -0.53, 10.95, 7.97, 2.18, -0.25, 2.52
3716.0, 3360.0, 3918.0, 3942.0, 3568.0, 0.45, 6.84, 7.75, 2.05, 0.19, 3.59
3718.0, 3361.0, 3919.0, 3940.0, 3568.0, 1.89, 1.64, 7.87, 1.93, 0.81, 3.7
3717.0, 3365.0, 3920.0, 3940.0, 3568.0, 4.3, -1.71, 7.49, 0.9, 0.5, 2.7
3715.0, 3374.0, 3919.0, 3949.0, 3568.0, 6.45, -5.06, 8.68, 0.27, 0.15, 0.67
3718.0, 3377.0, 3920.0, 3943.0, 3569.0, 6.99, -6.53, 10.45, -0.6, -0.84, -1.76
3717.0, 3375.0, 3917.0, 3941.0, 3568.0, 3.85, -1.47, 10.55, -0.54, -1.6, -3.7
3713.0, 3367.0, 3916.0, 3938.0, 3568.0, 0.51, 5.86, 7.86, -0.87, -2.02, -3.97
3715.0, 3362.0, 3920.0, 3941.0, 3566.0, -2.14, 12.63, 5.44, -1.4, -1.56, -2.66
3709.0, 3344.0, 3913.0, 3930.0, 3557.0, -3.14, 15.67, 3.24, -0.7, -0.23, -0.16
3706.0, 3344.0, 3910.0, 3926.0, 3555.0, -1.44, 11.42, 2.7, -0.01, 1.42, 2.03
3703.0, 3345.0, 3906.0, 3933.0, 3583.0, -1.28, 7.4, 4.97, 0.03, 2.41, 3.19
3703.0, 3347.0, 3911.0, 3933.0, 3558.0, 1.8, 0.69, 10.18, 0.59, 3.36, 3.18
3715.0, 3365.0, 3919.0, 3939.0, 3568.0, 3.86, -2.63, 12.41, -0.41, 2.04, 2.4
3711.0, 3369.0, 3919.0, 3945.0, 3568.0, 6.4, -6.51, 14.16, -0.06, 1.11, 0.03
3711.0, 3370.0, 3914.0, 3943.0, 3566.0, 5.36, -7.14, 11.88, -0.35, -0.41, -2.8
3709.0, 3367.0, 3915.0, 3940.0, 3562.0, -1.19, -0.86, 11.29, -0.35, -1.11, -4.37
3714.0, 3361.0, 3911.0, 3940.0, 3563.0, -4.42, 9.22, 10.85, -0.71, -1.81, -4.11
3708.0, 3433.0, 3916.0, 3934.0, 3561.0, -5.78, 16.46, 10.89, -0.04, -1.21, -1.64
3706.0, 3355.0, 3914.0, 3932.0, 3557.0, -3.11, 14.21, 8.43, 1.3, -0.54, 1.59
3707.0, 3349.0, 3913.0, 3927.0, 3556.0, -2.11, 9.29, 8.0, 1.55, 0.21, 3.53
3707.0, 3354.0, 3917.0, 3931.0, 3556.0, -0.17, 2.32, 8.58, 1.74, 0.88, 4.31
3710.0, 3360.0, 3910.0, 3936.0, 3559.0, 2.13, -2.02, 9.42, 0.84, 0.65, 3.66
3711.0, 3365.0, 3910.0, 3938.0, 3557.0, 5.7, -5.13, 10.12, 0.29, -0.05, 1.75
3708.0, 3373.0, 3911.0, 3940.0, 3558.0, 7.99, -7.07, 10.27, -0.18, -1.1, -0.83
3707.0, 3373.0, 3911.0, 3937.0, 3559.0, 5.08, -3.48, 9.04, -0.7, -1.91, -3.38
3707.0, 3362.0, 3905.0, 3934.0, 3557.0, -0.73, 5.32, 7.34, -1.07, -2.34, -4.09
3707.0, 3354.0, 3907.0, 3935.0, 3558.0, -2.68, 12.52, 5.0, -1.37, -1.75, -2.87
3705.0, 3354.0, 3909.0, 3931.0, 3554.0, -2.72, 14.87, 3.47, -0.45, 0.11, -0.54
3696.0, 3344.0, 3904.0, 3926.0, 3547.0, -0.68, 10.76, 3.44, -0.0, 1.61, 1.83
3695.0, 3357.0, 3903.0, 3927.0, 3546.0, -1.0, 7.47, 6.09, 0.13, 2.66, 2.9
3696.0, 3353.0, 3903.0, 3927.0, 3549.0, 1.86, 0.66, 10.2, 0.43, 3.33, 3.17
3678.0, 3359.0, 3904.0, 3931.0, 3548.0, 4.81, -3.79, 13.24, -0.3, 2.03, 2.03
3696.0, 3366.0, 3908.0, 3932.0, 3546.0, 5.99, -5.71, 13.19, -0.37, 0.98, -0.18
3698.0, 3366.0, 3903.0, 3932.0, 3551.0, 3.45, -5.19, 14.11, -0.39, -0.14, -2.49
3698.0, 3365.0, 3907.0, 3927.0, 3550.0, 0.57, -1.01, 11.91, -0.08, -1.34, -4.11
