3664.0, 3370.0, 3930.0, 3927.0, 3542.0, 5.47, -7.12, 14.02, -0.51, -0.15, -2.67
3670.0, 3376.0, 3934.0, 3929.0, 3550.0, -0.69, -0.41, 12.97, -0.34, -1.36, -4.37
3669.0, 3401.0, 3886.0, 3923.0, 3541.0, -5.61, 8.35, 11.77, -0.14, -1.78, -4.11
3665.0, 3367.0, 3927.0, 3920.0, 3534.0, -5.69, 14.6, 10.53, 1.42, -1.27, -1.33
3671.0, 3373.0, 3942.0, 3923.0, 3539.0, -2.4, 13.38, 6.7, 1.59, -0.8, 1.23
3667.0, 3369.0, 3936.0, 3920.0, 3539.0, -1.26, 10.42, 5.64, 1.29, -0.22, 2.93
3664.0, 3376.0, 3933.0, 3920.0, 3538.0, -0.1, 6.2, 5.27, 1.15, 0.5, 3.74
3666.0, 3383.0, 3931.0, 3921.0, 3539.0, 2.16, 1.22, 6.29, 1.03, 1.2, 3.72
3666.0, 3385.0, 3927.0, 3923.0, 3536.0, 4.58, -2.45, 8.55, 0.32, 1.06, 2.56
3664.0, 3392.0, 3922.0, 3923.0, 3536.0, 8.15, -6.5, 11.02, -0.43, -0.09, 0.54
3664.0, 3399.0, 3925.0, 3926.0, 3538.0, 6.54, -5.37, 12.73, -0.44, -1.52, -2.26
3664.0, 3397.0, 3933.0, 3920.0, 3536.0, 2.84, -0.52, 9.24, -0.25, -2.61, -4.06
3666.0, 3385.0, 3927.0, 3920.0, 3535.0, -1.21, 7.02, 5.84, -0.56, -2.12, -4.05
3667.0, 3379.0, 3927.0, 3917.0, 3535.0, -3.71, 13.97, 2.95, -0.76, -0.97, -2.23
3667.0, 3374.0, 3925.0, 3911.0, 3535.0, -2.6, 13.38, 1.59, -0.52, 0.74, 0.74
3668.0, 3374.0, 3922.0, 3915.0, 3536.0, -1.63, 9.1, 3.12, -0.82, 2.25, 2.46
3664.0, 3376.0, 3920.0, 3919.0, 3536.0, -1.26, 5.74, 5.58, -0.58, 3.09, 2.99
3655.0, 3376.0, 3919.0, 3913.0, 3527.0, 0.81, 1.1, 10.95, 0.04, 3.58, 2.7
3658.0, 3385.0, 3915.0, 3915.0, 3525.0, 5.52, -5.51, 17.13, -0.33, 1.97, 1.25
3659.0, 3403.0, 3919.0, 3917.0, 3529.0, 7.29, -8.02, 16.62, -0.28, -0.63, -1.74
3661.0, 3405.0, 3914.0, 3911.0, 3515.0, 1.82, -3.89, 11.35, 0.16, -1.66, -4.37
3668.0, 3395.0, 3910.0, 3920.0, 3526.0, -5.04, 6.22, 10.09, 0.59, -2.22, -4.37
3681.0, 3406.0, 3920.0, 3920.0, 3534.0, -6.89, 16.1, 9.04, 0.92, -1.23, -2.24
3678.0, 3401.0, 3919.0, 3921.0, 3533.0, -4.53, 15.48, 6.23, 0.89, -0.8, 1.01
3663.0, 3397.0, 3920.0, 3920.0, 3531.0, -3.03, 10.88, 5.71, 0.4, 0.08, 3.02
3669.0, 3398.0, 3920.0, 3918.0, 3531.0, -0.27, 4.36, 7.89, 0.44, 0.62, 3.99
3668.0, 3401.0, 3915.0, 3922.0, 3533.0, 3.22, -1.09, 9.33, 0.78, 0.63, 3.46
3664.0, 3403.0, 3908.0, 3916.0, 3531.0, 6.26, -4.18, 9.75, 0.36, -0.0, 1.88
3664.0, 3408.0, 3920.0, 3922.0, 3531.0, 9.28, -6.62, 10.66, 0.01, -0.85, -0.53
3664.0, 3408.0, 3917.0, 3919.0, 3534.0, 5.8, -2.83, 10.93, -0.78, -2.16, -2.84
3667.0, 3397.0, 3919.0, 3917.0, 3529.0, 0.58, 4.89, 7.61, -0.04, -2.4, -3.61
3669.0, 3390.0, 3920.0, 3915.0, 3522.0, -3.06, 11.25, 4.11, -0.9, -1.6, -2.52
3664.0, 3376.0, 3917.0, 3906.0, 3524.0, -2.91, 13.59, 1.46, -0.51, -0.28, -0.26
3664.0, 3375.0, 3919.0, 3907.0, 3521.0, -1.8, 10.83, 1.97, -0.28, 1.47, 1.84
3664.0, 3374.0, 3917.0, 3909.0, 3521.0, -1.1, 5.74, 3.63, 0.25, 2.98, 3.12
3655.0, 3361.0, 3906.0, 3903.0, 3513.0, 1.16, 0.11, 9.97, 0.04, 3.38, 2.89
3659.0, 3383.0, 3911.0, 3907.0, 3522.0, 5.93, -4.71, 15.56, -0.07, 2.41, 1.29
3662.0, 3392.0, 3909.0, 3913.0, 3520.0, 7.97, -7.8, 15.58, -0.24, 0.35, -1.39
3662.0, 3388.0, 3909.0, 3918.0, 3517.0, 3.01, -3.96, 13.15, 0.03, -1.08, -4.01
3663.0, 3377.0, 3911.0, 3904.0, 3516.0, -4.49, 5.31, 10.62, 0.29, -1.59, -4.37
3665.0, 3370.0, 3907.0, 3899.0, 3514.0, -6.6, 14.34, 8.57, 0.18, -1.39, -2.48
3664.0, 3344.0, 3905.0, 3873.0, 3535.0, -5.14, 16.39, 6.33, 0.32, -0.62, 0.96
3663.0, 3357.0, 3905.0, 3899.0, 3517.0, -1.93, 9.73, 7.43, 0.51, 0.49, 3.33
3661.0, 3360.0, 3901.0, 3902.0, 3515.0, 0.81, 3.16, 11.06, 0.88, 0.58, 4.09
3663.0, 3367.0, 3893.0, 3903.0, 3521.0, 4.76, -1.54, 11.19, 1.28, 0.46, 3.18
3661.0, 3364.0, 3905.0, 3902.0, 3515.0, 5.32, -2.49, 10.55, 0.24, -0.97, 1.91
3661.0, 3371.0, 3907.0, 3908.0, 3515.0, 7.31, -4.84, 8.79, -0.0, -1.52, -0.28
3661.0, 3368.0, 3905.0, 3908.0, 3513.0, 6.35, -3.67, 7.54, -0.62, -2.3, -2.55
3659.0, 3361.0, 3909.0, 3895.0, 3513.0, 0.85, 4.79, 5.54, -0.4, -1.97, -3.69
3658.0, 3356.0, 3908.0, 3899.0, 3504.0, -2.35, 10.31, 4.24, -0.15, -1.14, -2.64
3664.0, 3358.0, 3918.0, 3904.0, 3520.0, -3.09, 14.63, 2.52, 0.01, -0.01, -0.3
3665.0, 3356.0, 3910.0, 3905.0, 3520.0, -1.86, 11.59, 1.91, -0.2, 1.64, 1.97
3664.0, 3357.0, 3909.0, 3901.0, 3518.0, 0.28, 4.48, 4.02, 0.24, 3.15, 3.23
3663.0, 3367.0, 3907.0, 3904.0, 3520.0, 3.08, -0.52, 10.74, -0.06, 3.33, 2.5
3659.0, 3378.0, 3909.0, 3909.0, 3521.0, 8.87, -6.37, 14.91, -0.31, 1.67, 0.34
3646.0, 3387.0, 3910.0, 3910.0, 3523.0, 7.13, -6.59, 14.06, -0.57, -0.14, -2.7
3664.0, 3376.0, 3915.0, 3909.0, 3519.0, 0.59, -0.75, 11.56, -0.25, -0.82, -4.37
3664.0, 3372.0, 3909.0, 3903.0, 3520.0, -4.99, 8.62, 11.82, 0.04, -1.75, -4.34
3664.0, 3361.0, 3905.0, 3902.0, 3517.0, -8.36, 18.45, 9.96, 0.82, -1.57, -1.63
3664.0, 3359.0, 3906.0, 3895.0, 3516.0, -3.41, 14.64, 5.45, 0.8, -0.53, 1.82
3664.0, 3358.0, 3906.0, 3895.0, 3517.0, -2.1, 8.39, 6.66, 0.68, 0.29, 3.8
3660.0, 3358.0, 3907.0, 3900.0, 3515.0, 0.78, 2.43, 8.39, 0.96, 0.88, 4.1
3664.0, 3375.0, 3899.0, 3902.0, 3519.0, 4.42, -2.55, 9.1, 0.57, 0.56, 3.3
3660.0, 3373.0, 3904.0, 3906.0, 3520.0, 8.78, -5.38, 10.27, -0.34, -0.45, 1.08
3654.0, 3358.0, 3901.0, 3901.0, 3511.0, 9.17, -6.91, 9.22, -0.42, -1.8, -2.09
