2715.0, 2688.0, 3481.0, 3184.0, 2852.0, 3.09, 1.13, 9.19, 0.0, -0.01, -0.01
2719.0, 2687.0, 3486.0, 3199.0, 2854.0, 3.25, 1.06, 8.92, 0.04, 0.03, -0.03
2717.0, 2686.0, 3489.0, 3201.0, 2858.0, 3.18, 1.06, 9.31, -0.03, 0.11, -0.03
2718.0, 2694.0, 3491.0, 3203.0, 2859.0, 3.19, 1.41, 9.75, 0.02, 0.12, -0.03
2718.0, 2690.0, 3507.0, 3217.0, 2863.0, 3.76, 0.89, 10.63, -0.07, 0.02, -0.05
2685.0, 2670.0, 3536.0, 3244.0, 2867.0, 4.28, 0.79, 10.98, -0.03, -0.02, -0.23
2736.0, 2704.0, 3597.0, 3282.0, 2890.0, 3.34, 0.98, 11.89, 0.1, 0.17, -0.25
2737.0, 2704.0, 3636.0, 3313.0, 2910.0, 2.44, 1.81, 12.71, -0.48, -0.68, -0.2
2755.0, 2710.0, 3648.0, 3344.0, 2934.0, 2.29, 2.11, 11.2, 0.26, -0.79, -0.09
2768.0, 2723.0, 3712.0, 3376.0, 2969.0, 3.51, 1.53, 9.51, -0.07, -1.3, 0.24
2782.0, 2736.0, 3731.0, 3407.0, 3007.0, 3.87, 2.07, 8.37, 0.08, -1.24, 0.18
2809.0, 2759.0, 3778.0, 3440.0, 3056.0, 4.9, 1.19, 6.9, 0.13, -0.59, 0.34
2819.0, 2782.0, 3808.0, 3459.0, 3107.0, 4.59, 1.98, 6.32, -0.33, 0.31, 0.12
2832.0, 2787.0, 3760.0, 3448.0, 3136.0, 5.85, 2.05, 3.22, -0.04, 1.19, -0.43
2837.0, 2782.0, 3810.0, 3471.0, 3155.0, 4.15, 0.66, 6.56, -0.85, 1.91, -0.56
2837.0, 2774.0, 3765.0, 3459.0, 3170.0, 2.31, 0.29, 6.6, -1.08, 1.76, -0.6
2835.0, 2768.0, 3787.0, 3472.0, 3169.0, 0.39, -0.75, 8.37, -0.81, 1.89, -0.48
2834.0, 2757.0, 3824.0, 3479.0, 3174.0, -0.21, -1.22, 8.84, -0.68, 1.41, -0.49
2833.0, 2753.0, 3760.0, 3459.0, 3178.0, -0.31, -1.42, 8.7, -0.69, 0.82, -0.56
2832.0, 2750.0, 3757.0, 3457.0, 3178.0, -0.88, -1.48, 8.31, -0.62, 1.0, -0.69
2832.0, 2750.0, 3749.0, 3447.0, 3179.0, -2.05, -2.44, 8.6, -0.5, 0.95, -0.5
2832.0, 2743.0, 3751.0, 3447.0, 3177.0, -3.96, -2.73, 9.99, -0.48, 0.89, -0.28
2831.0, 2742.0, 3745.0, 3446.0, 3177.0, -4.32, -2.64, 10.54, 0.05, 0.08, 0.08
2832.0, 2742.0, 3741.0, 3440.0, 3168.0, -2.89, -2.09, 10.09, 0.27, -0.11, 0.23
2830.0, 2739.0, 3741.0, 3440.0, 3173.0, -2.07, -2.18, 8.91, 0.04, 0.0, 0.0
2832.0, 2741.0, 3733.0, 3440.0, 3169.0, -2.74, -1.81, 8.86, 0.03, -0.19, -0.04
2827.0, 2739.0, 3730.0, 3437.0, 3168.0, -2.49, -1.85, 8.94, 0.16, -0.08, 0.12
2827.0, 2739.0, 3737.0, 3432.0, 3167.0, -2.09, -2.13, 8.94, 0.03, -0.12, 0.04
2823.0, 2736.0, 3734.0, 3440.0, 3167.0, -2.19, -1.99, 9.22, 0.04, -0.04, 0.04
2829.0, 2748.0, 3729.0, 3440.0, 3163.0, -2.46, -1.94, 9.13, 0.0, -0.04, -0.04
2823.0, 2739.0, 3730.0, 3435.0, 3163.0, -1.92, -1.77, 8.7, 0.1, -0.01, 0.05
2827.0, 2736.0, 3728.0, 3431.0, 3163.0, -2.4, -1.87, 9.16, -0.11, -0.02, -0.08
2821.0, 2736.0, 3730.0, 3434.0, 3165.0, -2.21, -1.9, 8.9, -0.02, -0.01, -0.02
2823.0, 2736.0, 3728.0, 3427.0, 3161.0, -2.39, -1.99, 9.22, 0.06, 0.05, 0.04
2821.0, 2737.0, 3726.0, 3437.0, 3157.0, -2.58, -2.07, 9.24, -0.06, 0.05, -0.05
2825.0, 2736.0, 3727.0, 3437.0, 3159.0, -2.31, -1.9, 8.86, 0.02, -0.07, 0.03
2832.0, 2736.0, 3761.0, 3424.0, 3156.0, -2.44, -1.86, 9.03, 0.02, -0.01, 0.02
2823.0, 2738.0, 3727.0, 3430.0, 3157.0, -2.21, -1.96, 8.93, -0.04, -0.04, 0.01
2814.0, 2736.0, 3723.0, 3431.0, 3159.0, -2.42, -2.05, 9.19, -0.05, -0.01, -0.02
2831.0, 2736.0, 3724.0, 3429.0, 3154.0, -2.48, -2.16, 9.0, 0.02, -0.12, 0.03
2822.0, 2736.0, 3725.0, 3431.0, 3152.0, -2.14, -2.11, 9.12, 0.03, -0.02, 0.02
2820.0, 2736.0, 3720.0, 3417.0, 3154.0, -2.36, -2.07, 8.82, -0.04, 0.04, -0.08
2832.0, 2746.0, 3728.0, 3435.0, 3165.0, -2.53, -1.82, 8.95, 0.03, -0.06, 0.0
2819.0, 2735.0, 3715.0, 3418.0, 3149.0, -2.63, -1.95, 9.2, -0.03, 0.02, 0.02
2820.0, 2736.0, 3713.0, 3422.0, 3153.0, -2.39, -2.07, 9.09, -0.06, -0.1, -0.03
2822.0, 2736.0, 3718.0, 3421.0, 3152.0, -2.55, -2.09, 9.18, 0.0, -0.08, -0.03
2819.0, 2736.0, 3721.0, 3421.0, 3153.0, -2.43, -2.04, 8.98, 0.02, -0.11, -0.03
2823.0, 2736.0, 3719.0, 3420.0, 3152.0, -2.26, -2.1, 8.85, 0.03, -0.03, 0.0
2819.0, 2735.0, 3715.0, 3441.0, 3153.0, -2.2, -2.05, 8.94, -0.04, -0.05, -0.03
2821.0, 2736.0, 3712.0, 3427.0, 3152.0, -2.33, -2.06, 9.06, 0.04, -0.05, 0.01
