2647.0, 2651.0, 3385.0, 3071.0, 2800.0, 2.82, -1.01, 9.28, 0.01, -0.04, -0.01
2663.0, 2665.0, 3383.0, 3088.0, 2812.0, 2.82, -1.04, 9.27, 0.01, -0.03, -0.02
2660.0, 2665.0, 3363.0, 3083.0, 2814.0, 2.81, -0.99, 9.23, 0.0, -0.04, -0.03
2661.0, 2661.0, 3361.0, 3081.0, 2811.0, 2.76, -0.93, 9.29, -0.04, -0.05, -0.07
2657.0, 2659.0, 3359.0, 3071.0, 2811.0, 2.83, -1.13, 9.17, -0.11, -0.03, -0.04
2661.0, 2660.0, 3350.0, 3071.0, 2809.0, 2.86, -0.83, 10.68, -0.43, -0.06, 0.06
2662.0, 2662.0, 3363.0, 3098.0, 2815.0, 4.47, -3.71, 11.94, -0.01, -0.71, -0.16
2679.0, 2670.0, 3401.0, 3165.0, 2843.0, 2.89, -2.39, 14.39, 0.91, -1.01, -1.34
2704.0, 2687.0, 3478.0, 3253.0, 2882.0, 5.31, -1.6, 12.97, 0.09, -2.74, -0.87
2737.0, 2719.0, 3598.0, 3343.0, 2945.0, 6.94, -2.1, 8.79, -1.13, -1.57, -1.42
2763.0, 2731.0, 3666.0, 3413.0, 3004.0, 6.1, -1.83, 9.37, -2.19, -0.4, -1.62
2799.0, 2762.0, 3728.0, 3461.0, 3071.0, 6.06, -2.48, 6.6, -1.74, -1.01, -1.61
2823.0, 2781.0, 3775.0, 3485.0, 3132.0, 6.5, -1.33, 4.32, -1.53, 2.1, -2.14
2838.0, 2795.0, 3781.0, 3491.0, 3159.0, 4.86, -0.65, 6.29, -1.21, 1.25, -1.87
2854.0, 2800.0, 3806.0, 3504.0, 3203.0, 3.75, -1.28, 5.2, -0.95, 1.38, -1.81
2864.0, 2800.0, 3801.0, 3507.0, 3216.0, 2.6, -0.22, 4.39, -2.1, 1.35, -1.82
2863.0, 2799.0, 3789.0, 3506.0, 3222.0, 1.43, -0.63, 5.64, -1.15, 2.46, -1.59
2864.0, 2791.0, 3786.0, 3503.0, 3222.0, 1.38, -1.82, 6.92, -1.67, 1.92, -1.41
2845.0, 2768.0, 3775.0, 3482.0, 3215.0, 0.77, -0.97, 6.53, -1.1, 1.47, -0.98
2842.0, 2765.0, 3763.0, 3495.0, 3211.0, 0.41, -2.58, 7.83, -0.46, 1.47, -0.45
2839.0, 2765.0, 3761.0, 3472.0, 3204.0, -1.19, -4.03, 10.41, -0.4, 1.47, -0.31
2854.0, 2773.0, 3762.0, 3483.0, 3215.0, -2.15, -4.41, 11.59, -0.07, 0.49, -0.14
2851.0, 2770.0, 3760.0, 3479.0, 3211.0, -2.01, -4.64, 12.25, 0.36, 0.12, 0.06
2855.0, 2771.0, 3753.0, 3476.0, 3209.0, -1.39, -3.71, 10.01, 0.17, -0.15, -0.0
2849.0, 2758.0, 3755.0, 3472.0, 3207.0, -0.71, -3.38, 8.83, 0.03, -0.07, -0.03
2849.0, 2769.0, 3751.0, 3475.0, 3203.0, -1.03, -3.08, 9.04, -0.0, -0.02, 0.02
2827.0, 2752.0, 3737.0, 3460.0, 3193.0, -0.75, -3.17, 8.92, 0.08, -0.07, 0.08
2849.0, 2768.0, 3755.0, 3472.0, 3200.0, -0.41, -3.56, 8.85, 0.09, 0.01, 0.08
2845.0, 2768.0, 3750.0, 3468.0, 3201.0, -0.53, -3.55, 8.91, -0.04, -0.0, 0.05
2847.0, 2769.0, 3747.0, 3467.0, 3200.0, -0.69, -3.39, 8.83, -0.09, -0.07, -0.07
2843.0, 2768.0, 3749.0, 3470.0, 3199.0, -0.65, -3.66, 8.69, 0.03, 0.04, 0.02
2844.0, 2768.0, 3749.0, 3469.0, 3198.0, -0.62, -3.6, 8.61, -0.09, -0.01, -0.0
2844.0, 2768.0, 3747.0, 3469.0, 3195.0, -0.71, -3.74, 8.88, 0.05, 0.16, -0.01
2832.0, 2753.0, 3735.0, 3455.0, 3184.0, -0.86, -3.41, 8.92, 0.07, -0.08, 0.02
2843.0, 2768.0, 3743.0, 3462.0, 3197.0, -1.01, -3.41, 8.94, -0.02, 0.04, -0.01
2844.0, 2768.0, 3742.0, 3467.0, 3190.0, -0.92, -3.62, 8.93, 0.04, -0.12, 0.06
2841.0, 2767.0, 3741.0, 3461.0, 3190.0, -0.82, -3.56, 9.16, 0.02, -0.05, 0.04
2832.0, 2755.0, 3734.0, 3452.0, 3182.0, -0.69, -3.5, 8.75, -0.0, -0.06, 0.01
2831.0, 2754.0, 3734.0, 3452.0, 3184.0, -0.74, -3.58, 8.77, 0.05, 0.02, 0.01
2831.0, 2752.0, 3734.0, 3451.0, 3184.0, -0.79, -3.46, 8.71, -0.0, 0.03, 0.04
2832.0, 2752.0, 3730.0, 3448.0, 3181.0, -0.88, -3.51, 9.09, -0.08, -0.14, -0.05
2829.0, 2752.0, 3731.0, 3456.0, 3178.0, -0.97, -3.49, 9.04, 0.15, 0.03, 0.05
2830.0, 2753.0, 3737.0, 3454.0, 3180.0, -1.0, -3.52, 9.02, -0.05, 0.01, 0.01
2826.0, 2752.0, 3731.0, 3451.0, 3181.0, -0.88, -3.56, 8.69, -0.04, -0.07, -0.02
2827.0, 2751.0, 3734.0, 3456.0, 3179.0, -0.99, -3.35, 9.01, 0.07, -0.11, 0.04
2833.0, 2752.0, 3729.0, 3450.0, 3180.0, -0.79, -3.49, 8.76, 0.0, 0.02, -0.04
2827.0, 2752.0, 3731.0, 3450.0, 3177.0, -0.85, -3.52, 8.85, -0.01, -0.08, -0.02
2826.0, 2753.0, 3727.0, 3447.0, 3179.0, -0.79, -3.51, 8.85, -0.01, -0.01, -0.04
2827.0, 2751.0, 3727.0, 3449.0, 3177.0, -0.86, -3.69, 8.71, -0.0, 0.01, -0.0
2827.0, 2752.0, 3728.0, 3445.0, 3176.0, -0.91, -3.39, 8.81, -0.06, -0.09, -0.02
2835.0, 2751.0, 3728.0, 3446.0, 3179.0, -0.81, -3.54, 8.87, -0.04, 0.01, -0.02
2827.0, 2757.0, 3728.0, 3443.0, 3177.0, -0.95, -3.68, 8.85, 0.1, 0.03, 0.08
2827.0, 2751.0, 3727.0, 3451.0, 3175.0, -0.84, -3.64, 8.79, 0.0, -0.02, -0.01
2829.0, 2752.0, 3728.0, 3449.0, 3175.0, -1.12, -3.6, 8.99, -0.04, 0.01, -0.04
2825.0, 2752.0, 3727.0, 3439.0, 3175.0, -0.93, -3.61, 8.67, 0.11, -0.01, 0.07
2827.0, 2754.0, 3731.0, 3448.0, 3174.0, -1.13, -3.65, 9.22, -0.09, -0.15, -0.08
2825.0, 2752.0, 3727.0, 3443.0, 3175.0, -1.05, -3.32, 8.77, 0.11, 0.05, 0.02
2825.0, 2753.0, 3723.0, 3456.0, 3120.0, -1.04, -3.35, 8.84, 0.09, -0.08, 0.04
2820.0, 2752.0, 3727.0, 3446.0, 3172.0, -0.86, -3.45, 8.79, -0.09, -0.09, -0.06
2821.0, 2749.0, 3729.0, 3446.0, 3171.0, -0.9, -3.5, 8.77, 0.02, -0.06, 0.05
2823.0, 2751.0, 3723.0, 3445.0, 3170.0, -0.86, -3.59, 8.96, 0.08, -0.02, 0.02
2827.0, 2780.0, 3728.0, 3444.0, 3163.0, -0.88, -3.52, 8.81, -0.0, -0.02, -0.02
2819.0, 2751.0, 3725.0, 3445.0, 3169.0, -0.95, -3.28, 8.86, 0.02, -0.08, -0.01
2827.0, 2751.0, 3728.0, 3441.0, 3170.0, -0.9, -3.39, 8.78, 0.05, 0.02, 0.01
2823.0, 2750.0, 3731.0, 3443.0, 3171.0, -1.01, -3.62, 8.92, 0.01, -0.1, -0.0
2822.0, 2752.0, 3724.0, 3442.0, 3170.0, -0.96, -3.37, 9.0, -0.03, -0.1, 0.03
2814.0, 2751.0, 3715.0, 3440.0, 3167.0, -0.9, -3.63, 9.01, 0.03, 0.07, 0.03
2819.0, 2755.0, 3721.0, 3447.0, 3169.0, -0.99, -3.68, 8.89, -0.01, -0.12, -0.02
