2873.0, 2899.0, 3851.0, 3538.0, 3265.0, 9.34, 2.11, -2.8, 0.61, -0.67, -0.13
2887.0, 2911.0, 3851.0, 3550.0, 3290.0, 7.85, 2.19, -0.51, 0.54, 0.81, -0.23
2889.0, 2909.0, 3856.0, 3543.0, 3291.0, 9.22, 2.11, -1.91, -0.21, 1.26, 0.1
2897.0, 2915.0, 3841.0, 3538.0, 3293.0, 9.05, 4.45, 3.58, 0.38, 0.44, -0.09
2891.0, 2910.0, 3838.0, 3537.0, 3288.0, 8.84, 3.85, 3.71, 0.4, 0.31, -0.27
2896.0, 2908.0, 3836.0, 3540.0, 3283.0, 9.55, 3.17, 0.97, 0.07, -0.02, -0.13
2889.0, 2902.0, 3826.0, 3536.0, 3280.0, 9.59, 3.24, 0.52, 0.18, -0.08, -0.14
2907.0, 2914.0, 3826.0, 3533.0, 3280.0, 9.5, 3.45, 0.4, 0.04, 0.03, -0.15
2887.0, 2905.0, 3825.0, 3536.0, 3275.0, 9.62, 3.47, 0.11, 0.03, 0.01, -0.08
2893.0, 2901.0, 3823.0, 3531.0, 3273.0, 9.26, 3.95, 0.1, 0.02, -0.2, -0.04
2885.0, 2896.0, 3815.0, 3525.0, 3269.0, 9.22, 3.88, 0.34, 0.01, -0.01, -0.08
2886.0, 2897.0, 3819.0, 3520.0, 3270.0, 9.31, 3.71, -0.17, 0.01, 0.03, -0.04
2882.0, 2896.0, 3820.0, 3522.0, 3266.0, 9.28, 3.82, 0.23, 0.01, -0.09, 0.0
2855.0, 2896.0, 3813.0, 3519.0, 3264.0, 9.35, 3.62, 0.38, 0.05, 0.06, -0.02
2880.0, 2896.0, 3810.0, 3515.0, 3263.0, 9.54, 3.79, 0.24, 0.05, -0.01, -0.06
2881.0, 2893.0, 3808.0, 3518.0, 3259.0, 9.42, 3.76, 0.32, 0.04, -0.06, -0.01
2879.0, 2894.0, 3809.0, 3506.0, 3255.0, 9.3, 3.51, 0.1, 0.07, -0.02, -0.05
2879.0, 2893.0, 3811.0, 3509.0, 3257.0, 9.29, 3.66, 0.15, -0.01, -0.05, 0.0
2878.0, 2893.0, 3805.0, 3510.0, 3257.0, 9.37, 3.85, 0.21, 0.03, 0.01, -0.04
2881.0, 2894.0, 3805.0, 3522.0, 3253.0, 9.19, 3.87, 0.41, 0.03, -0.04, -0.02
2879.0, 2894.0, 3802.0, 3507.0, 3256.0, 9.51, 3.79, 0.2, 0.03, -0.03, -0.01
2878.0, 2891.0, 3801.0, 3506.0, 3250.0, 9.4, 3.65, -0.14, 0.02, -0.02, -0.02
2869.0, 2885.0, 3795.0, 3508.0, 3248.0, 9.36, 3.78, 0.36, -0.0, -0.03, 0.0
2875.0, 2893.0, 3797.0, 3511.0, 3248.0, 9.35, 3.76, 0.23, -0.0, -0.02, -0.02
2876.0, 2887.0, 3799.0, 3504.0, 3243.0, 9.25, 3.84, 0.26, 0.03, -0.08, 0.01
2875.0, 2891.0, 3801.0, 3504.0, 3248.0, 9.28, 3.7, 0.36, -0.0, -0.04, -0.06
2878.0, 2881.0, 3797.0, 3503.0, 3248.0, 9.23, 3.87, -0.09, 0.04, 0.0, -0.04
2877.0, 2910.0, 3801.0, 3504.0, 3245.0, 9.34, 3.93, 0.43, 0.05, -0.08, 0.01
2871.0, 2883.0, 3792.0, 3502.0, 3247.0, 9.33, 3.85, 0.3, -0.01, 0.0, 0.0
2874.0, 2886.0, 3794.0, 3502.0, 3243.0, 9.31, 3.82, 0.25, 0.02, -0.06, -0.03
2867.0, 2883.0, 3792.0, 3494.0, 3242.0, 9.11, 4.0, 0.58, 0.06, -0.05, -0.03
2876.0, 2883.0, 3793.0, 3503.0, 3242.0, 9.26, 3.77, 0.18, -0.02, -0.04, 0.03
2869.0, 2885.0, 3793.0, 3497.0, 3243.0, 9.31, 3.76, 0.11, 0.02, -0.05, -0.02
2866.0, 2878.0, 3809.0, 3488.0, 3243.0, 9.37, 3.87, 0.28, 0.02, -0.01, -0.05
2871.0, 2884.0, 3792.0, 3497.0, 3243.0, 9.35, 3.86, 0.16, 0.01, -0.08, 0.0
2874.0, 2886.0, 3792.0, 3497.0, 3241.0, 9.29, 3.78, 0.08, 0.0, -0.05, -0.01
2869.0, 2877.0, 3794.0, 3493.0, 3238.0, 9.23, 4.01, 0.47, 0.01, -0.04, -0.0
2864.0, 2878.0, 3792.0, 3493.0, 3242.0, 9.32, 3.9, 0.11, 0.0, -0.01, -0.04
2871.0, 2883.0, 3790.0, 3504.0, 3238.0, 9.41, 3.92, 0.18, 0.07, -0.03, -0.02
2880.0, 2891.0, 3789.0, 3502.0, 3226.0, 9.24, 3.64, 0.47, 0.04, -0.05, -0.05
2869.0, 2880.0, 3796.0, 3504.0, 3235.0, 9.36, 3.81, -0.18, 0.0, -0.05, -0.02
2870.0, 2884.0, 3762.0, 3498.0, 3238.0, 9.23, 4.0, 0.23, 0.04, -0.07, -0.02
2869.0, 2883.0, 3791.0, 3504.0, 3236.0, 9.28, 3.75, 0.11, -0.01, -0.02, -0.01
2869.0, 2882.0, 3791.0, 3491.0, 3235.0, 9.33, 3.85, 0.11, 0.03, -0.04, -0.03
2867.0, 2880.0, 3783.0, 3498.0, 3231.0, 9.18, 3.99, 0.42, 0.03, -0.05, -0.04
2868.0, 2875.0, 3787.0, 3483.0, 3218.0, 9.45, 4.15, 0.01, 0.1, 0.01, 0.0
2868.0, 2882.0, 3792.0, 3499.0, 3235.0, 9.25, 3.87, 0.33, 0.02, -0.1, 0.02
2870.0, 2883.0, 3788.0, 3499.0, 3231.0, 9.27, 3.88, 0.05, 0.01, 0.02, -0.05
2863.0, 2880.0, 3792.0, 3501.0, 3237.0, 9.36, 3.95, 0.18, 0.02, -0.03, -0.02
2867.0, 2882.0, 3790.0, 3494.0, 3232.0, 9.24, 3.79, 0.05, -0.01, -0.02, -0.02
