2674.0, 2659.0, 3359.0, 3120.0, 2807.0, 8.65, 5.37, 3.1, 0.35, -0.31, -0.12
2702.0, 2706.0, 3483.0, 3243.0, 2849.0, 8.68, 5.73, 2.6, 0.51, -0.66, -0.03
2721.0, 2742.0, 3583.0, 3328.0, 2885.0, 8.66, 5.97, 2.65, 0.54, -0.77, 0.17
2746.0, 2775.0, 3675.0, 3397.0, 2938.0, 8.73, 5.51, 1.61, 0.9, -0.86, 0.26
2777.0, 2811.0, 3730.0, 3447.0, 2992.0, 8.39, 5.76, 0.81, 1.0, -0.84, 0.27
2805.0, 2840.0, 3793.0, 3492.0, 3055.0, 8.66, 5.32, 0.35, 0.83, -0.52, 0.61
2841.0, 2874.0, 3815.0, 3527.0, 3139.0, 8.63, 4.31, -0.29, 0.79, -0.6, 1.02
2873.0, 2900.0, 3861.0, 3567.0, 3216.0, 8.87, 3.88, 0.02, 0.9, -0.55, 0.87
2892.0, 2915.0, 3856.0, 3579.0, 3255.0, 9.18, 2.65, -1.02, 0.79, -0.55, 1.06
2897.0, 2925.0, 3858.0, 3583.0, 3280.0, 8.72, 2.74, -1.91, 0.91, -0.23, 0.92
2908.0, 2932.0, 3859.0, 3583.0, 3301.0, 8.79, 1.64, -2.29, 0.99, 1.01, 0.7
2913.0, 2933.0, 3856.0, 3582.0, 3312.0, 8.47, 0.41, 0.93, 1.0, 1.04, 0.98
2914.0, 2933.0, 3857.0, 3578.0, 3312.0, 11.79, -4.72, 1.18, 0.28, 0.78, 0.18
2914.0, 2931.0, 3856.0, 3578.0, 3312.0, 11.27, -3.14, 1.82, -0.2, -0.29, -0.58
2913.0, 2930.0, 3849.0, 3571.0, 3312.0, 9.9, 0.79, 0.25, -0.02, 0.25, -0.7
2912.0, 2927.0, 3842.0, 3569.0, 3309.0, 9.21, 2.16, 0.23, 0.45, 0.12, -0.43
2915.0, 2932.0, 3845.0, 3566.0, 3307.0, 9.35, 2.45, 0.19, -0.22, -0.01, 0.04
2911.0, 2928.0, 3839.0, 3562.0, 3306.0, 10.21, 1.36, 0.17, -0.03, 0.11, -0.05
2898.0, 2915.0, 3826.0, 3553.0, 3293.0, 10.14, 1.44, -0.1, 0.11, -0.09, 0.03
2896.0, 2908.0, 3831.0, 3548.0, 3287.0, 9.57, 1.58, 0.37, -0.02, 0.14, -0.01
2922.0, 2910.0, 3826.0, 3543.0, 3286.0, 9.86, 1.62, 0.31, 0.03, 0.14, -0.01
2895.0, 2909.0, 3824.0, 3541.0, 3283.0, 10.08, 1.13, 0.25, 0.06, -0.18, 0.0
2896.0, 2910.0, 3824.0, 3554.0, 3280.0, 9.83, 1.31, 0.54, 0.05, 0.11, -0.04
2895.0, 2909.0, 3824.0, 3554.0, 3282.0, 10.16, 1.56, 0.19, 0.07, 0.01, -0.04
2895.0, 2906.0, 3823.0, 3552.0, 3280.0, 9.9, 1.36, 0.7, 0.1, -0.12, -0.04
2894.0, 2903.0, 3823.0, 3541.0, 3280.0, 9.93, 1.56, 0.07, -0.0, -0.0, 0.01
2895.0, 2906.0, 3818.0, 3537.0, 3279.0, 10.02, 1.41, 0.39, -0.0, -0.08, -0.1
2899.0, 2902.0, 3865.0, 3535.0, 3277.0, 9.91, 1.44, 0.63, 0.02, -0.03, -0.05
2892.0, 2904.0, 3813.0, 3539.0, 3275.0, 9.91, 1.78, 0.13, 0.06, -0.1, -0.09
2904.0, 2918.0, 3836.0, 3551.0, 3287.0, 9.76, 1.43, 0.26, 0.04, -0.04, -0.04
2899.0, 2914.0, 3821.0, 3549.0, 3280.0, 9.84, 1.61, -0.03, -0.01, 0.06, -0.0
2898.0, 2914.0, 3817.0, 3541.0, 3280.0, 10.16, 1.37, 0.39, 0.03, -0.06, -0.02
2898.0, 2915.0, 3815.0, 3539.0, 3279.0, 9.77, 1.68, 0.6, 0.07, -0.04, -0.02
2898.0, 2912.0, 3818.0, 3535.0, 3278.0, 10.14, 1.53, -0.19, 0.07, 0.01, -0.05
2898.0, 2913.0, 3814.0, 3536.0, 3283.0, 9.73, 1.67, 0.47, 0.07, -0.08, -0.04
2898.0, 2913.0, 3812.0, 3535.0, 3276.0, 9.88, 1.73, 0.45, 0.07, 0.09, -0.02
2898.0, 2913.0, 3813.0, 3537.0, 3276.0, 10.17, 1.51, 0.14, 0.02, -0.09, 0.07
2897.0, 2910.0, 3808.0, 3534.0, 3274.0, 10.07, 1.24, 0.36, 0.05, -0.01, -0.01
2897.0, 2912.0, 3807.0, 3535.0, 3273.0, 10.16, 1.37, 0.04, -0.0, 0.02, -0.03
2896.0, 2910.0, 3811.0, 3539.0, 3269.0, 9.78, 1.73, 0.23, 0.06, -0.14, 0.0
2897.0, 2911.0, 3810.0, 3536.0, 3270.0, 9.72, 1.65, 0.46, 0.04, 0.1, -0.0
2896.0, 2910.0, 3824.0, 3532.0, 3270.0, 10.22, 1.25, 0.19, 0.01, 0.05, -0.02
2896.0, 2910.0, 3809.0, 3531.0, 3269.0, 9.79, 1.45, 0.58, 0.06, -0.07, -0.0
2896.0, 2909.0, 3814.0, 3531.0, 3266.0, 9.96, 1.75, 0.66, 0.01, 0.08, -0.05
2897.0, 2910.0, 3809.0, 3526.0, 3267.0, 10.05, 1.54, 0.14, 0.03, -0.05, -0.0
2896.0, 2907.0, 3803.0, 3536.0, 3265.0, 9.76, 1.68, 0.79, 0.05, -0.09, 0.02
2885.0, 2896.0, 3802.0, 3521.0, 3257.0, 10.02, 1.43, 0.24, -0.02, 0.03, -0.01
2885.0, 2896.0, 3799.0, 3520.0, 3257.0, 10.07, 1.49, 0.3, 0.0, -0.13, -0.02
2885.0, 2896.0, 3795.0, 3551.0, 3258.0, 9.76, 1.77, 0.62, -0.01, -0.03, -0.04
2881.0, 2896.0, 3801.0, 3526.0, 3262.0, 10.02, 1.58, 0.28, -0.02, 0.03, -0.02
2882.0, 2896.0, 3799.0, 3521.0, 3253.0, 9.94, 1.59, 0.41, 0.02, -0.06, 0.0
2880.0, 2890.0, 3794.0, 3525.0, 3253.0, 9.77, 1.77, 0.87, 0.06, -0.0, 0.0
2882.0, 2895.0, 3799.0, 3519.0, 3250.0, 10.09, 1.46, 0.18, 0.02, 0.04, -0.01
2880.0, 2905.0, 3797.0, 3520.0, 3257.0, 9.96, 1.37, 0.36, 0.05, -0.16, 0.03
2881.0, 2895.0, 3795.0, 3520.0, 3253.0, 9.66, 1.56, 0.62, 0.02, 0.08, -0.01
