3123.0, 3105.0, 3230.0, 3008.0, 2757.0, -1.13, 2.36, 9.38, 0.02, -0.04, -0.0
3109.0, 3102.0, 3232.0, 3007.0, 2757.0, -1.38, 2.78, 9.9, 0.13, 0.02, -0.02
3126.0, 3119.0, 3225.0, 3006.0, 2754.0, -1.87, 2.43, 13.43, 0.61, -0.94, 0.34
3126.0, 3373.0, 3262.0, 3058.0, 2772.0, -1.46, 2.2, 14.07, 0.5, -2.45, 0.38
3126.0, 3428.0, 3275.0, 3090.0, 2806.0, 0.06, 3.87, 9.63, 0.89, -1.93, 0.03
3125.0, 3406.0, 3264.0, 3111.0, 2810.0, 0.37, 4.18, 7.8, 0.67, -1.81, 0.13
3125.0, 3458.0, 3312.0, 3152.0, 2827.0, 2.17, 4.71, 7.73, 0.2, -1.99, 0.5
3127.0, 3598.0, 3511.0, 3370.0, 2922.0, 2.98, 3.92, 7.68, -0.01, -2.53, 0.74
3131.0, 3705.0, 3650.0, 3543.0, 3034.0, 5.28, 4.4, 6.03, 0.07, -2.35, 0.74
3148.0, 3749.0, 3707.0, 3615.0, 3125.0, 6.26, 2.68, 4.0, 0.17, -2.0, 0.46
3174.0, 3813.0, 3773.0, 3662.0, 3184.0, 7.03, 2.33, 3.26, -0.02, -1.32, 0.57
3198.0, 3801.0, 3762.0, 3664.0, 3215.0, 8.49, 2.64, 3.12, 0.13, -1.24, 0.43
3225.0, 3819.0, 3777.0, 3680.0, 3250.0, 8.47, 3.05, 3.33, 0.08, -0.99, 0.4
3287.0, 3827.0, 3791.0, 3695.0, 3280.0, 8.55, 2.33, 3.62, 0.13, -0.96, 0.34
3343.0, 3838.0, 3794.0, 3696.0, 3312.0, 9.16, 2.29, 2.78, 0.47, -1.09, 0.31
3397.0, 3849.0, 3805.0, 3709.0, 3355.0, 9.39, 2.54, 1.77, 0.33, -0.88, 0.38
3424.0, 3843.0, 3809.0, 3717.0, 3357.0, 9.65, 2.12, 1.63, 0.42, -0.69, 0.24
3470.0, 3845.0, 3823.0, 3713.0, 3369.0, 9.66, 1.7, 1.05, 0.28, -0.7, 0.34
3421.0, 3843.0, 3823.0, 3715.0, 3378.0, 9.22, 2.16, 0.58, 0.18, -0.51, 0.31
3461.0, 3831.0, 3809.0, 3712.0, 3363.0, 9.65, 1.42, 0.35, 0.46, -0.04, 0.26
3329.0, 3829.0, 3817.0, 3714.0, 3386.0, 9.69, 1.66, 1.47, 0.04, -0.94, 0.02
3166.0, 3837.0, 3824.0, 3710.0, 3392.0, 9.58, 1.82, -0.28, 0.32, 0.05, -0.04
3087.0, 3839.0, 3824.0, 3705.0, 3385.0, 9.68, 1.88, -0.45, 0.12, 0.05, -0.2
3068.0, 3819.0, 3824.0, 3702.0, 3383.0, 9.99, 1.62, 0.95, 0.31, 0.02, 0.01
3071.0, 3814.0, 3817.0, 3701.0, 3382.0, 9.58, 1.58, 0.88, -0.04, 0.05, -0.07
3083.0, 3809.0, 3810.0, 3697.0, 3378.0, 9.94, 2.34, 0.36, 0.08, -0.02, 0.02
3069.0, 3797.0, 3801.0, 3688.0, 3370.0, 9.84, 1.92, 0.76, 0.02, -0.15, -0.01
3085.0, 3801.0, 3811.0, 3693.0, 3376.0, 9.66, 1.92, 0.67, -0.07, -0.05, 0.02
3086.0, 3802.0, 3809.0, 3687.0, 3375.0, 9.95, 2.17, 0.13, 0.03, 0.08, 0.01
3087.0, 3800.0, 3810.0, 3687.0, 3374.0, 9.9, 1.62, 0.76, 0.06, -0.09, 0.04
3087.0, 3795.0, 3807.0, 3687.0, 3371.0, 9.7, 1.92, 0.95, -0.08, -0.01, 0.02
3087.0, 3793.0, 3804.0, 3683.0, 3370.0, 10.03, 1.71, 0.39, 0.03, -0.06, -0.0
3071.0, 3782.0, 3792.0, 3677.0, 3356.0, 9.88, 1.62, 0.63, -0.03, -0.1, -0.01
3071.0, 3783.0, 3798.0, 3701.0, 3357.0, 9.89, 1.9, 0.42, -0.08, 0.03, -0.04
3081.0, 3782.0, 3792.0, 3673.0, 3352.0, 10.02, 1.93, 0.44, 0.06, -0.06, -0.03
3071.0, 3787.0, 3792.0, 3668.0, 3350.0, 9.77, 1.93, 0.85, -0.07, -0.1, -0.02
3085.0, 3777.0, 3795.0, 3674.0, 3349.0, 9.9, 2.02, 0.62, -0.02, 0.01, -0.02
3085.0, 3776.0, 3792.0, 3666.0, 3350.0, 9.98, 1.78, 0.65, -0.05, -0.1, -0.01
3085.0, 3776.0, 3793.0, 3665.0, 3346.0, 9.81, 2.03, 0.59, -0.02, -0.03, -0.0
3088.0, 3776.0, 3792.0, 3661.0, 3345.0, 9.85, 1.93, 0.67, 0.0, -0.16, 0.05
3088.0, 3778.0, 3790.0, 3699.0, 3344.0, 10.11, 1.72, 0.08, 0.03, -0.09, -0.01
3088.0, 3771.0, 3792.0, 3664.0, 3344.0, 9.82, 1.62, 0.68, 0.07, -0.14, 0.02
3088.0, 3776.0, 3791.0, 3664.0, 3344.0, 9.95, 1.83, 0.14, 0.11, 0.03, 0.0
3091.0, 3775.0, 3791.0, 3661.0, 3341.0, 9.86, 1.7, 0.54, 0.05, -0.06, -0.01
3089.0, 3771.0, 3785.0, 3659.0, 3342.0, 9.94, 1.96, 0.65, -0.08, -0.01, -0.06
3089.0, 3783.0, 3783.0, 3659.0, 3341.0, 9.96, 1.91, 0.26, -0.01, -0.04, -0.06
3088.0, 3792.0, 3779.0, 3660.0, 3341.0, 9.89, 1.84, 0.48, -0.15, -0.11, -0.07
