3244.0, 3117.0, 3347.0, 3201.0, 2873.0, 4.03, 6.56, 5.59, -0.06, -0.14, 0.01
3246.0, 3120.0, 3347.0, 3202.0, 2873.0, 4.22, 6.74, 5.99, -0.08, -0.15, -0.03
3248.0, 3126.0, 3350.0, 3205.0, 2871.0, 3.97, 7.13, 6.36, 0.05, -0.0, -0.01
3243.0, 3143.0, 3348.0, 3200.0, 2865.0, 3.44, 8.05, 4.92, 0.49, -0.11, -0.37
3248.0, 3145.0, 3339.0, 3175.0, 2858.0, 3.21, 10.45, 6.07, 0.19, -0.47, -0.1
3253.0, 3142.0, 3338.0, 3152.0, 2839.0, 3.34, 10.54, 6.47, -0.09, -1.43, 0.68
3269.0, 3150.0, 3312.0, 3143.0, 2838.0, 5.22, 8.23, 4.42, 0.11, -1.19, 1.48
3267.0, 3166.0, 3281.0, 3142.0, 2834.0, 7.0, 7.08, 4.26, 1.17, -0.07, 1.25
3264.0, 3219.0, 3298.0, 3163.0, 2835.0, 5.57, 6.82, 4.49, 1.3, -0.02, 1.4
3262.0, 3265.0, 3380.0, 3189.0, 2839.0, 6.32, 5.4, 4.37, 1.3, -0.21, 1.6
3259.0, 3405.0, 3357.0, 3271.0, 2864.0, 6.53, 5.61, 3.82, 1.52, -0.21, 1.46
3255.0, 3545.0, 3583.0, 3426.0, 2923.0, 6.51, 5.18, 2.89, 1.54, -0.09, 1.32
3249.0, 3693.0, 3671.0, 3526.0, 3006.0, 7.99, 3.73, 3.1, 1.04, -0.28, 1.46
3247.0, 3728.0, 3734.0, 3613.0, 3056.0, 8.24, 3.62, 2.56, 1.28, -0.34, 1.15
3242.0, 3760.0, 3785.0, 3663.0, 3142.0, 8.87, 2.81, 1.38, 1.17, -0.29, 1.1
3223.0, 3769.0, 3789.0, 3680.0, 3200.0, 9.25, 2.14, 1.59, 1.19, -0.5, 0.96
3216.0, 3779.0, 3796.0, 3694.0, 3235.0, 9.29, 1.99, 0.39, 1.1, -0.46, 0.87
3226.0, 3794.0, 3797.0, 3710.0, 3279.0, 9.96, 1.53, -0.06, 0.93, -0.13, 0.31
3313.0, 3805.0, 3841.0, 3737.0, 3318.0, 9.75, 1.41, 0.02, 1.65, -0.0, 0.49
3302.0, 3811.0, 3847.0, 3759.0, 3358.0, 9.19, 1.86, -0.11, 1.35, 0.76, 0.1
3274.0, 3803.0, 3850.0, 3760.0, 3375.0, 10.89, 0.93, -0.46, 1.4, 1.22, 0.18
3262.0, 3799.0, 3854.0, 3755.0, 3377.0, 10.08, 1.35, 0.05, 0.3, 0.02, 0.22
3264.0, 3792.0, 3824.0, 3746.0, 3376.0, 9.24, 1.69, 0.84, 0.14, 0.26, -0.04
3268.0, 3831.0, 3825.0, 3742.0, 3371.0, 10.09, 1.61, 0.21, 0.0, 0.41, -0.38
3267.0, 3792.0, 3856.0, 3741.0, 3367.0, 11.59, 2.76, -0.33, -0.08, 0.03, -0.07
3268.0, 3781.0, 3861.0, 3728.0, 3361.0, 9.22, 1.33, 2.04, -0.3, 0.24, -0.18
3263.0, 3776.0, 3840.0, 3729.0, 3363.0, 10.65, 1.3, 0.83, -0.4, 0.0, -0.33
3259.0, 3773.0, 3858.0, 3725.0, 3356.0, 9.64, 2.72, 1.63, -0.42, -0.4, -0.56
3263.0, 3774.0, 3983.0, 3727.0, 3355.0, 8.6, 3.9, 1.54, -0.27, -0.19, -0.39
3264.0, 3766.0, 3814.0, 3726.0, 3354.0, 9.71, 3.25, 0.43, -0.22, -0.11, -0.22
3259.0, 3767.0, 3824.0, 3725.0, 3350.0, 9.46, 3.27, 1.06, -0.12, -0.21, -0.1
3263.0, 3761.0, 3806.0, 3718.0, 3352.0, 9.45, 2.81, 0.68, -0.11, 0.02, -0.18
3260.0, 3765.0, 3827.0, 3723.0, 3350.0, 9.6, 3.19, 0.26, -0.1, -0.07, -0.15
3262.0, 3760.0, 3793.0, 3722.0, 3349.0, 9.23, 3.12, 1.05, -0.12, -0.04, -0.19
3259.0, 3763.0, 3797.0, 3724.0, 3339.0, 9.57, 3.29, 0.88, -0.09, 0.09, -0.17
3259.0, 3756.0, 3792.0, 3712.0, 3347.0, 9.53, 3.05, 0.79, -0.09, -0.05, -0.16
3264.0, 3760.0, 3792.0, 3715.0, 3345.0, 9.15, 3.51, 1.2, -0.14, 0.1, -0.21
3261.0, 3760.0, 3787.0, 3715.0, 3344.0, 9.47, 3.89, 1.36, -0.09, 0.04, -0.15
3259.0, 3753.0, 3786.0, 3713.0, 3344.0, 9.08, 4.04, 1.7, -0.08, -0.06, -0.06
3263.0, 3757.0, 3790.0, 3712.0, 3344.0, 9.03, 4.34, 1.46, 0.04, -0.01, 0.02
3262.0, 3754.0, 3785.0, 3713.0, 3341.0, 9.61, 3.41, 0.9, 0.1, -0.05, 0.06
3254.0, 3751.0, 3787.0, 3712.0, 3342.0, 9.26, 3.32, 1.3, 0.04, -0.12, 0.12
3264.0, 3749.0, 3790.0, 3710.0, 3342.0, 9.26, 3.25, 0.81, 0.05, 0.12, -0.01
3254.0, 3775.0, 3785.0, 3715.0, 3351.0, 9.61, 3.39, 1.11, 0.02, -0.04, 0.02
3263.0, 3792.0, 3783.0, 3712.0, 3337.0, 9.14, 3.42, 1.43, -0.01, -0.04, 0.06
3261.0, 3749.0, 3786.0, 3707.0, 3337.0, 9.5, 3.24, 1.12, 0.11, 0.08, -0.05
3262.0, 3710.0, 3782.0, 3716.0, 3337.0, 9.34, 3.34, 1.67, 0.01, -0.15, 0.06
3261.0, 3744.0, 3786.0, 3711.0, 3337.0, 9.25, 3.52, 1.49, 0.05, 0.04, -0.01
3259.0, 3746.0, 3783.0, 3705.0, 3335.0, 9.47, 3.45, 1.08, 0.07, -0.09, 0.03
