3771.0, 3381.0, 3460.0, 3178.0, 3434.0, 9.48, 3.17, 1.45, 0.02, -0.06, -0.04
3738.0, 3376.0, 3456.0, 3182.0, 3433.0, 9.5, 2.71, 1.1, -0.05, -0.02, -0.1
3763.0, 3377.0, 3453.0, 3182.0, 3430.0, 9.36, 3.09, 1.97, -0.24, -0.17, -0.14
3761.0, 3379.0, 3443.0, 3170.0, 3440.0, 9.49, 3.23, 1.36, -0.25, -0.09, -0.19
3765.0, 3378.0, 3441.0, 3183.0, 3443.0, 9.35, 3.78, 1.97, -0.12, -0.08, -0.1
3762.0, 3375.0, 3440.0, 3167.0, 3440.0, 9.52, 3.66, 2.25, 0.01, -0.21, -0.04
3765.0, 3377.0, 3442.0, 3187.0, 3440.0, 9.23, 3.22, 0.92, 0.04, 0.02, -0.1
3760.0, 3374.0, 3456.0, 3195.0, 3438.0, 10.4, 2.0, 1.36, 0.02, 0.09, -0.36
3759.0, 3367.0, 3432.0, 3202.0, 3440.0, 9.01, 4.6, 0.87, 0.1, -0.1, 0.02
3760.0, 3362.0, 3423.0, 3210.0, 3443.0, 9.25, 3.47, 1.75, 0.08, 0.04, 0.07
3762.0, 3360.0, 3421.0, 3226.0, 3469.0, 9.12, 3.33, 1.95, -0.1, 0.06, 0.07
3739.0, 3357.0, 3412.0, 3228.0, 3471.0, 9.36, 3.15, 1.76, -0.08, -0.09, 0.08
3761.0, 3354.0, 3414.0, 3219.0, 3469.0, 9.33, 3.5, 2.44, -0.12, -0.22, -0.13
3749.0, 3346.0, 3408.0, 3212.0, 3461.0, 8.97, 3.71, 1.8, 0.08, 0.02, -0.09
3761.0, 3351.0, 3418.0, 3233.0, 3457.0, 9.18, 3.59, 1.67, -0.09, -0.09, 0.02
3767.0, 3347.0, 3412.0, 3233.0, 3461.0, 9.38, 3.29, 1.87, -0.09, -0.08, 0.04
3767.0, 3347.0, 3409.0, 3237.0, 3453.0, 9.3, 3.25, 1.46, 0.06, 0.01, 0.03
3762.0, 3347.0, 3410.0, 3241.0, 3451.0, 9.27, 3.49, 1.78, 0.02, 0.04, 0.0
3762.0, 3346.0, 3409.0, 3241.0, 3447.0, 9.29, 3.41, 1.7, 0.02, -0.02, -0.02
3751.0, 3345.0, 3409.0, 3243.0, 3447.0, 9.22, 3.32, 1.69, -0.01, 0.01, -0.07
3763.0, 3342.0, 3408.0, 3243.0, 3429.0, 9.24, 3.43, 2.12, -0.1, 0.09, 0.03
3763.0, 3338.0, 3408.0, 3251.0, 3451.0, 9.07, 3.4, 1.52, -0.14, 0.03, 0.12
3756.0, 3329.0, 3406.0, 3228.0, 3466.0, 9.36, 2.84, 2.59, -0.18, -0.26, 0.08
3760.0, 3326.0, 3408.0, 3219.0, 3460.0, 9.14, 3.05, 2.36, -0.06, 0.06, -0.1
3760.0, 3326.0, 3402.0, 3219.0, 3462.0, 9.26, 3.51, 2.3, 0.09, -0.0, -0.11
3728.0, 3339.0, 3408.0, 3218.0, 3458.0, 9.23, 3.51, 1.73, -0.05, -0.15, -0.02
3759.0, 3319.0, 3407.0, 3216.0, 3458.0, 9.2, 3.18, 1.32, -0.08, -0.07, -0.04
3760.0, 3318.0, 3407.0, 3218.0, 3455.0, 9.27, 3.39, 1.71, -0.06, 0.13, -0.09
3757.0, 3319.0, 3404.0, 3217.0, 3455.0, 9.29, 3.68, 2.09, -0.06, 0.01, -0.07
3760.0, 3318.0, 3406.0, 3216.0, 3455.0, 9.03, 3.83, 2.4, -0.15, -0.12, -0.06
3782.0, 3318.0, 3407.0, 3216.0, 3452.0, 9.1, 3.62, 2.43, -0.05, -0.04, -0.04
3760.0, 3317.0, 3405.0, 3216.0, 3451.0, 9.4, 3.52, 2.38, 0.09, 0.02, -0.0
3755.0, 3314.0, 3403.0, 3213.0, 3455.0, 9.17, 3.25, 2.49, -0.03, -0.26, -0.02
3765.0, 3328.0, 3413.0, 3230.0, 3465.0, 9.02, 3.32, 1.92, 0.1, -0.12, -0.0
3758.0, 3313.0, 3403.0, 3214.0, 3449.0, 9.28, 3.45, 1.69, 0.01, -0.03, 0.1
3778.0, 3318.0, 3394.0, 3205.0, 3445.0, 9.28, 3.28, 2.09, 0.07, 0.05, 0.12
3763.0, 3312.0, 3397.0, 3216.0, 3446.0, 9.1, 3.35, 2.25, 0.17, 0.12, 0.04
3790.0, 3315.0, 3403.0, 3214.0, 3450.0, 9.3, 3.4, 2.33, 0.03, -0.04, 0.08
3757.0, 3313.0, 3399.0, 3215.0, 3443.0, 9.26, 3.15, 2.09, 0.12, -0.04, 0.11
3763.0, 3312.0, 3402.0, 3214.0, 3441.0, 9.36, 3.03, 1.95, 0.05, 0.06, 0.02
3759.0, 3313.0, 3402.0, 3213.0, 3456.0, 9.24, 3.39, 2.18, 0.04, -0.03, -0.02
3759.0, 3313.0, 3401.0, 3214.0, 3447.0, 9.25, 3.24, 2.24, 0.06, -0.01, 0.02
3759.0, 3314.0, 3406.0, 3216.0, 3446.0, 9.37, 3.18, 2.02, 0.04, 0.0, -0.0
3755.0, 3312.0, 3403.0, 3215.0, 3450.0, 9.29, 3.15, 1.9, 0.08, -0.05, -0.03
3759.0, 3312.0, 3432.0, 3216.0, 3446.0, 9.1, 3.36, 2.17, 0.11, 0.04, -0.03
3758.0, 3314.0, 3403.0, 3216.0, 3444.0, 9.33, 3.31, 2.08, 0.05, 0.02, -0.01
3760.0, 3312.0, 3401.0, 3191.0, 3445.0, 9.12, 3.4, 2.1, 0.04, -0.05, 0.0
3755.0, 3313.0, 3401.0, 3206.0, 3442.0, 9.1, 3.4, 2.22, 0.07, 0.1, 0.02
3755.0, 3310.0, 3402.0, 3211.0, 3441.0, 9.26, 3.24, 2.4, 0.08, -0.03, -0.0
3742.0, 3312.0, 3402.0, 3210.0, 3443.0, 9.26, 3.27, 2.2, 0.04, -0.07, 0.01
3759.0, 3313.0, 3403.0, 3211.0, 3450.0, 9.36, 3.2, 1.99, 0.05, 0.05, 0.02
