3849.0, 3392.0, 3524.0, 3122.0, 3531.0, 9.9, 0.65, -2.06, -0.02, 0.08, -0.1
3843.0, 3392.0, 3523.0, 3120.0, 3533.0, 9.94, 1.19, -2.31, -0.16, -0.01, -0.02
3835.0, 3397.0, 3519.0, 3119.0, 3525.0, 10.2, 1.19, -2.44, -0.1, -0.04, -0.21
3831.0, 3431.0, 3515.0, 3118.0, 3558.0, 9.17, 0.81, -2.01, -0.13, -0.06, -0.07
3834.0, 3386.0, 3504.0, 3117.0, 3516.0, 9.98, 1.56, -2.6, -0.02, 0.13, -0.01
3829.0, 3390.0, 3503.0, 3107.0, 3520.0, 9.9, 1.47, -2.19, -0.02, -0.19, -0.03
3857.0, 3383.0, 3503.0, 3105.0, 3517.0, 9.46, 1.06, -1.92, 0.0, 0.03, -0.06
3824.0, 3345.0, 3501.0, 3107.0, 3511.0, 10.33, 1.42, -2.3, 0.0, -0.1, 0.02
3829.0, 3393.0, 3507.0, 3118.0, 3520.0, 10.01, 1.35, -2.26, 0.05, -0.08, -0.08
3823.0, 3379.0, 3494.0, 3089.0, 3507.0, 9.49, 1.18, -2.18, 0.02, -0.03, -0.03
3824.0, 3385.0, 3498.0, 3110.0, 3507.0, 9.83, 1.43, -2.3, 0.01, 0.02, -0.01
3827.0, 3395.0, 3507.0, 3110.0, 3515.0, 9.79, 1.43, -2.3, 0.03, -0.1, -0.03
3828.0, 3390.0, 3504.0, 3118.0, 3513.0, 9.5, 1.21, -2.2, -0.07, -0.04, 0.03
3824.0, 3392.0, 3503.0, 3115.0, 3513.0, 9.8, 1.28, -2.44, -0.02, 0.03, -0.03
3824.0, 3393.0, 3501.0, 3115.0, 3510.0, 9.73, 1.21, -2.29, -0.02, -0.1, -0.04
3817.0, 3391.0, 3503.0, 3110.0, 3507.0, 9.58, 1.36, -2.28, -0.06, 0.13, -0.05
3819.0, 3392.0, 3503.0, 3114.0, 3507.0, 10.14, 1.46, -2.23, -0.02, -0.07, -0.04
3822.0, 3395.0, 3506.0, 3117.0, 3507.0, 9.95, 1.47, -2.28, -0.05, -0.06, -0.07
3824.0, 3376.0, 3486.0, 3106.0, 3484.0, 10.14, 1.27, -2.27, -0.14, 0.07, 0.04
3816.0, 3392.0, 3493.0, 3122.0, 3504.0, 9.91, 1.4, -2.01, -0.17, -0.05, 0.07
3813.0, 3388.0, 3501.0, 3113.0, 3504.0, 9.3, 1.3, -2.01, -0.09, -0.08, 0.05
3815.0, 3390.0, 3502.0, 3113.0, 3504.0, 9.52, 1.37, -2.37, -0.17, -0.1, -0.02
3808.0, 3380.0, 3495.0, 3103.0, 3493.0, 9.4, 1.51, -2.56, -0.09, -0.05, -0.12
3805.0, 3380.0, 3492.0, 3105.0, 3489.0, 9.46, 1.72, -2.35, -0.06, 0.2, -0.11
3795.0, 3392.0, 3494.0, 3111.0, 3486.0, 9.95, 1.69, -2.03, -0.03, 0.17, -0.11
3811.0, 3378.0, 3490.0, 3102.0, 3489.0, 9.72, 1.7, -1.62, 0.08, 0.13, -0.12
3808.0, 3379.0, 3495.0, 3103.0, 3485.0, 10.14, 1.79, -1.53, 0.1, 0.07, -0.17
3809.0, 3379.0, 3490.0, 3105.0, 3485.0, 10.02, 1.64, -1.55, 0.1, -0.1, -0.1
3803.0, 3381.0, 3495.0, 3107.0, 3485.0, 9.99, 1.52, -1.78, 0.03, 0.0, -0.05
3808.0, 3383.0, 3500.0, 3111.0, 3488.0, 9.96, 1.74, -1.87, -0.02, -0.05, -0.03
3805.0, 3381.0, 3520.0, 3104.0, 3486.0, 9.45, 1.66, -1.67, -0.02, 0.02, -0.01
3813.0, 3378.0, 3488.0, 3102.0, 3497.0, 9.64, 1.78, -2.0, -0.09, 0.11, 0.05
3818.0, 3378.0, 3491.0, 3106.0, 3488.0, 9.65, 1.78, -1.92, -0.06, 0.03, 0.01
3809.0, 3382.0, 3492.0, 3111.0, 3479.0, 9.56, 1.74, -1.75, -0.05, 0.16, -0.02
3815.0, 3379.0, 3493.0, 3103.0, 3475.0, 9.92, 1.81, -1.63, -0.11, 0.14, -0.04
3805.0, 3381.0, 3489.0, 3104.0, 3477.0, 9.89, 1.91, -1.41, -0.07, 0.14, -0.05
3809.0, 3381.0, 3481.0, 3101.0, 3485.0, 10.1, 2.07, -1.08, -0.07, 0.22, -0.03
3807.0, 3385.0, 3476.0, 3098.0, 3479.0, 10.09, 2.23, -0.72, -0.06, 0.04, -0.03
3809.0, 3379.0, 3472.0, 3093.0, 3498.0, 9.8, 2.07, -0.57, 0.05, -0.01, -0.02
3813.0, 3382.0, 3472.0, 3093.0, 3478.0, 9.94, 1.88, -1.07, 0.08, -0.08, 0.01
3808.0, 3383.0, 3472.0, 3095.0, 3475.0, 9.9, 1.81, -1.2, 0.04, -0.05, 0.04
3830.0, 3380.0, 3467.0, 3092.0, 3477.0, 9.88, 1.83, -1.08, 0.0, -0.0, 0.01
3803.0, 3386.0, 3475.0, 3093.0, 3475.0, 9.66, 1.77, -0.79, 0.01, -0.04, 0.0
3828.0, 3383.0, 3475.0, 3093.0, 3478.0, 9.78, 1.91, -1.38, 0.04, -0.1, -0.01
3823.0, 3385.0, 3473.0, 3097.0, 3471.0, 9.88, 1.88, -1.23, 0.02, -0.04, -0.06
3809.0, 3382.0, 3487.0, 3101.0, 3472.0, 9.74, 2.03, -1.15, 0.04, -0.02, -0.04
3807.0, 3387.0, 3473.0, 3094.0, 3473.0, 9.74, 1.98, -1.16, 0.04, -0.0, -0.03
3803.0, 3383.0, 3475.0, 3095.0, 3478.0, 10.05, 1.88, -0.94, 0.03, 0.07, 0.01
3824.0, 3382.0, 3473.0, 3098.0, 3472.0, 9.81, 1.6, -1.06, -0.02, -0.06, 0.03
3809.0, 3383.0, 3474.0, 3102.0, 3472.0, 9.99, 1.85, -1.19, 0.0, 0.06, -0.01
3808.0, 3385.0, 3478.0, 3099.0, 3473.0, 9.83, 2.12, -0.9, -0.02, -0.01, -0.05
3808.0, 3386.0, 3483.0, 3101.0, 3472.0, 9.55, 2.08, -0.93, 0.03, -0.02, -0.05
3813.0, 3387.0, 3476.0, 3101.0, 3472.0, 9.77, 2.25, -1.19, 0.06, -0.02, -0.07
3819.0, 3389.0, 3479.0, 3099.0, 3472.0, 9.71, 2.21, -1.2, 0.06, -0.02, -0.01
3808.0, 3373.0, 3481.0, 3101.0, 3472.0, 9.66, 1.81, -1.12, -0.07, 0.01, 0.08
3817.0, 3389.0, 3483.0, 3099.0, 3472.0, 10.12, 1.68, -1.33, -0.16, 0.01, 0.08
3850.0, 3367.0, 3477.0, 3098.0, 3471.0, 9.85, 2.13, -0.98, -0.13, 0.02, -0.07
3839.0, 3387.0, 3562.0, 3135.0, 3487.0, 9.7, 2.06, -0.07, -0.21, 0.02, -0.04
3815.0, 3386.0, 3515.0, 3120.0, 3469.0, 10.34, 2.06, -0.37, -0.3, 0.15, 0.16
3813.0, 3382.0, 3529.0, 3122.0, 3470.0, 10.05, 1.91, -0.35, -0.19, 0.04, 0.1
3838.0, 3384.0, 3530.0, 3138.0, 3502.0, 9.92, 1.37, -0.61, -0.2, 0.16, 0.18
3811.0, 3376.0, 3531.0, 3120.0, 3466.0, 10.27, 1.65, -0.74, -0.25, -0.06, 0.0
3814.0, 3375.0, 3532.0, 3123.0, 3470.0, 9.5, 1.66, -0.11, 0.03, 0.02, -0.07
3821.0, 3376.0, 3533.0, 3124.0, 3461.0, 9.9, 1.84, -0.57, -0.06, -0.04, 0.05
3817.0, 3376.0, 3509.0, 3114.0, 3467.0, 9.94, 1.84, -0.51, 0.01, -0.12, -0.02
3822.0, 3376.0, 3499.0, 3109.0, 3462.0, 9.6, 1.65, -0.24, 0.06, -0.09, -0.04
3815.0, 3375.0, 3520.0, 3118.0, 3460.0, 10.05, 1.77, -0.6, 0.03, 0.03, 0.03
3795.0, 3375.0, 3520.0, 3120.0, 3463.0, 10.09, 1.6, -0.53, -0.03, -0.08, 0.01
