2702.0, 2691.0, 3299.0, 3041.0, 2801.0, 2.51, 3.13, 8.96, 0.02, -0.03, -0.01
2719.0, 2704.0, 3312.0, 3057.0, 2816.0, 2.53, 3.16, 8.9, 0.01, -0.04, -0.01
2713.0, 2704.0, 3310.0, 3056.0, 2813.0, 2.59, 3.15, 8.87, 0.02, -0.04, -0.01
2715.0, 2704.0, 3309.0, 3056.0, 2814.0, 2.52, 3.2, 8.9, 0.02, -0.03, -0.01
2703.0, 2694.0, 3298.0, 3044.0, 2801.0, 2.51, 3.16, 8.79, 0.01, -0.04, -0.01
2704.0, 2695.0, 3301.0, 3059.0, 2801.0, 2.52, 3.17, 8.88, 0.01, -0.03, -0.01
2704.0, 2693.0, 3300.0, 3046.0, 2800.0, 2.53, 3.16, 8.85, -0.0, -0.05, -0.0
2704.0, 2691.0, 3301.0, 3045.0, 2809.0, 2.48, 3.11, 8.85, 0.02, -0.03, -0.01
2704.0, 2690.0, 3299.0, 3044.0, 2800.0, 2.67, 3.16, 8.98, 0.01, -0.04, -0.01
2707.0, 2670.0, 3307.0, 3047.0, 2798.0, 2.52, 3.12, 8.83, 0.01, -0.03, -0.01
2704.0, 2689.0, 3302.0, 3045.0, 2800.0, 2.56, 3.17, 8.88, 0.0, -0.04, -0.01
2704.0, 2695.0, 3301.0, 3046.0, 2800.0, 2.56, 3.23, 8.88, 0.0, -0.04, -0.01
2707.0, 2689.0, 3301.0, 3047.0, 2801.0, 2.59, 3.13, 8.9, 0.01, -0.05, -0.01
2704.0, 2693.0, 3301.0, 3049.0, 2800.0, 2.61, 3.08, 8.88, 0.02, -0.03, -0.0
2704.0, 2693.0, 3299.0, 3044.0, 2800.0, 2.55, 3.12, 9.14, 0.1, -0.07, -0.06
2706.0, 2703.0, 3333.0, 3067.0, 2803.0, 2.99, 3.5, 10.45, 0.39, -0.89, -0.0
2723.0, 2719.0, 3414.0, 3152.0, 2835.0, 3.63, 4.79, 13.17, 1.17, -1.45, -0.23
2768.0, 2752.0, 3475.0, 3214.0, 2905.0, 4.08, 7.15, 12.67, 1.49, -2.95, 0.74
2816.0, 2786.0, 3615.0, 3312.0, 3004.0, 5.8, 3.62, 8.71, 1.39, -3.41, 0.26
2857.0, 2815.0, 3672.0, 3379.0, 3101.0, 6.14, 4.36, 6.11, 0.33, -3.61, 0.64
2866.0, 2821.0, 3696.0, 3381.0, 3144.0, 5.68, 3.81, 3.34, -0.06, -3.59, 0.69
2886.0, 2834.0, 3750.0, 3415.0, 3186.0, 6.74, 3.1, -0.18, 1.3, -2.57, -0.3
2896.0, 2844.0, 3755.0, 3425.0, 3219.0, 7.39, 3.58, -0.6, -0.07, -2.33, 0.48
2902.0, 2853.0, 3792.0, 3447.0, 3238.0, 6.94, 5.43, -2.32, 0.56, -1.8, -0.18
2906.0, 2865.0, 3774.0, 3437.0, 3248.0, 7.54, 2.74, -3.67, 0.86, -1.35, -0.48
2903.0, 2875.0, 3763.0, 3430.0, 3245.0, 7.37, 4.34, -4.42, -0.35, -1.02, 0.39
2902.0, 2878.0, 3760.0, 3428.0, 3245.0, 7.38, 5.17, -5.59, 0.33, -0.36, -0.29
2899.0, 2879.0, 3758.0, 3421.0, 3238.0, 7.87, 3.45, -5.63, 0.31, -0.21, -0.39
2896.0, 2875.0, 3747.0, 3418.0, 3233.0, 7.1, 4.1, -5.17, 0.21, 0.15, -0.33
2894.0, 2875.0, 3749.0, 3410.0, 3227.0, 6.58, 5.59, -6.28, 0.31, 0.72, -0.53
2886.0, 2865.0, 3738.0, 3426.0, 3222.0, 7.48, 4.7, -4.57, 0.74, 0.92, -0.85
2894.0, 2876.0, 3726.0, 3406.0, 3213.0, 8.6, 3.99, -2.13, 0.3, 1.08, -0.33
2887.0, 2866.0, 3733.0, 3408.0, 3219.0, 8.39, 7.21, 0.38, -0.04, 0.85, 0.06
2875.0, 2869.0, 3731.0, 3406.0, 3229.0, 8.75, 5.49, -1.82, 0.89, 0.53, -0.82
2885.0, 2869.0, 3739.0, 3407.0, 3216.0, 8.72, 4.59, -1.13, -0.16, 0.06, 0.11
2886.0, 2864.0, 3729.0, 3401.0, 3212.0, 7.96, 6.08, -1.2, -0.17, 0.14, -0.06
2877.0, 2859.0, 3760.0, 3404.0, 3206.0, 8.38, 5.74, -1.7, -0.16, -0.05, -0.07
2883.0, 2864.0, 3728.0, 3400.0, 3209.0, 8.19, 6.04, -2.01, -0.01, 0.15, -0.19
2884.0, 2861.0, 3727.0, 3399.0, 3207.0, 7.92, 5.78, -2.9, 0.13, 0.05, -0.15
2881.0, 2861.0, 3726.0, 3399.0, 3205.0, 7.81, 5.88, -1.75, -0.1, 0.06, -0.03
2883.0, 2857.0, 3723.0, 3395.0, 3203.0, 8.05, 6.26, -1.75, 0.08, 0.01, -0.12
2882.0, 2857.0, 3719.0, 3392.0, 3204.0, 8.19, 5.87, -1.81, -0.0, -0.06, 0.04
2880.0, 2859.0, 3718.0, 3393.0, 3200.0, 8.08, 6.0, -2.1, -0.01, -0.01, -0.01
2881.0, 2860.0, 3719.0, 3392.0, 3201.0, 8.13, 5.61, -1.76, -0.04, -0.03, 0.08
2878.0, 2855.0, 3718.0, 3393.0, 3198.0, 7.86, 5.69, -1.96, -0.0, -0.12, 0.01
2864.0, 2853.0, 3722.0, 3409.0, 3197.0, 7.94, 5.9, -1.67, -0.01, 0.04, -0.01
2878.0, 2855.0, 3721.0, 3392.0, 3197.0, 7.9, 5.87, -1.81, -0.03, 0.05, 0.03
2880.0, 2855.0, 3716.0, 3391.0, 3197.0, 7.95, 5.87, -1.69, 0.01, 0.05, 0.01
2878.0, 2852.0, 3680.0, 3387.0, 3194.0, 8.12, 5.67, -1.71, 0.04, -0.05, -0.07
2867.0, 2847.0, 3721.0, 3397.0, 3211.0, 7.9, 5.86, -1.71, 0.02, 0.07, -0.01
2879.0, 2854.0, 3714.0, 3391.0, 3196.0, 8.4, 5.42, -1.65, -0.07, 0.01, 0.01
2881.0, 2854.0, 3709.0, 3386.0, 3195.0, 8.17, 6.16, -1.24, -0.09, -0.04, 0.07
