3006.0, 2974.0, 3229.0, 3045.0, 2757.0, 9.54, 3.01, -1.69, 0.05, -0.03, -0.03
3003.0, 2963.0, 3219.0, 3035.0, 2790.0, 9.49, 3.09, -1.62, -0.01, -0.06, -0.03
3006.0, 2964.0, 3224.0, 3037.0, 2800.0, 9.45, 3.24, -1.58, 0.01, -0.07, -0.02
3001.0, 2962.0, 3222.0, 3037.0, 2789.0, 9.39, 3.18, -1.63, 0.02, -0.06, 0.0
3015.0, 2962.0, 3222.0, 3035.0, 2793.0, 9.5, 3.06, -1.81, 0.02, -0.03, -0.02
3003.0, 2965.0, 3221.0, 3035.0, 2789.0, 9.44, 3.08, -1.66, -0.03, -0.01, -0.02
3003.0, 2965.0, 3225.0, 3059.0, 2800.0, 9.61, 3.2, -1.49, 0.01, -0.05, -0.03
3005.0, 2963.0, 3225.0, 3037.0, 2794.0, 9.43, 3.17, -1.72, 0.02, -0.04, -0.01
2999.0, 2966.0, 3220.0, 3034.0, 2787.0, 9.38, 3.17, -1.78, 0.01, 0.02, -0.02
3003.0, 2967.0, 3222.0, 3037.0, 2786.0, 9.44, 3.06, -1.59, -0.03, 0.02, 0.01
3003.0, 2970.0, 3225.0, 3039.0, 2789.0, 9.53, 2.94, -1.64, -0.04, -0.0, -0.02
3008.0, 2972.0, 3227.0, 3042.0, 2792.0, 9.51, 3.12, -1.49, -0.12, 0.15, -0.04
3009.0, 2979.0, 3237.0, 3049.0, 2791.0, 11.58, 3.74, -1.71, -0.31, 0.0, 0.11
3042.0, 3007.0, 3277.0, 3102.0, 2799.0, 9.48, 4.55, -0.75, 0.67, -1.11, 0.0
3081.0, 3035.0, 3329.0, 3280.0, 2853.0, 9.72, 3.35, -3.36, -0.2, -1.62, 0.73
3061.0, 3036.0, 3343.0, 3472.0, 2981.0, 9.6, 1.63, -5.09, 0.01, -0.58, -0.02
3039.0, 3027.0, 3333.0, 3583.0, 3103.0, 9.43, 0.98, -4.48, -0.39, -0.31, 0.16
3030.0, 3024.0, 3311.0, 3649.0, 3161.0, 9.49, 2.67, -2.15, -0.48, 0.16, -0.1
3029.0, 3024.0, 3300.0, 3694.0, 3200.0, 9.93, 1.62, -3.44, -0.3, -0.34, -0.03
3033.0, 3024.0, 3302.0, 3725.0, 3247.0, 8.41, 2.0, -3.28, -0.71, 0.07, -0.21
3044.0, 3024.0, 3294.0, 3728.0, 3268.0, 8.93, 2.09, -3.66, -0.8, 0.02, -0.32
3055.0, 3024.0, 3296.0, 3723.0, 3268.0, 9.17, 3.62, -1.17, -0.86, 0.18, -0.57
3058.0, 3024.0, 3291.0, 3711.0, 3264.0, 9.36, 4.97, -1.75, -0.66, 0.04, -0.26
3071.0, 3021.0, 3286.0, 3706.0, 3251.0, 8.75, 4.83, -0.56, -0.27, -0.0, -0.19
3088.0, 3024.0, 3282.0, 3701.0, 3248.0, 8.92, 5.25, -1.53, 0.03, -0.21, 0.05
3071.0, 3024.0, 3280.0, 3699.0, 3243.0, 8.8, 4.19, -1.98, 0.02, -0.03, -0.08
3071.0, 3024.0, 3280.0, 3696.0, 3235.0, 9.33, 4.1, -2.1, 0.13, -0.08, 0.0
3082.0, 3023.0, 3280.0, 3676.0, 3235.0, 9.01, 3.92, -2.45, 0.02, -0.16, -0.06
3083.0, 3024.0, 3280.0, 3696.0, 3233.0, 8.78, 4.05, -2.49, 0.12, -0.12, -0.02
3086.0, 3025.0, 3278.0, 3683.0, 3230.0, 8.93, 4.31, -2.34, 0.08, -0.05, -0.01
3088.0, 3021.0, 3280.0, 3675.0, 3237.0, 8.99, 4.19, -2.26, 0.1, -0.07, 0.01
3071.0, 3023.0, 3279.0, 3680.0, 3225.0, 9.03, 3.99, -2.56, 0.1, -0.07, 0.03
3071.0, 3012.0, 3273.0, 3677.0, 3223.0, 8.95, 3.98, -2.55, 0.09, -0.04, -0.02
3083.0, 3019.0, 3273.0, 3671.0, 3220.0, 8.75, 3.79, -2.37, 0.05, -0.06, 0.02
3071.0, 3018.0, 3274.0, 3673.0, 3216.0, 9.01, 4.1, -2.55, 0.07, -0.07, -0.02
3071.0, 3015.0, 3271.0, 3676.0, 3216.0, 8.7, 4.19, -2.66, 0.06, -0.06, 0.01
3071.0, 3018.0, 3268.0, 3675.0, 3216.0, 9.03, 4.1, -2.67, 0.1, -0.08, 0.07
3071.0, 3019.0, 3274.0, 3665.0, 3214.0, 9.0, 3.88, -2.48, 0.07, 0.03, -0.02
3071.0, 3019.0, 3275.0, 3669.0, 3212.0, 9.05, 3.88, -2.64, 0.04, -0.05, -0.03
3067.0, 3016.0, 3272.0, 3665.0, 3211.0, 8.98, 3.79, -2.67, 0.03, -0.04, -0.01
3071.0, 3015.0, 3280.0, 3662.0, 3218.0, 8.81, 3.96, -2.59, 0.02, -0.06, -0.03
3069.0, 3014.0, 3273.0, 3664.0, 3206.0, 8.8, 4.06, -2.68, 0.0, -0.04, -0.03
3068.0, 3013.0, 3274.0, 3667.0, 3209.0, 8.85, 3.85, -2.63, 0.04, -0.06, -0.01
3079.0, 3013.0, 3274.0, 3653.0, 3190.0, 8.98, 3.83, -2.79, -0.0, -0.03, -0.03
3070.0, 3014.0, 3275.0, 3675.0, 3204.0, 9.02, 4.13, -2.6, -0.02, -0.02, -0.02
3071.0, 3009.0, 3272.0, 3651.0, 3209.0, 8.94, 3.85, -2.72, 0.04, -0.04, -0.02
3093.0, 3009.0, 3276.0, 3655.0, 3190.0, 8.98, 4.1, -2.73, 0.07, -0.04, -0.03
3066.0, 3009.0, 3271.0, 3661.0, 3188.0, 9.0, 3.97, -2.71, 0.04, -0.04, -0.03
3070.0, 3010.0, 3275.0, 3663.0, 3161.0, 8.88, 3.71, -2.7, 0.03, -0.07, -0.03
3070.0, 3010.0, 3273.0, 3663.0, 3184.0, 8.86, 4.03, -2.67, 0.04, -0.07, -0.04
