2592.0, 2608.0, 3242.0, 3175.0, 2793.0, 9.54, 3.3, -0.68, 0.01, -0.1, 0.0
2559.0, 2608.0, 3246.0, 3156.0, 2785.0, 9.5, 3.25, -0.76, -0.02, 0.02, 0.01
2585.0, 2608.0, 3247.0, 3159.0, 2789.0, 9.58, 3.3, -0.67, -0.0, -0.02, -0.01
2589.0, 2608.0, 3265.0, 3157.0, 2789.0, 9.49, 3.28, -0.61, -0.03, -0.06, 0.0
2559.0, 2610.0, 3248.0, 3161.0, 2793.0, 9.52, 3.31, -0.62, 0.03, -0.05, -0.0
2559.0, 2608.0, 3248.0, 3157.0, 2789.0, 9.5, 3.27, -0.73, 0.01, -0.07, -0.01
2559.0, 2610.0, 3248.0, 3156.0, 2791.0, 9.47, 3.33, -0.77, -0.0, 0.01, -0.02
2559.0, 2609.0, 3249.0, 3157.0, 2790.0, 9.56, 3.34, -0.69, 0.04, -0.02, -0.03
2559.0, 2621.0, 3247.0, 3192.0, 2773.0, 9.56, 3.41, -0.56, 0.01, -0.13, 0.01
2559.0, 2608.0, 3250.0, 3157.0, 2795.0, 9.4, 3.45, -0.7, 0.09, -0.12, 0.05
2584.0, 2619.0, 3263.0, 3178.0, 2796.0, 9.42, 3.61, -0.21, 0.58, -0.8, 0.29
2593.0, 2624.0, 3269.0, 3199.0, 2802.0, 9.88, 3.13, -1.63, 0.04, -0.27, 0.21
2617.0, 2645.0, 3285.0, 3280.0, 2849.0, 9.29, 3.28, -2.57, -0.1, -1.75, 0.86
2693.0, 2703.0, 3283.0, 3312.0, 2953.0, 8.8, 1.51, -1.03, -0.32, -0.83, 0.67
2845.0, 2801.0, 3271.0, 3308.0, 3127.0, 9.26, 2.02, -3.37, 0.37, -1.05, 0.79
2897.0, 2850.0, 3274.0, 3310.0, 3191.0, 9.52, 1.88, -5.48, 1.11, -1.35, 0.31
2916.0, 2902.0, 3294.0, 3321.0, 3216.0, 9.16, 0.95, -4.27, 0.44, -1.04, 0.54
2912.0, 2937.0, 3583.0, 3491.0, 3216.0, 8.18, -0.18, -6.53, -0.24, -0.53, 0.32
2921.0, 2961.0, 3732.0, 3583.0, 3216.0, 8.95, 0.42, -5.37, 0.24, -0.33, -0.13
2928.0, 2982.0, 3773.0, 3612.0, 3229.0, 8.82, -0.15, -6.24, 0.32, -0.56, -0.11
2934.0, 2988.0, 3819.0, 3613.0, 3245.0, 8.28, 0.93, -6.57, 0.3, 0.04, -0.12
2939.0, 2990.0, 3792.0, 3617.0, 3249.0, 8.48, 1.18, -5.83, 0.31, -0.17, -0.17
2941.0, 2990.0, 3791.0, 3613.0, 3248.0, 8.24, 0.39, -6.09, 0.14, 0.11, -0.07
2935.0, 2982.0, 3783.0, 3606.0, 3248.0, 8.5, 0.28, -6.22, 0.05, -0.01, -0.03
2933.0, 2981.0, 3777.0, 3609.0, 3246.0, 8.03, 0.19, -5.41, 0.0, 0.08, -0.06
2929.0, 2974.0, 3765.0, 3606.0, 3248.0, 8.34, 0.37, -5.8, -0.03, 0.08, -0.09
2927.0, 2971.0, 3769.0, 3601.0, 3238.0, 8.4, 0.65, -6.02, 0.06, -0.07, -0.09
2922.0, 2967.0, 3760.0, 3600.0, 3232.0, 8.4, 0.69, -5.66, 0.08, -0.11, -0.08
2922.0, 2967.0, 3759.0, 3583.0, 3228.0, 8.25, 0.88, -6.05, 0.19, -0.1, -0.12
2919.0, 2960.0, 3757.0, 3599.0, 3228.0, 8.46, 0.35, -5.88, 0.13, -0.12, -0.09
2919.0, 2962.0, 3760.0, 3583.0, 3225.0, 8.35, 0.16, -6.15, 0.06, -0.0, -0.08
2913.0, 2960.0, 3754.0, 3583.0, 3226.0, 8.11, 0.7, -6.17, 0.01, -0.05, -0.08
2913.0, 2960.0, 3747.0, 3583.0, 3222.0, 7.98, 0.8, -5.93, 0.04, 0.05, -0.0
2912.0, 2960.0, 3759.0, 3583.0, 3223.0, 8.19, 0.72, -6.1, 0.08, -0.03, 0.03
2912.0, 2959.0, 3753.0, 3583.0, 3219.0, 8.15, 0.82, -5.99, 0.1, -0.0, 0.04
2899.0, 2961.0, 3774.0, 3686.0, 3216.0, 8.33, 0.56, -5.98, 0.05, 0.03, 0.04
2907.0, 2955.0, 3742.0, 3578.0, 3217.0, 8.39, 0.22, -5.94, 0.07, -0.01, -0.0
2907.0, 2953.0, 3738.0, 3583.0, 3214.0, 8.3, 0.23, -5.88, -0.03, -0.06, 0.05
2912.0, 2954.0, 3741.0, 3575.0, 3215.0, 8.41, 0.18, -5.98, -0.1, 0.07, 0.05
2912.0, 2949.0, 3739.0, 3573.0, 3211.0, 8.24, 0.63, -5.78, -0.04, 0.02, 0.03
2905.0, 2948.0, 3737.0, 3600.0, 3210.0, 8.36, 0.48, -5.74, -0.05, 0.06, 0.07
2896.0, 2946.0, 3675.0, 3575.0, 3207.0, 8.49, 0.29, -5.84, 0.02, 0.03, 0.03
2899.0, 2955.0, 3729.0, 3571.0, 3207.0, 8.46, 0.52, -5.67, 0.04, -0.0, 0.08
2898.0, 2944.0, 3727.0, 3578.0, 3209.0, 8.56, 0.11, -5.66, -0.0, 0.03, 0.03
2898.0, 2944.0, 3728.0, 3573.0, 3203.0, 8.45, 0.37, -5.59, 0.07, -0.05, -0.03
2896.0, 2943.0, 3728.0, 3574.0, 3203.0, 8.54, 0.04, -5.46, 0.03, 0.01, -0.06
2896.0, 2944.0, 3726.0, 3574.0, 3201.0, 8.57, 0.14, -5.66, 0.04, -0.05, -0.06
2895.0, 2938.0, 3726.0, 3572.0, 3197.0, 8.43, 0.43, -5.78, 0.02, -0.03, -0.11
2895.0, 2939.0, 3728.0, 3567.0, 3198.0, 8.37, 0.59, -5.92, 0.03, 0.04, -0.12
2893.0, 2938.0, 3722.0, 3568.0, 3197.0, 8.53, 0.7, -5.48, 0.06, 0.01, -0.04
