2614.0, 2640.0, 3273.0, 3203.0, 2790.0, 2.31, 3.39, 8.71, 0.02, -0.03, -0.01
2612.0, 2642.0, 3275.0, 3206.0, 2780.0, 2.36, 3.37, 8.81, 0.01, -0.04, -0.01
2611.0, 2642.0, 3271.0, 3205.0, 2782.0, 2.41, 3.36, 8.77, 0.0, -0.03, -0.01
2610.0, 2630.0, 3275.0, 3201.0, 2782.0, 2.37, 3.39, 8.86, 0.01, -0.02, -0.01
2617.0, 2642.0, 3273.0, 3205.0, 2779.0, 2.39, 3.32, 8.73, 0.01, -0.03, -0.01
2615.0, 2640.0, 3275.0, 3184.0, 2783.0, 2.36, 3.39, 8.83, 0.01, -0.04, -0.0
2624.0, 2642.0, 3275.0, 3206.0, 2782.0, 2.43, 3.43, 8.87, 0.01, -0.03, -0.01
2617.0, 2640.0, 3278.0, 3203.0, 2783.0, 2.34, 3.32, 8.77, 0.02, -0.03, -0.0
2615.0, 2643.0, 3270.0, 3205.0, 2782.0, 2.36, 3.85, 9.19, 0.16, 0.1, -0.01
2613.0, 2665.0, 3289.0, 3218.0, 2784.0, 2.98, 4.32, 10.58, 0.14, -0.6, 0.89
2624.0, 2701.0, 3354.0, 3294.0, 2802.0, 3.62, 1.92, 12.58, 0.69, -0.75, 0.48
2631.0, 2718.0, 3408.0, 3350.0, 2823.0, 3.9, 4.18, 10.82, 0.82, -0.73, 0.6
2634.0, 2721.0, 3431.0, 3474.0, 2802.0, 4.23, 2.96, 10.15, 0.2, -1.91, 0.69
2637.0, 2716.0, 3472.0, 3403.0, 2843.0, 4.18, 2.03, 6.82, 0.21, -3.3, 0.48
2661.0, 2727.0, 3536.0, 3459.0, 2906.0, 4.95, 2.62, 5.32, -0.91, -2.59, -0.05
2688.0, 2739.0, 3617.0, 3510.0, 2966.0, 5.51, 1.21, 4.55, -1.3, -2.75, -0.22
2751.0, 2788.0, 3874.0, 3662.0, 3023.0, 6.16, 2.75, 4.06, -1.73, -2.34, -0.13
2761.0, 2787.0, 3782.0, 3617.0, 3098.0, 7.74, 2.49, 1.29, -0.87, -1.96, -0.18
2787.0, 2807.0, 3815.0, 3632.0, 3152.0, 8.31, 3.85, 1.56, -1.21, -1.24, 0.13
2800.0, 2825.0, 3824.0, 3632.0, 3184.0, 8.42, 3.86, 0.93, -0.48, -1.02, -0.29
2801.0, 2819.0, 3829.0, 3645.0, 3190.0, 9.73, 1.97, -0.84, -0.36, -1.11, -0.25
2797.0, 2812.0, 3827.0, 3641.0, 3185.0, 8.88, 3.68, -0.19, -0.55, -0.48, -0.0
2814.0, 2825.0, 3859.0, 3660.0, 3184.0, 9.26, 3.56, -0.2, -0.23, 0.21, -0.18
2800.0, 2817.0, 3857.0, 3664.0, 3179.0, 9.79, 2.55, -0.17, -0.2, 0.13, -0.02
2779.0, 2801.0, 3810.0, 3637.0, 3174.0, 9.74, 2.43, 0.27, -0.16, -0.03, 0.08
2782.0, 2800.0, 3824.0, 3633.0, 3173.0, 9.35, 2.71, 0.6, -0.02, 0.17, 0.0
2779.0, 2799.0, 3815.0, 3632.0, 3171.0, 9.72, 2.2, 0.26, 0.11, 0.03, -0.01
2778.0, 2800.0, 3809.0, 3689.0, 3168.0, 9.84, 2.01, 0.77, 0.1, -0.09, 0.05
2778.0, 2797.0, 3810.0, 3649.0, 3165.0, 9.61, 2.62, 0.92, -0.07, 0.04, 0.06
2772.0, 2791.0, 3808.0, 3630.0, 3163.0, 9.86, 2.48, 0.88, 0.18, 0.18, -0.01
2770.0, 2788.0, 3805.0, 3631.0, 3162.0, 9.81, 1.91, 1.3, 0.03, 0.24, 0.01
2771.0, 2789.0, 3808.0, 3631.0, 3161.0, 9.68, 2.12, 1.52, 0.06, 0.11, -0.0
2773.0, 2792.0, 3819.0, 3637.0, 3159.0, 9.55, 2.32, 1.78, 0.11, 0.15, -0.04
2781.0, 2794.0, 3826.0, 3637.0, 3153.0, 9.72, 2.4, 1.44, 0.06, 0.13, -0.01
2802.0, 2811.0, 3869.0, 3663.0, 3152.0, 9.59, 2.09, 1.81, 0.06, -0.17, 0.02
2773.0, 2788.0, 3817.0, 3633.0, 3154.0, 9.56, 2.2, 1.58, -0.1, 0.0, 0.0
2778.0, 2793.0, 3829.0, 3634.0, 3154.0, 9.79, 2.04, 1.17, 0.01, -0.14, -0.02
2768.0, 2790.0, 3824.0, 3635.0, 3151.0, 9.74, 2.18, 1.48, 0.01, -0.02, -0.06
2768.0, 2786.0, 3815.0, 3633.0, 3152.0, 9.51, 2.51, 1.7, 0.02, -0.01, 0.01
2768.0, 2784.0, 3809.0, 3633.0, 3152.0, 9.59, 2.44, 1.7, 0.1, -0.01, 0.02
2782.0, 2795.0, 3824.0, 3642.0, 3151.0, 9.71, 2.06, 1.47, 0.02, -0.03, 0.03
2766.0, 2778.0, 3792.0, 3622.0, 3159.0, 9.57, 2.07, 1.64, -0.01, -0.1, 0.04
2783.0, 2791.0, 3824.0, 3643.0, 3167.0, 9.68, 2.1, 1.18, -0.04, -0.02, 0.02
2783.0, 2799.0, 3829.0, 3647.0, 3166.0, 9.66, 2.09, 1.3, 0.08, -0.04, -0.04
2832.0, 2827.0, 3867.0, 3670.0, 3166.0, 9.64, 2.22, 1.5, -0.02, -0.09, 0.01
2765.0, 2777.0, 3787.0, 3612.0, 3167.0, 9.67, 2.25, 1.39, -0.0, -0.02, 0.01
2771.0, 2783.0, 3801.0, 3632.0, 3161.0, 9.78, 2.05, 1.55, 0.08, -0.04, -0.03
2777.0, 2787.0, 3823.0, 3634.0, 3165.0, 9.66, 2.25, 1.32, -0.05, -0.08, 0.01
2795.0, 2801.0, 3854.0, 3659.0, 3163.0, 9.6, 2.51, 1.14, 0.02, 0.08, -0.02
2768.0, 2782.0, 3799.0, 3626.0, 3163.0, 9.78, 1.85, 1.54, 0.06, -0.09, 0.04
