3632.0, 3735.0, 3867.0, 3477.0, 3285.0, 9.76, -0.49, 2.26, 0.01, -0.07, -0.05
3629.0, 3690.0, 3861.0, 3473.0, 3281.0, 9.73, -0.49, 2.45, -0.03, -0.02, -0.02
3632.0, 3689.0, 3857.0, 3472.0, 3285.0, 9.77, -0.45, 2.64, -0.05, -0.04, 0.0
3626.0, 3685.0, 3846.0, 3463.0, 3283.0, 9.74, -0.49, 2.37, -0.05, -0.03, 0.02
3627.0, 3685.0, 3856.0, 3472.0, 3280.0, 9.61, -0.67, 2.42, -0.06, -0.04, 0.02
3624.0, 3682.0, 3867.0, 3472.0, 3280.0, 9.76, -0.7, 2.18, -0.06, -0.03, -0.01
3623.0, 3691.0, 3866.0, 3472.0, 3280.0, 9.76, -0.44, 2.32, -0.09, -0.03, -0.04
3631.0, 3690.0, 3862.0, 3472.0, 3280.0, 9.74, -0.12, 2.32, -0.03, -0.03, -0.08
3632.0, 3680.0, 3858.0, 3472.0, 3280.0, 9.9, -0.09, 2.3, -0.05, -0.06, -0.03
3659.0, 3726.0, 3869.0, 3472.0, 3280.0, 10.0, -0.15, 2.15, 0.0, -0.08, 0.02
3631.0, 3685.0, 3861.0, 3469.0, 3280.0, 9.87, -0.28, 2.08, 0.02, -0.08, 0.01
3627.0, 3687.0, 3858.0, 3473.0, 3278.0, 9.7, -0.44, 2.27, 0.03, -0.02, 0.04
3629.0, 3686.0, 3856.0, 3470.0, 3277.0, 9.69, -0.61, 2.22, 0.01, -0.02, 0.03
3629.0, 3690.0, 3857.0, 3465.0, 3275.0, 9.65, -0.65, 2.37, -0.03, -0.0, 0.01
3632.0, 3683.0, 3813.0, 3472.0, 3277.0, 9.78, -0.72, 2.55, -0.05, -0.02, -0.03
3583.0, 3669.0, 3833.0, 3471.0, 3277.0, 9.69, -0.63, 2.5, -0.07, -0.05, -0.02
3630.0, 3681.0, 3856.0, 3472.0, 3271.0, 9.76, -0.55, 2.28, -0.08, 0.01, 0.02
3631.0, 3687.0, 3857.0, 3472.0, 3277.0, 9.69, -0.6, 2.27, -0.08, 0.06, 0.02
3630.0, 3683.0, 3857.0, 3470.0, 3277.0, 9.73, -0.58, 2.16, -0.06, 0.04, 0.01
3631.0, 3679.0, 3856.0, 3470.0, 3275.0, 9.67, -0.54, 2.25, -0.03, 0.0, 0.03
3632.0, 3690.0, 3856.0, 3466.0, 3270.0, 9.79, -0.51, 2.39, -0.01, -0.05, 0.03
3632.0, 3677.0, 3842.0, 3452.0, 3273.0, 9.68, -0.6, 2.28, 0.07, -0.08, 0.01
3633.0, 3679.0, 3854.0, 3470.0, 3270.0, 9.63, -0.64, 2.32, 0.1, -0.05, 0.0
3633.0, 3677.0, 3855.0, 3463.0, 3271.0, 9.73, -0.74, 2.28, 0.1, -0.03, -0.02
3639.0, 3678.0, 3860.0, 3472.0, 3267.0, 9.94, -0.6, 2.58, 0.11, -0.01, -0.01
3634.0, 3682.0, 3857.0, 3468.0, 3267.0, 9.61, -0.46, 2.93, 0.1, -0.01, -0.01
3635.0, 3682.0, 3856.0, 3470.0, 3270.0, 9.63, -0.65, 2.81, 0.05, -0.03, 0.0
3632.0, 3677.0, 3855.0, 3465.0, 3266.0, 9.65, -0.76, 2.64, 0.01, -0.04, -0.0
3633.0, 3684.0, 3854.0, 3466.0, 3269.0, 9.55, -0.83, 2.53, -0.02, -0.04, -0.04
3635.0, 3679.0, 3854.0, 3469.0, 3264.0, 9.63, -0.66, 2.57, -0.06, -0.02, -0.08
3635.0, 3675.0, 3856.0, 3465.0, 3266.0, 9.7, -0.57, 2.53, -0.07, 0.01, -0.08
3632.0, 3681.0, 3853.0, 3465.0, 3264.0, 9.59, -0.46, 2.49, -0.07, -0.0, -0.07
3641.0, 3673.0, 3851.0, 3467.0, 3265.0, 9.67, -0.35, 2.45, -0.06, 0.02, -0.06
3632.0, 3671.0, 3871.0, 3465.0, 3264.0, 9.73, -0.39, 2.39, -0.02, 0.04, -0.04
3634.0, 3674.0, 3854.0, 3461.0, 3263.0, 9.92, -0.54, 2.37, 0.03, -0.05, -0.02
3631.0, 3674.0, 3846.0, 3463.0, 3262.0, 9.83, -0.39, 2.41, 0.1, -0.05, -0.02
3637.0, 3701.0, 3851.0, 3469.0, 3263.0, 9.77, -0.29, 2.63, 0.09, -0.04, -0.02
3622.0, 3673.0, 3848.0, 3461.0, 3263.0, 9.61, -0.37, 2.95, 0.03, -0.05, 0.03
3628.0, 3669.0, 3847.0, 3462.0, 3261.0, 9.51, -0.28, 2.86, 0.01, 0.01, 0.02
3631.0, 3668.0, 3846.0, 3463.0, 3262.0, 9.6, -0.49, 2.74, 0.0, -0.01, 0.02
3632.0, 3670.0, 3853.0, 3463.0, 3262.0, 9.6, -0.57, 2.63, -0.05, -0.05, -0.0
3616.0, 3686.0, 3847.0, 3462.0, 3262.0, 9.67, -0.53, 2.76, -0.02, -0.04, -0.03
3632.0, 3675.0, 3851.0, 3462.0, 3264.0, 9.67, -0.49, 2.81, -0.04, -0.03, -0.01
3639.0, 3668.0, 3845.0, 3456.0, 3259.0, 9.55, -0.57, 2.79, -0.05, -0.02, 0.0
3632.0, 3677.0, 3849.0, 3461.0, 3303.0, 9.65, -0.66, 2.46, -0.08, -0.03, -0.02
3632.0, 3669.0, 3847.0, 3457.0, 3248.0, 9.64, -0.45, 2.58, -0.07, 0.01, -0.02
3632.0, 3667.0, 3851.0, 3456.0, 3263.0, 9.65, -0.32, 2.6, -0.07, -0.0, -0.01
3632.0, 3661.0, 3847.0, 3487.0, 3258.0, 9.66, -0.5, 2.53, -0.07, -0.01, -0.02
3632.0, 3667.0, 3847.0, 3467.0, 3262.0, 9.78, -0.66, 2.6, -0.01, -0.0, -0.02
3632.0, 3675.0, 3854.0, 3462.0, 3264.0, 9.7, -0.61, 2.73, -0.02, 0.02, -0.02
