3047.0, 3024.0, 3226.0, 3046.0, 2764.0, 2.33, 0.91, 9.4, 0.01, -0.03, -0.01
3047.0, 3024.0, 3225.0, 3042.0, 2766.0, 2.36, 0.95, 9.36, 0.0, -0.04, -0.01
3041.0, 3022.0, 3219.0, 3071.0, 2761.0, 2.36, 0.89, 9.39, 0.0, -0.04, -0.01
3043.0, 3019.0, 3222.0, 3040.0, 2770.0, 2.36, 0.94, 9.42, 0.0, -0.04, -0.01
3042.0, 3021.0, 3223.0, 3042.0, 2753.0, 2.33, 0.94, 9.51, 0.01, -0.04, -0.02
3047.0, 3024.0, 3217.0, 3046.0, 2764.0, 2.32, 0.93, 9.42, 0.01, -0.04, -0.01
3047.0, 3025.0, 3226.0, 3045.0, 2766.0, 2.38, 0.91, 9.45, 0.01, -0.04, -0.01
3049.0, 3023.0, 3226.0, 3043.0, 2765.0, 2.41, 0.9, 9.52, 0.01, -0.04, -0.01
3047.0, 3024.0, 3223.0, 3054.0, 2767.0, 2.38, 0.96, 9.42, 0.01, -0.04, -0.01
3052.0, 3026.0, 3227.0, 3045.0, 2766.0, 2.32, 0.94, 9.37, 0.01, -0.03, -0.01
3049.0, 3024.0, 3230.0, 3049.0, 2765.0, 2.36, 0.88, 9.31, 0.01, -0.04, -0.01
3046.0, 3027.0, 3228.0, 3049.0, 2765.0, 2.35, 0.9, 9.41, 0.01, -0.04, -0.01
3049.0, 3029.0, 3227.0, 3046.0, 2763.0, 2.32, 0.96, 9.34, 0.01, -0.04, -0.01
3059.0, 3042.0, 3240.0, 3057.0, 2774.0, 2.4, 0.94, 9.36, 0.01, -0.04, -0.01
3059.0, 3040.0, 3239.0, 3057.0, 2773.0, 2.31, 0.91, 9.46, 0.01, -0.04, -0.01
3049.0, 3026.0, 3230.0, 3049.0, 2765.0, 2.32, 0.95, 9.41, 0.01, -0.04, -0.01
3050.0, 3029.0, 3228.0, 3050.0, 2766.0, 2.37, 0.93, 9.38, 0.01, -0.04, -0.0
3047.0, 3030.0, 3232.0, 3047.0, 2767.0, 2.39, 0.97, 9.5, 0.01, -0.03, -0.01
3049.0, 3027.0, 3229.0, 3050.0, 2763.0, 2.36, 0.93, 9.53, 0.01, -0.04, -0.02
3059.0, 3039.0, 3241.0, 3057.0, 2775.0, 2.35, 0.97, 9.4, 0.02, -0.04, -0.01
3058.0, 3040.0, 3240.0, 3056.0, 2771.0, 2.42, 0.87, 9.42, 0.03, -0.04, -0.01
3056.0, 3040.0, 3239.0, 3058.0, 2773.0, 2.47, 0.92, 9.44, 0.05, -0.07, 0.01
3058.0, 3040.0, 3239.0, 3057.0, 2773.0, 2.66, 0.68, 9.74, 0.13, -0.03, 0.02
3057.0, 3051.0, 3243.0, 3059.0, 2774.0, 3.12, -0.04, 11.44, 1.09, -0.39, 0.03
3056.0, 3081.0, 3245.0, 3082.0, 2780.0, 4.5, 0.94, 16.03, 1.16, -1.51, -0.16
3043.0, 3130.0, 3265.0, 3111.0, 2782.0, 3.84, 1.53, 14.52, 0.74, -2.8, -0.75
3051.0, 3259.0, 3403.0, 3216.0, 2819.0, 2.66, 1.53, 10.57, -0.22, -3.82, -0.57
3067.0, 3431.0, 3526.0, 3382.0, 2866.0, 4.13, 2.06, 6.1, 0.23, -3.76, -1.09
3106.0, 3513.0, 3583.0, 3463.0, 2901.0, 5.37, 2.48, 3.6, -0.56, -3.4, -0.44
3117.0, 3575.0, 3659.0, 3551.0, 2954.0, 6.71, 3.45, 3.28, -0.09, -2.87, -0.67
3130.0, 3632.0, 3699.0, 3583.0, 3003.0, 7.18, 5.8, 1.44, -3.06, -2.32, 0.21
3172.0, 3691.0, 3772.0, 3649.0, 3071.0, 8.91, 2.8, -1.37, -4.37, -0.88, 0.31
3230.0, 3718.0, 3815.0, 3666.0, 3129.0, 8.28, 1.19, -0.57, -4.04, 0.78, -0.83
3363.0, 3748.0, 3851.0, 3696.0, 3197.0, 8.99, 2.14, 1.31, -2.82, 0.45, -0.8
3408.0, 3723.0, 3819.0, 3680.0, 3215.0, 7.35, 2.43, 5.78, -2.33, 0.27, -0.73
3392.0, 3696.0, 3786.0, 3662.0, 3202.0, 8.11, 2.9, 5.6, -1.61, -0.06, -0.37
3380.0, 3677.0, 3773.0, 3648.0, 3184.0, 8.07, 2.63, 4.88, -1.08, 0.43, -0.45
3344.0, 3665.0, 3763.0, 3633.0, 3166.0, 7.9, 3.08, 4.89, -0.07, -0.41, -0.29
3341.0, 3664.0, 3787.0, 3632.0, 3162.0, 8.18, 2.67, 4.28, -0.24, 0.35, -0.13
3341.0, 3662.0, 3769.0, 3633.0, 3161.0, 8.61, 1.74, 5.0, 0.04, -0.09, 0.04
3334.0, 3659.0, 3763.0, 3632.0, 3159.0, 9.12, 1.37, 4.77, -0.17, 0.27, -0.14
3333.0, 3659.0, 3762.0, 3633.0, 3162.0, 8.27, 1.69, 4.98, -0.02, -0.02, -0.04
3331.0, 3653.0, 3760.0, 3632.0, 3157.0, 8.46, 1.74, 4.58, -0.09, -0.22, -0.02
3329.0, 3649.0, 3758.0, 3631.0, 3163.0, 8.3, 1.62, 5.35, 0.04, -0.17, 0.01
3325.0, 3647.0, 3757.0, 3631.0, 3156.0, 8.95, 1.53, 4.73, 0.02, -0.29, -0.07
3319.0, 3647.0, 3755.0, 3632.0, 3152.0, 8.6, 1.9, 4.58, 0.05, -0.23, -0.12
3327.0, 3645.0, 3759.0, 3627.0, 3152.0, 8.64, 1.88, 4.42, -0.09, 0.0, -0.11
3319.0, 3648.0, 3756.0, 3621.0, 3153.0, 8.63, 1.74, 4.39, 0.02, -0.33, -0.04
3321.0, 3646.0, 3758.0, 3632.0, 3152.0, 8.79, 1.8, 4.18, 0.01, -0.17, -0.1
3338.0, 3645.0, 3759.0, 3632.0, 3157.0, 8.75, 2.0, 4.47, 0.16, -0.3, -0.06
3332.0, 3646.0, 3757.0, 3632.0, 3154.0, 8.74, 2.2, 4.14, -0.0, -0.05, -0.04
3338.0, 3639.0, 3750.0, 3631.0, 3166.0, 8.83, 1.97, 4.1, -0.04, -0.04, -0.09
3336.0, 3634.0, 3760.0, 3628.0, 3158.0, 8.57, 2.35, 4.33, -0.06, 0.08, 0.0
3336.0, 3638.0, 3758.0, 3627.0, 3155.0, 8.61, 1.92, 4.64, -0.03, -0.03, 0.06
3334.0, 3635.0, 3756.0, 3630.0, 3157.0, 8.87, 1.8, 4.26, 0.06, -0.02, 0.01
3333.0, 3633.0, 3753.0, 3621.0, 3153.0, 8.91, 1.74, 4.12, 0.01, -0.03, -0.01
3325.0, 3630.0, 3747.0, 3631.0, 3150.0, 8.77, 1.78, 4.29, 0.08, 0.02, -0.01
3330.0, 3632.0, 3760.0, 3619.0, 3152.0, 8.91, 1.8, 4.33, 0.04, -0.12, 0.0
3334.0, 3635.0, 3755.0, 3634.0, 3151.0, 8.84, 1.96, 4.2, 0.13, 0.04, -0.0
3334.0, 3637.0, 3755.0, 3621.0, 3152.0, 8.94, 2.0, 4.19, 0.16, -0.08, 0.03
3331.0, 3633.0, 3751.0, 3623.0, 3151.0, 9.15, 1.85, 3.95, 0.06, -0.08, 0.01
3330.0, 3632.0, 3746.0, 3618.0, 3125.0, 8.91, 1.89, 4.09, 0.07, -0.0, 0.0
3329.0, 3632.0, 3751.0, 3630.0, 3152.0, 8.76, 1.8, 4.36, 0.03, -0.05, -0.0
3328.0, 3631.0, 3749.0, 3616.0, 3149.0, 8.88, 1.97, 4.08, 0.03, -0.09, -0.01
