3070.0, 3194.0, 3345.0, 3261.0, 2868.0, 4.94, 1.84, 8.5, 0.08, -0.0, -0.04
3088.0, 3209.0, 3359.0, 3271.0, 2882.0, 5.15, 1.82, 8.29, 0.12, 0.14, -0.08
3086.0, 3203.0, 3355.0, 3265.0, 2887.0, 4.87, 1.73, 8.14, 0.1, 0.13, -0.07
3088.0, 3202.0, 3354.0, 3264.0, 2885.0, 4.98, 1.71, 8.37, -0.03, 0.17, -0.13
3087.0, 3205.0, 3355.0, 3261.0, 2882.0, 4.82, 2.02, 8.39, 0.02, -0.0, -0.08
3088.0, 3203.0, 3361.0, 3262.0, 2881.0, 4.63, 2.0, 8.3, 0.05, -0.07, -0.11
3088.0, 3202.0, 3355.0, 3261.0, 2880.0, 4.64, 1.99, 8.43, 0.02, 0.01, -0.09
3088.0, 3202.0, 3353.0, 3259.0, 2880.0, 4.63, 2.11, 8.24, -0.07, -0.02, -0.03
3086.0, 3203.0, 3355.0, 3261.0, 2880.0, 4.35, 2.23, 8.06, 0.05, 0.02, -0.06
3091.0, 3201.0, 3355.0, 3258.0, 2880.0, 4.35, 1.99, 8.19, 0.07, 0.06, -0.09
3091.0, 3201.0, 3355.0, 3261.0, 2878.0, 4.47, 2.12, 8.31, -0.04, 0.08, -0.06
3093.0, 3200.0, 3354.0, 3257.0, 2875.0, 4.44, 2.29, 8.47, 0.04, 0.02, -0.09
3094.0, 3202.0, 3353.0, 3251.0, 2874.0, 4.44, 2.23, 8.77, 0.69, 0.22, -0.47
3109.0, 3216.0, 3355.0, 3244.0, 2871.0, 0.83, 1.99, 7.59, 2.87, 2.09, -1.53
3165.0, 3234.0, 3358.0, 3236.0, 2879.0, 1.3, 8.64, 10.0, 3.03, 1.22, -0.4
3178.0, 3257.0, 3353.0, 3229.0, 2941.0, 0.53, 6.68, 9.17, 2.77, 0.66, 1.56
3230.0, 3267.0, 3354.0, 3248.0, 3041.0, 0.98, 9.12, 8.04, 1.98, 0.05, 2.45
3263.0, 3265.0, 3367.0, 3242.0, 3110.0, 4.36, 8.84, 8.17, 2.56, -1.31, 3.09
3285.0, 3249.0, 3354.0, 3221.0, 3102.0, 3.08, 5.87, 6.19, 2.02, -2.04, 3.08
3360.0, 3248.0, 3345.0, 3213.0, 3083.0, 5.74, 4.91, 2.76, 2.0, -1.66, 2.81
3407.0, 3234.0, 3331.0, 3200.0, 3088.0, 6.07, 4.91, 2.02, 2.5, -0.37, 1.81
3487.0, 3238.0, 3321.0, 3200.0, 3118.0, 7.74, 4.44, 5.19, 2.01, -1.14, 2.09
3530.0, 3245.0, 3307.0, 3201.0, 3126.0, 7.96, 0.36, -1.19, 2.86, -0.14, 1.29
3559.0, 3248.0, 3298.0, 3198.0, 3120.0, 8.34, -0.17, -2.11, 2.43, 0.36, 0.67
3597.0, 3259.0, 3292.0, 3200.0, 3120.0, 9.15, -0.82, -0.91, 1.63, 0.18, 0.82
3621.0, 3273.0, 3289.0, 3214.0, 3120.0, 10.32, -0.7, -1.56, 1.88, -0.41, -0.0
3641.0, 3285.0, 3305.0, 3221.0, 3122.0, 10.65, 0.16, -1.71, 1.36, -0.8, -0.07
3661.0, 3294.0, 3305.0, 3262.0, 3136.0, 10.49, 0.13, -2.44, 1.3, -0.4, -0.05
3670.0, 3322.0, 3317.0, 3312.0, 3153.0, 11.41, -0.61, -3.15, 1.13, -0.29, -0.17
3664.0, 3334.0, 3343.0, 3425.0, 3153.0, 10.38, -0.31, -2.44, 0.83, -0.12, 0.05
3655.0, 3483.0, 3504.0, 3532.0, 3165.0, 9.89, -0.22, -2.91, 0.45, 0.12, -0.26
3632.0, 3571.0, 3609.0, 3610.0, 3202.0, 11.66, -0.32, -3.26, -0.43, 0.22, -0.04
3604.0, 3632.0, 3674.0, 3651.0, 3229.0, 9.84, 0.4, -2.93, -0.35, -0.04, -0.06
3583.0, 3664.0, 3726.0, 3665.0, 3259.0, 9.64, 1.17, -2.66, -0.23, -0.07, -0.07
3583.0, 3696.0, 3728.0, 3669.0, 3279.0, 9.46, 1.58, -2.31, -0.1, 0.06, -0.07
3582.0, 3718.0, 3742.0, 3681.0, 3282.0, 9.69, 1.1, -2.82, -0.02, 0.18, -0.03
3579.0, 3724.0, 3856.0, 3680.0, 3291.0, 9.76, 0.95, -2.59, 0.06, 0.07, 0.04
3578.0, 3721.0, 3747.0, 3683.0, 3293.0, 9.37, 0.77, -2.67, 0.24, 0.29, -0.14
3567.0, 3732.0, 3760.0, 3696.0, 3307.0, 10.27, 0.65, -2.62, 0.28, 0.6, -0.09
3553.0, 3731.0, 3771.0, 3697.0, 3312.0, 9.89, 1.05, -1.92, 0.16, 0.23, -0.0
3583.0, 3760.0, 3792.0, 3696.0, 3313.0, 10.02, 0.57, -1.47, 0.11, 0.07, -0.06
3535.0, 3728.0, 3760.0, 3698.0, 3313.0, 9.77, 0.79, -1.96, -0.0, -0.11, -0.01
3533.0, 3723.0, 3753.0, 3692.0, 3312.0, 9.65, 0.89, -2.02, -0.08, -0.04, -0.04
3533.0, 3719.0, 3761.0, 3692.0, 3311.0, 9.62, 0.71, -1.72, -0.1, -0.03, -0.18
3522.0, 3712.0, 3747.0, 3684.0, 3309.0, 9.63, 0.72, -2.24, -0.15, -0.04, -0.21
3531.0, 3712.0, 3767.0, 3685.0, 3307.0, 9.69, 1.41, -2.28, -0.05, 0.08, -0.29
3531.0, 3709.0, 3767.0, 3683.0, 3307.0, 9.82, 1.33, -1.97, -0.01, -0.01, -0.23
3531.0, 3707.0, 3765.0, 3683.0, 3305.0, 9.42, 1.82, -1.73, 0.08, 0.18, -0.25
3531.0, 3703.0, 3794.0, 3684.0, 3302.0, 9.77, 1.55, -1.88, 0.08, 0.14, -0.15
3527.0, 3700.0, 3751.0, 3687.0, 3302.0, 10.06, 1.44, -1.7, 0.06, 0.04, -0.15
3527.0, 3703.0, 3782.0, 3682.0, 3298.0, 10.26, 1.75, -1.85, 0.02, 0.06, -0.16
3525.0, 3697.0, 3773.0, 3675.0, 3299.0, 10.1, 1.92, -1.74, -0.01, 0.0, -0.1
3527.0, 3696.0, 3753.0, 3679.0, 3299.0, 9.74, 1.99, -1.39, 0.02, -0.09, -0.08
3523.0, 3696.0, 3766.0, 3676.0, 3317.0, 9.71, 1.8, -1.75, 0.03, -0.14, -0.04
3521.0, 3696.0, 3834.0, 3675.0, 3294.0, 9.52, 1.89, -1.91, 0.06, -0.03, -0.09
3520.0, 3698.0, 3797.0, 3676.0, 3297.0, 9.8, 1.75, -1.67, 0.01, 0.02, -0.15
3521.0, 3692.0, 3763.0, 3671.0, 3294.0, 9.86, 2.1, -1.45, -0.01, -0.04, -0.17
3519.0, 3687.0, 3752.0, 3675.0, 3292.0, 9.88, 2.38, -1.59, 0.02, -0.04, -0.17
3520.0, 3694.0, 3752.0, 3671.0, 3292.0, 9.56, 2.75, -1.39, -0.05, -0.03, -0.07
3524.0, 3699.0, 3751.0, 3669.0, 3283.0, 9.67, 2.15, -1.04, -0.03, 0.04, -0.11
3534.0, 3686.0, 3755.0, 3664.0, 3280.0, 9.33, 2.52, -1.16, -0.14, 0.09, -0.07
3540.0, 3696.0, 3739.0, 3655.0, 3247.0, 8.9, 2.72, -1.19, -0.1, -0.09, -0.21
3544.0, 3662.0, 3667.0, 3614.0, 3151.0, 9.03, 3.06, -2.03, 0.76, 0.16, -0.54
