2865.0, 2822.0, 3278.0, 3119.0, 3259.0, 7.69, 6.29, -1.32, 0.02, -0.03, -0.02
2859.0, 2823.0, 3281.0, 3120.0, 3259.0, 7.65, 6.27, -1.5, 0.03, -0.03, -0.02
2855.0, 2820.0, 3282.0, 3119.0, 3258.0, 7.69, 6.34, -1.34, 0.0, -0.02, -0.02
2858.0, 2822.0, 3278.0, 3120.0, 3259.0, 7.75, 6.26, -1.47, 0.04, -0.03, -0.0
2854.0, 2823.0, 3279.0, 3120.0, 3259.0, 7.65, 6.32, -1.48, -0.02, -0.04, -0.01
2855.0, 2832.0, 3273.0, 3122.0, 3261.0, 7.73, 6.33, -1.37, -0.02, -0.01, -0.01
2848.0, 2845.0, 3281.0, 3129.0, 3256.0, 7.63, 6.24, -1.29, 0.02, -0.01, -0.03
2855.0, 2823.0, 3275.0, 3119.0, 3261.0, 7.73, 6.36, -1.41, 0.01, -0.02, -0.0
2851.0, 2831.0, 3280.0, 3116.0, 3262.0, 7.76, 6.27, -1.33, 0.01, -0.04, -0.01
2854.0, 2825.0, 3277.0, 3118.0, 3261.0, 7.69, 6.35, -1.46, 0.01, -0.01, -0.01
2854.0, 2826.0, 3277.0, 3120.0, 3254.0, 7.78, 6.34, -1.24, 0.0, -0.09, 0.0
2853.0, 2825.0, 3278.0, 3115.0, 3262.0, 7.65, 6.32, -1.37, 0.02, -0.04, 0.0
2854.0, 2825.0, 3275.0, 3115.0, 3255.0, 7.8, 6.36, -1.49, 0.03, -0.18, 0.03
2845.0, 2820.0, 3265.0, 3120.0, 3280.0, 7.65, 6.27, -1.49, 0.01, -0.08, 0.01
2847.0, 2821.0, 3274.0, 3116.0, 3259.0, 7.7, 6.28, -1.5, 0.04, -0.09, 0.02
2855.0, 2816.0, 3277.0, 3117.0, 3259.0, 7.67, 6.25, -1.59, 0.03, -0.07, 0.01
2852.0, 2818.0, 3277.0, 3119.0, 3257.0, 7.74, 6.26, -1.53, 0.03, -0.07, -0.0
2853.0, 2818.0, 3270.0, 3119.0, 3255.0, 7.72, 6.16, -1.5, 0.01, -0.1, 0.0
2858.0, 2805.0, 3275.0, 3118.0, 3255.0, 7.74, 6.27, -1.56, 0.04, -0.1, -0.01
2863.0, 2810.0, 3282.0, 3123.0, 3266.0, 7.74, 6.29, -1.55, 0.02, -0.07, 0.0
2881.0, 2803.0, 3280.0, 3124.0, 3264.0, 7.57, 6.27, -1.64, 0.02, -0.02, -0.02
2862.0, 2800.0, 3280.0, 3123.0, 3265.0, 7.81, 6.25, -1.59, 0.02, -0.05, -0.01
2850.0, 2795.0, 3268.0, 3111.0, 3254.0, 7.72, 6.23, -1.66, -0.01, -0.03, -0.01
2856.0, 2790.0, 3269.0, 3115.0, 3254.0, 7.7, 6.28, -1.55, 0.01, -0.07, -0.02
2847.0, 2795.0, 3270.0, 3111.0, 3231.0, 7.71, 6.26, -1.58, 0.03, -0.04, -0.01
2854.0, 2798.0, 3271.0, 3119.0, 3248.0, 7.7, 6.28, -1.59, 0.03, -0.04, -0.01
2851.0, 2793.0, 3271.0, 3113.0, 3255.0, 7.65, 6.3, -1.59, 0.01, -0.05, -0.01
2850.0, 2794.0, 3272.0, 3114.0, 3253.0, 7.71, 6.3, -1.64, 0.05, -0.05, -0.01
2848.0, 2799.0, 3270.0, 3111.0, 3255.0, 7.65, 6.26, -1.69, 0.03, -0.0, -0.03
2847.0, 2801.0, 3273.0, 3118.0, 3255.0, 7.62, 6.28, -1.51, 0.01, -0.07, -0.0
2848.0, 2799.0, 3275.0, 3114.0, 3239.0, 7.72, 6.18, -1.75, 0.03, -0.01, -0.03
2849.0, 2799.0, 3271.0, 3111.0, 3255.0, 7.77, 6.21, -1.64, 0.02, -0.02, -0.02
2847.0, 2800.0, 3269.0, 3111.0, 3254.0, 7.63, 6.29, -1.61, 0.01, 0.01, -0.02
2848.0, 2789.0, 3270.0, 3109.0, 3270.0, 7.65, 6.33, -1.66, 0.02, -0.03, -0.01
2849.0, 2802.0, 3273.0, 3109.0, 3252.0, 7.75, 6.17, -1.6, -0.01, -0.01, -0.02
2848.0, 2801.0, 3267.0, 3115.0, 3251.0, 7.62, 6.29, -1.5, 0.03, -0.06, -0.02
2842.0, 2802.0, 3262.0, 3113.0, 3255.0, 7.64, 6.29, -1.63, 0.0, -0.0, -0.01
2848.0, 2802.0, 3274.0, 3111.0, 3254.0, 7.73, 6.27, -1.55, 0.04, -0.04, -0.01
2846.0, 2801.0, 3269.0, 3110.0, 3250.0, 7.56, 6.38, -1.58, -0.01, -0.02, -0.03
2848.0, 2803.0, 3269.0, 3111.0, 3250.0, 7.66, 6.31, -1.66, 0.03, 0.02, -0.02
2848.0, 2803.0, 3272.0, 3111.0, 3251.0, 7.76, 6.31, -1.55, 0.01, -0.04, -0.01
2862.0, 2802.0, 3270.0, 3107.0, 3249.0, 7.6, 6.28, -1.49, 0.0, -0.02, -0.01
2844.0, 2806.0, 3271.0, 3109.0, 3251.0, 7.69, 6.26, -1.58, 0.03, -0.03, -0.01
2845.0, 2806.0, 3270.0, 3110.0, 3248.0, 7.7, 6.29, -1.49, 0.01, -0.05, -0.01
2847.0, 2806.0, 3269.0, 3116.0, 3249.0, 7.66, 6.27, -1.58, 0.01, -0.04, -0.03
2846.0, 2810.0, 3267.0, 3111.0, 3250.0, 7.68, 6.33, -1.56, 0.0, -0.04, -0.01
2843.0, 2800.0, 3270.0, 3101.0, 3246.0, 7.66, 6.3, -1.66, 0.01, -0.01, -0.02
2853.0, 2805.0, 3266.0, 3115.0, 3248.0, 7.71, 6.29, -1.39, -0.01, -0.03, -0.02
2861.0, 2806.0, 3270.0, 3113.0, 3248.0, 7.69, 6.33, -1.54, -0.02, -0.01, -0.03
