3236.0, 3253.0, 3313.0, 3235.0, 2850.0, 6.49, 7.59, -0.67, 0.08, -0.03, -0.01
3239.0, 3249.0, 3315.0, 3238.0, 2851.0, 6.5, 7.58, -0.64, 0.06, -0.01, -0.02
3247.0, 3260.0, 3326.0, 3248.0, 2864.0, 6.39, 7.63, -0.64, 0.1, -0.01, -0.03
3235.0, 3248.0, 3299.0, 3237.0, 2853.0, 6.43, 7.58, -0.67, 0.05, -0.07, 0.01
3239.0, 3248.0, 3315.0, 3244.0, 2853.0, 6.43, 7.55, -0.65, 0.06, -0.0, -0.02
3248.0, 3258.0, 3328.0, 3250.0, 2864.0, 6.38, 7.52, -0.74, 0.06, 0.03, 0.0
3248.0, 3257.0, 3327.0, 3249.0, 2864.0, 6.25, 7.5, -0.71, 0.07, 0.1, -0.07
3248.0, 3255.0, 3327.0, 3250.0, 2863.0, 6.52, 7.75, -0.64, 0.08, 0.06, -0.11
3249.0, 3257.0, 3327.0, 3255.0, 2863.0, 6.63, 8.21, -0.56, 0.06, 0.04, -0.11
3255.0, 3262.0, 3334.0, 3273.0, 2865.0, 5.05, 8.74, 0.57, 1.05, -0.1, -0.4
3281.0, 3298.0, 3385.0, 3415.0, 2937.0, 4.87, 9.35, -3.52, 0.16, -1.34, 1.15
3319.0, 3314.0, 3383.0, 3440.0, 2944.0, 6.56, 6.63, -1.4, 0.4, 0.15, -0.37
3325.0, 3343.0, 3383.0, 3451.0, 2939.0, 7.61, 5.88, -2.16, 0.64, -0.35, 0.1
3313.0, 3315.0, 3359.0, 3406.0, 2901.0, 8.03, 7.25, -1.38, 0.45, 0.35, -0.15
3326.0, 3318.0, 3374.0, 3367.0, 2902.0, 6.88, 6.68, -1.56, 0.07, 0.41, 0.01
3333.0, 3303.0, 3371.0, 3347.0, 2893.0, 6.76, 7.63, -2.07, 0.48, 0.35, 0.18
3329.0, 3297.0, 3367.0, 3366.0, 2853.0, 6.19, 7.79, -2.32, 0.28, 0.9, 0.04
3326.0, 3291.0, 3364.0, 3426.0, 2918.0, 6.54, 7.28, -3.86, 1.07, 0.52, 0.49
3314.0, 3280.0, 3347.0, 3455.0, 2938.0, 6.6, 6.28, -3.23, 0.33, 0.5, 0.77
3312.0, 3280.0, 3358.0, 3504.0, 3008.0, 7.02, 5.98, -2.74, 0.51, 0.8, 0.58
3312.0, 3278.0, 3353.0, 3502.0, 3013.0, 7.92, 5.37, -1.37, 0.4, 0.71, 0.51
3311.0, 3279.0, 3355.0, 3497.0, 3014.0, 8.38, 5.29, -1.53, 0.5, 0.73, 0.33
3312.0, 3279.0, 3355.0, 3493.0, 3009.0, 8.34, 5.32, -1.3, 0.52, 0.65, 0.11
3311.0, 3278.0, 3355.0, 3515.0, 3027.0, 8.23, 5.32, -0.88, 0.31, 0.63, 0.19
3309.0, 3277.0, 3350.0, 3564.0, 3088.0, 8.84, 5.75, -0.79, 0.09, 0.36, 0.39
3310.0, 3251.0, 3337.0, 3612.0, 3124.0, 8.5, 5.6, -0.44, 0.37, 0.29, 0.2
3302.0, 3246.0, 3323.0, 3623.0, 3141.0, 7.71, 5.2, -0.48, 0.48, 0.36, 0.29
3302.0, 3225.0, 3311.0, 3626.0, 3137.0, 9.3, 5.35, -0.32, 0.56, 0.3, 0.59
3297.0, 3206.0, 3280.0, 3622.0, 3136.0, 8.91, 4.58, 0.19, 0.43, 0.23, 0.6
3383.0, 3152.0, 3279.0, 3619.0, 3145.0, 9.45, 3.58, -0.09, 0.25, 0.18, 0.88
3463.0, 3104.0, 3271.0, 3619.0, 3158.0, 9.98, 3.52, -0.48, -0.14, 0.27, 0.82
3504.0, 3071.0, 3274.0, 3623.0, 3183.0, 9.8, 2.71, -0.1, -0.36, 0.29, 0.76
3500.0, 3056.0, 3259.0, 3566.0, 3174.0, 9.7, 1.96, 0.32, -0.54, 0.58, 0.8
3479.0, 3041.0, 3248.0, 3515.0, 3167.0, 9.5, 1.8, 0.94, -0.24, 0.33, 0.59
3468.0, 3028.0, 3243.0, 3477.0, 3162.0, 9.6, 1.36, 0.81, 0.06, 0.43, 0.47
3456.0, 3022.0, 3237.0, 3454.0, 3156.0, 10.13, 1.51, 0.64, 0.08, 0.3, 0.53
3449.0, 3015.0, 3233.0, 3440.0, 3153.0, 9.79, 1.16, 1.6, 0.13, 0.17, 0.3
3439.0, 2996.0, 3218.0, 3425.0, 3135.0, 10.09, 0.73, 1.08, 0.15, 0.1, 0.2
3445.0, 3009.0, 3232.0, 3437.0, 3158.0, 9.88, 0.76, 1.07, 0.1, 0.01, 0.11
3439.0, 3006.0, 3229.0, 3426.0, 3152.0, 9.78, 0.75, 0.96, 0.04, 0.3, 0.03
3433.0, 3003.0, 3225.0, 3428.0, 3151.0, 10.18, 0.79, 1.03, 0.11, 0.09, -0.08
3429.0, 3003.0, 3222.0, 3422.0, 3146.0, 9.95, 0.44, 1.66, 0.1, 0.06, -0.28
3426.0, 3001.0, 3222.0, 3423.0, 3146.0, 9.94, 0.82, 1.64, -0.16, 0.1, -0.23
3426.0, 3001.0, 3222.0, 3422.0, 3143.0, 10.13, 1.71, 1.32, -0.11, -0.05, -0.23
3411.0, 2989.0, 3214.0, 3409.0, 3133.0, 9.51, 2.02, 1.42, -0.11, -0.01, -0.26
3424.0, 2999.0, 3221.0, 3424.0, 3143.0, 9.49, 1.84, 1.45, -0.14, 0.19, -0.17
3418.0, 3003.0, 3229.0, 3425.0, 3142.0, 9.81, 2.14, 1.6, -0.16, 0.12, -0.04
3410.0, 2990.0, 3214.0, 3415.0, 3136.0, 9.56, 1.9, 2.37, -0.0, 0.04, -0.1
3411.0, 2979.0, 3235.0, 3413.0, 3135.0, 9.46, 1.56, 2.09, -0.18, 0.22, 0.01
3408.0, 2994.0, 3215.0, 3412.0, 3136.0, 9.94, 1.79, 2.32, -0.14, 0.04, -0.04
3413.0, 2992.0, 3211.0, 3411.0, 3135.0, 9.73, 1.73, 2.36, -0.15, -0.04, -0.06
3440.0, 2992.0, 3213.0, 3413.0, 3135.0, 9.7, 1.81, 2.21, -0.09, -0.01, -0.09
3410.0, 2992.0, 3211.0, 3413.0, 3133.0, 9.79, 2.06, 1.95, -0.07, -0.1, -0.06
3413.0, 2992.0, 3212.0, 3415.0, 3131.0, 9.43, 1.94, 2.14, 0.05, -0.05, -0.09
3410.0, 2992.0, 3212.0, 3417.0, 3131.0, 9.37, 1.84, 2.29, 0.08, 0.06, -0.1
3408.0, 2992.0, 3210.0, 3411.0, 3134.0, 9.69, 1.63, 1.99, 0.03, -0.02, -0.08
3403.0, 2993.0, 3216.0, 3413.0, 3130.0, 9.87, 1.99, 2.27, 0.1, -0.22, -0.09
