2675.0, 2706.0, 3524.0, 3185.0, 2801.0, 9.49, 0.88, 2.68, 0.03, -0.01, 0.0
2677.0, 2707.0, 3527.0, 3185.0, 2805.0, 9.64, 0.8, 2.64, 0.03, -0.05, -0.01
2680.0, 2707.0, 3521.0, 3185.0, 2802.0, 9.62, 0.71, 2.74, -0.01, -0.07, -0.02
2679.0, 2704.0, 3518.0, 3185.0, 2800.0, 9.66, 0.83, 2.57, -0.01, -0.04, -0.03
2679.0, 2705.0, 3515.0, 3184.0, 2803.0, 9.64, 0.88, 2.65, -0.02, -0.05, -0.02
2678.0, 2705.0, 3516.0, 3182.0, 2800.0, 9.61, 0.91, 2.56, 0.02, -0.04, -0.03
2677.0, 2721.0, 3504.0, 3194.0, 2814.0, 9.67, 0.82, 2.59, 0.03, -0.04, -0.0
2677.0, 2706.0, 3511.0, 3184.0, 2800.0, 9.64, 0.81, 2.55, -0.01, -0.02, -0.03
2676.0, 2707.0, 3511.0, 3183.0, 2803.0, 9.6, 0.87, 2.62, -0.01, -0.04, -0.02
2672.0, 2704.0, 3509.0, 3184.0, 2801.0, 9.59, 0.75, 2.59, 0.01, -0.02, -0.02
2678.0, 2706.0, 3509.0, 3185.0, 2802.0, 9.55, 0.78, 2.58, 0.0, -0.08, -0.03
2679.0, 2706.0, 3510.0, 3182.0, 2800.0, 9.62, 0.76, 2.55, 0.01, -0.03, -0.03
2678.0, 2707.0, 3509.0, 3184.0, 2801.0, 9.6, 0.96, 2.6, 0.02, -0.02, -0.02
2678.0, 2717.0, 3514.0, 3183.0, 2800.0, 9.62, 0.85, 2.49, -0.0, -0.03, -0.02
2681.0, 2707.0, 3511.0, 3184.0, 2803.0, 9.53, 1.01, 2.61, 0.05, -0.02, 0.0
2674.0, 2674.0, 3510.0, 3185.0, 2801.0, 9.63, 0.77, 2.65, -0.02, -0.01, -0.01
2675.0, 2701.0, 3513.0, 3184.0, 2801.0, 9.72, 0.88, 2.58, 0.05, -0.04, -0.02
2676.0, 2705.0, 3550.0, 3184.0, 2801.0, 9.67, 0.79, 2.75, 0.01, -0.01, -0.02
2678.0, 2714.0, 3509.0, 3181.0, 2801.0, 9.56, 0.91, 2.65, 0.0, -0.02, -0.02
2681.0, 2706.0, 3510.0, 3187.0, 2803.0, 9.59, 0.92, 2.66, 0.03, -0.02, -0.02
2679.0, 2707.0, 3514.0, 3184.0, 2803.0, 9.71, 0.77, 2.7, -0.03, -0.07, -0.02
2675.0, 2708.0, 3511.0, 3184.0, 2822.0, 9.63, 0.84, 2.54, 0.04, -0.04, -0.02
2678.0, 2709.0, 3525.0, 3184.0, 2803.0, 9.56, 0.91, 2.63, 0.02, -0.02, 0.01
2676.0, 2704.0, 3512.0, 3197.0, 2807.0, 9.65, 0.87, 2.6, 0.0, -0.03, -0.01
2671.0, 2705.0, 3517.0, 3185.0, 2806.0, 9.63, 0.95, 2.8, 0.07, -0.03, 0.01
2678.0, 2705.0, 3513.0, 3184.0, 2804.0, 9.51, 0.79, 2.68, -0.0, -0.0, 0.01
2681.0, 2704.0, 3517.0, 3186.0, 2802.0, 9.56, 0.76, 2.77, 0.04, -0.02, 0.0
2676.0, 2698.0, 3519.0, 3186.0, 2803.0, 9.62, 0.82, 2.76, -0.0, -0.02, -0.01
2682.0, 2704.0, 3520.0, 3186.0, 2802.0, 9.58, 0.96, 2.78, 0.04, -0.04, -0.0
2673.0, 2703.0, 3520.0, 3181.0, 2803.0, 9.59, 0.84, 2.62, -0.02, -0.07, -0.03
2677.0, 2704.0, 3519.0, 3185.0, 2802.0, 9.55, 0.95, 2.77, 0.05, -0.01, 0.01
2680.0, 2704.0, 3520.0, 3184.0, 2807.0, 9.61, 0.77, 2.78, -0.0, -0.06, -0.01
2671.0, 2702.0, 3518.0, 3181.0, 2817.0, 9.54, 0.88, 2.83, 0.02, -0.07, 0.01
2679.0, 2705.0, 3522.0, 3184.0, 2803.0, 9.56, 0.6, 2.86, 0.04, -0.11, -0.01
2679.0, 2705.0, 3524.0, 3187.0, 2800.0, 9.55, 0.89, 2.69, 0.01, -0.04, -0.01
2678.0, 2704.0, 3533.0, 3186.0, 2803.0, 9.62, 0.9, 2.59, 0.05, -0.03, -0.01
2682.0, 2705.0, 3521.0, 3187.0, 2804.0, 9.71, 0.82, 2.59, 0.0, -0.09, -0.04
2679.0, 2705.0, 3521.0, 3184.0, 2802.0, 9.61, 0.81, 2.55, 0.03, -0.03, -0.01
2681.0, 2704.0, 3523.0, 3186.0, 2801.0, 9.63, 1.02, 2.49, 0.02, -0.02, -0.01
2679.0, 2705.0, 3520.0, 3184.0, 2803.0, 9.69, 0.94, 2.62, 0.02, -0.06, -0.01
2678.0, 2709.0, 3522.0, 3187.0, 2802.0, 9.63, 0.92, 2.6, 0.01, -0.03, -0.01
2677.0, 2704.0, 3521.0, 3195.0, 2800.0, 9.67, 0.78, 2.49, 0.03, -0.03, 0.01
2681.0, 2705.0, 3520.0, 3184.0, 2805.0, 9.6, 0.86, 2.72, -0.01, -0.01, -0.01
2678.0, 2705.0, 3519.0, 3186.0, 2805.0, 9.65, 0.85, 2.65, 0.02, -0.03, -0.01
2679.0, 2704.0, 3520.0, 3186.0, 2818.0, 9.61, 0.91, 2.85, 0.01, -0.05, -0.0
2682.0, 2706.0, 3520.0, 3189.0, 2801.0, 9.7, 0.78, 2.6, 0.01, -0.07, -0.0
2681.0, 2704.0, 3520.0, 3185.0, 2801.0, 9.7, 0.76, 2.71, -0.01, -0.05, -0.02
2679.0, 2704.0, 3520.0, 3185.0, 2801.0, 9.55, 0.94, 2.68, 0.01, -0.05, -0.03
2679.0, 2707.0, 3520.0, 3186.0, 2805.0, 9.59, 0.97, 2.54, 0.01, -0.02, 0.0
2678.0, 2702.0, 3520.0, 3185.0, 2801.0, 9.62, 0.86, 2.47, 0.02, -0.03, 0.01
