2709.0, 2742.0, 3583.0, 3280.0, 2835.0, 6.57, 0.43, 4.71, -0.41, -2.3, -0.13
2709.0, 2750.0, 3583.0, 3275.0, 2832.0, 6.4, 1.49, 3.81, -0.33, -2.11, -0.16
2705.0, 2752.0, 3598.0, 3278.0, 2834.0, 6.78, 1.67, 2.09, -0.05, -1.89, -0.52
2713.0, 2754.0, 3600.0, 3280.0, 2833.0, 7.3, 2.06, 1.36, 0.06, -1.51, -0.21
2707.0, 2752.0, 3600.0, 3278.0, 2834.0, 7.32, 2.66, -0.31, -0.02, -0.75, 0.02
2709.0, 2750.0, 3600.0, 3281.0, 2835.0, 8.32, 1.8, -0.97, -0.42, -0.15, 0.24
2706.0, 2746.0, 3583.0, 3282.0, 2835.0, 9.36, 1.07, -0.04, -0.26, -0.04, 0.28
2704.0, 2745.0, 3583.0, 3280.0, 2838.0, 9.92, 0.23, 0.87, 0.07, 0.02, 0.17
2704.0, 2737.0, 3568.0, 3296.0, 2835.0, 10.19, 0.24, 1.16, 0.25, -0.09, -0.03
2705.0, 2746.0, 3579.0, 3273.0, 2834.0, 10.1, 0.55, 0.78, 0.1, -0.08, -0.01
2704.0, 2741.0, 3574.0, 3273.0, 2835.0, 9.93, 0.58, 0.94, 0.05, -0.01, -0.03
2704.0, 2743.0, 3579.0, 3267.0, 2837.0, 10.02, 0.32, 1.37, 0.07, -0.03, -0.02
2705.0, 2740.0, 3578.0, 3268.0, 2834.0, 9.94, 0.72, 1.02, -0.02, -0.14, -0.03
2705.0, 2757.0, 3583.0, 3264.0, 2836.0, 9.95, 0.85, 0.67, -0.03, 0.03, 0.02
2704.0, 2739.0, 3574.0, 3263.0, 2832.0, 10.07, 0.7, 0.89, 0.02, 0.0, 0.01
2705.0, 2741.0, 3571.0, 3263.0, 2826.0, 9.92, 0.53, 1.15, -0.02, 0.03, 0.06
2704.0, 2739.0, 3568.0, 3264.0, 2835.0, 10.07, 0.43, 1.13, 0.02, -0.05, 0.0
2704.0, 2742.0, 3571.0, 3259.0, 2833.0, 9.87, 0.47, 1.03, 0.0, -0.03, -0.01
2704.0, 2738.0, 3564.0, 3259.0, 2848.0, 10.01, 0.59, 0.81, 0.01, 0.09, 0.03
2704.0, 2738.0, 3566.0, 3258.0, 2832.0, 10.07, 0.47, 1.24, -0.06, -0.05, -0.01
2704.0, 2739.0, 3561.0, 3261.0, 2835.0, 10.05, 0.51, 1.48, 0.04, 0.0, 0.02
2702.0, 2736.0, 3563.0, 3254.0, 2835.0, 9.96, 0.49, 1.19, 0.07, -0.06, -0.0
2704.0, 2737.0, 3559.0, 3253.0, 2834.0, 10.02, 0.38, 1.07, 0.06, -0.1, -0.0
2704.0, 2738.0, 3565.0, 3251.0, 2834.0, 10.01, 0.6, 0.9, -0.05, -0.07, 0.03
2704.0, 2736.0, 3555.0, 3255.0, 2832.0, 9.76, 0.52, 0.93, 0.02, 0.01, 0.04
2704.0, 2736.0, 3559.0, 3250.0, 2832.0, 10.08, 0.5, 1.22, -0.01, 0.01, 0.03
2717.0, 2736.0, 3553.0, 3248.0, 2833.0, 9.95, 0.27, 1.22, 0.04, -0.05, -0.01
2704.0, 2736.0, 3558.0, 3251.0, 2832.0, 9.94, 0.48, 1.12, 0.04, -0.06, -0.01
2704.0, 2736.0, 3550.0, 3249.0, 2833.0, 9.97, 0.52, 1.02, 0.02, 0.01, 0.03
2704.0, 2736.0, 3553.0, 3248.0, 2832.0, 10.08, 0.36, 1.18, -0.01, -0.02, -0.02
2704.0, 2761.0, 3550.0, 3248.0, 2832.0, 9.97, 0.43, 1.4, 0.0, -0.06, -0.02
2646.0, 2730.0, 3547.0, 3234.0, 2806.0, 10.01, 0.47, 1.26, 0.0, -0.04, 0.02
2702.0, 2739.0, 3547.0, 3241.0, 2833.0, 10.0, 0.28, 1.05, 0.01, -0.09, -0.01
2704.0, 2736.0, 3547.0, 3243.0, 2826.0, 10.03, 0.36, 1.11, -0.0, -0.07, 0.01
2704.0, 2735.0, 3549.0, 3244.0, 2833.0, 9.95, 0.51, 0.99, 0.01, -0.03, 0.04
2705.0, 2730.0, 3537.0, 3248.0, 2837.0, 10.0, 0.41, 0.89, -0.02, -0.04, 0.03
2693.0, 2736.0, 3551.0, 3248.0, 2832.0, 9.99, 0.31, 0.97, 0.05, -0.04, 0.01
2704.0, 2736.0, 3547.0, 3238.0, 2849.0, 10.0, 0.32, 1.07, -0.0, -0.03, 0.02
2702.0, 2735.0, 3549.0, 3243.0, 2833.0, 9.95, 0.33, 1.08, 0.02, -0.02, 0.0
2704.0, 2735.0, 3543.0, 3239.0, 2832.0, 10.07, 0.23, 1.06, 0.02, -0.09, -0.03
2705.0, 2736.0, 3542.0, 3238.0, 2832.0, 9.84, 0.42, 1.12, 0.06, 0.01, -0.01
2704.0, 2734.0, 3543.0, 3245.0, 2832.0, 10.12, 0.45, 1.17, 0.03, 0.03, 0.02
2701.0, 2734.0, 3539.0, 3239.0, 2831.0, 10.08, 0.16, 1.31, -0.01, -0.08, 0.0
2704.0, 2733.0, 3541.0, 3239.0, 2832.0, 10.01, 0.32, 1.18, 0.03, -0.01, 0.03
2704.0, 2734.0, 3545.0, 3239.0, 2835.0, 10.07, 0.49, 1.01, 0.02, 0.02, 0.04
2694.0, 2720.0, 3543.0, 3238.0, 2832.0, 10.01, 0.27, 1.11, 0.05, 0.0, 0.05
2703.0, 2733.0, 3541.0, 3241.0, 2834.0, 9.94, 0.11, 1.21, -0.01, -0.1, 0.01
2704.0, 2736.0, 3536.0, 3237.0, 2832.0, 10.03, 0.11, 1.05, 0.04, -0.06, 0.01
2700.0, 2734.0, 3536.0, 3231.0, 2831.0, 10.06, 0.1, 1.05, 0.04, -0.06, 0.01
2701.0, 2727.0, 3536.0, 3216.0, 2843.0, 9.98, 0.11, 1.05, 0.02, -0.02, 0.01
