2704.0, 2689.0, 3369.0, 3088.0, 2810.0, 2.28, 5.73, 7.33, 0.05, -0.04, 0.01
2704.0, 2693.0, 3378.0, 3087.0, 2811.0, 2.16, 6.15, 8.23, 0.05, -0.15, 0.32
2704.0, 2710.0, 3422.0, 3138.0, 2818.0, 2.13, 6.66, 7.21, 1.44, -0.3, 2.07
2715.0, 2731.0, 3501.0, 3189.0, 2830.0, 0.79, 8.03, 8.25, 1.1, -3.16, 3.8
2752.0, 2783.0, 3606.0, 3299.0, 2901.0, 4.78, 3.56, 3.51, 1.55, -3.92, 2.67
2773.0, 2799.0, 3635.0, 3327.0, 2921.0, 9.23, 5.69, 1.21, 0.9, -1.21, 0.9
2774.0, 2807.0, 3651.0, 3337.0, 2919.0, 10.3, 4.83, 3.23, 0.58, -1.12, 0.7
2780.0, 2806.0, 3632.0, 3332.0, 2921.0, 12.39, 4.73, 3.44, 0.64, -0.9, 0.7
2781.0, 2802.0, 3623.0, 3326.0, 2928.0, 13.5, 3.96, 1.37, 0.55, -1.24, 0.73
2781.0, 2799.0, 3605.0, 3318.0, 2924.0, 11.25, 5.54, 1.34, 0.44, -1.36, 1.5
2797.0, 2804.0, 3609.0, 3328.0, 2931.0, 9.94, 3.19, -0.23, 0.19, -1.02, 1.54
2800.0, 2809.0, 3607.0, 3329.0, 2942.0, 11.29, 0.87, -1.02, -0.15, -1.52, 2.05
2800.0, 2807.0, 3601.0, 3322.0, 2939.0, 8.47, 0.62, -1.92, 0.35, -1.39, 1.3
2797.0, 2800.0, 3583.0, 3314.0, 2933.0, 4.3, -0.28, -0.92, 0.98, -0.44, 0.38
2795.0, 2800.0, 3583.0, 3312.0, 2930.0, 6.54, -0.58, -2.25, 0.23, -0.39, 0.3
2795.0, 2801.0, 3491.0, 3312.0, 2929.0, 7.59, 0.68, -2.28, -0.03, -0.4, 0.16
2789.0, 2798.0, 3575.0, 3310.0, 2928.0, 8.55, -0.16, -2.52, -0.07, -0.4, -0.13
2795.0, 2800.0, 3575.0, 3311.0, 2933.0, 9.25, -0.34, -3.03, -0.03, 0.1, -0.15
2794.0, 2800.0, 3572.0, 3306.0, 2930.0, 10.26, -0.71, -3.32, -0.08, 0.02, -0.04
2795.0, 2800.0, 3575.0, 3303.0, 2933.0, 9.9, -0.29, -2.53, -0.12, -0.21, 0.02
2795.0, 2800.0, 3568.0, 3307.0, 2931.0, 9.78, -0.27, -2.98, 0.09, -0.0, -0.2
2794.0, 2799.0, 3561.0, 3300.0, 2929.0, 9.45, 0.15, -2.72, 0.03, -0.07, 0.06
2796.0, 2809.0, 3565.0, 3314.0, 2928.0, 9.92, -0.33, -2.8, -0.14, -0.11, 0.01
2795.0, 2798.0, 3568.0, 3299.0, 2930.0, 9.84, 0.02, -3.16, 0.05, -0.15, -0.03
2795.0, 2800.0, 3568.0, 3303.0, 2928.0, 9.49, 0.0, -3.13, 0.05, -0.03, -0.0
2799.0, 2800.0, 3542.0, 3297.0, 2930.0, 9.71, -0.21, -3.13, -0.06, -0.03, 0.04
2799.0, 2779.0, 3566.0, 3301.0, 2929.0, 9.9, -0.21, -3.11, 0.07, -0.03, 0.03
2800.0, 2800.0, 3562.0, 3295.0, 2928.0, 9.45, 0.08, -2.84, 0.03, -0.13, 0.02
2797.0, 2800.0, 3566.0, 3293.0, 2928.0, 9.75, -0.24, -3.17, 0.05, 0.08, 0.04
2799.0, 2800.0, 3564.0, 3295.0, 2928.0, 9.61, -0.29, -2.85, -0.06, 0.08, -0.01
2798.0, 2798.0, 3563.0, 3297.0, 2928.0, 9.82, -0.18, -2.89, 0.09, -0.03, -0.0
2799.0, 2800.0, 3562.0, 3293.0, 2928.0, 9.67, -0.2, -2.89, 0.03, -0.1, 0.04
2798.0, 2799.0, 3562.0, 3292.0, 2928.0, 9.57, -0.3, -3.02, 0.1, -0.04, 0.08
2800.0, 2800.0, 3557.0, 3293.0, 2928.0, 9.84, -0.45, -3.32, 0.08, -0.02, 0.02
2800.0, 2800.0, 3555.0, 3291.0, 2928.0, 9.49, -0.43, -2.74, -0.01, -0.03, -0.0
2800.0, 2801.0, 3558.0, 3286.0, 2910.0, 9.81, -0.21, -3.04, 0.09, 0.07, -0.02
2798.0, 2797.0, 3554.0, 3289.0, 2925.0, 10.02, -0.32, -3.11, 0.01, -0.04, -0.01
2799.0, 2800.0, 3556.0, 3287.0, 2925.0, 9.53, -0.42, -2.68, 0.01, -0.01, 0.01
2795.0, 2800.0, 3557.0, 3286.0, 2925.0, 9.89, -0.31, -2.92, 0.01, 0.03, -0.01
2798.0, 2799.0, 3554.0, 3286.0, 2925.0, 9.9, -0.31, -2.96, 0.01, -0.04, 0.02
2791.0, 2796.0, 3553.0, 3275.0, 2925.0, 9.74, -0.33, -2.86, -0.0, -0.06, 0.02
2795.0, 2800.0, 3553.0, 3283.0, 2922.0, 9.7, -0.44, -2.92, 0.03, -0.01, 0.01
2794.0, 2793.0, 3555.0, 3287.0, 2918.0, 9.56, -0.58, -2.75, -0.0, 0.01, 0.05
2795.0, 2795.0, 3554.0, 3282.0, 2926.0, 9.79, -0.4, -3.0, 0.06, 0.07, 0.06
2793.0, 2795.0, 3553.0, 3282.0, 2923.0, 9.78, -0.58, -2.53, -0.02, -0.04, 0.0
2794.0, 2798.0, 3553.0, 3283.0, 2922.0, 9.8, -0.52, -2.63, 0.0, -0.0, 0.02
2805.0, 2791.0, 3550.0, 3281.0, 2923.0, 9.84, -0.47, -2.71, -0.03, -0.08, 0.05
2797.0, 2795.0, 3554.0, 3282.0, 2923.0, 9.79, -0.63, -2.73, -0.08, -0.03, 0.06
2791.0, 2794.0, 3553.0, 3281.0, 2922.0, 9.71, -0.67, -2.65, -0.03, -0.02, 0.02
2793.0, 2795.0, 3559.0, 3280.0, 2925.0, 9.8, -0.66, -2.87, -0.02, 0.0, 0.03
