3304.0, 3295.0, 3474.0, 3325.0, 2865.0, -2.94, -1.06, 10.37, -0.03, -0.33, -0.18
3293.0, 3293.0, 3455.0, 3304.0, 2870.0, -3.23, -1.12, 10.25, 0.29, -0.0, -0.21
3303.0, 3287.0, 3434.0, 3281.0, 2864.0, -2.5, -1.02, 8.84, 0.4, -0.03, -0.37
3302.0, 3282.0, 3408.0, 3265.0, 2863.0, -1.86, -0.64, 6.25, 0.98, 0.35, -0.57
3302.0, 3250.0, 3361.0, 3245.0, 2855.0, -1.51, -1.16, 11.59, 0.53, -0.69, -1.09
3301.0, 3189.0, 3323.0, 3217.0, 2850.0, -1.41, 0.14, 13.54, 1.92, -0.84, -1.13
3296.0, 3177.0, 3307.0, 3209.0, 2844.0, -0.81, 1.81, 14.28, 2.67, -1.99, -0.59
3293.0, 3166.0, 3307.0, 3207.0, 2842.0, -0.13, 3.36, 13.54, 3.58, -3.08, 0.13
3287.0, 3173.0, 3379.0, 3247.0, 2861.0, 1.0, 4.52, 11.13, 4.21, -2.62, 0.32
3280.0, 3183.0, 3489.0, 3327.0, 2879.0, 6.25, 7.39, 9.35, 1.85, -3.86, 0.82
3286.0, 3210.0, 3636.0, 3466.0, 2901.0, 1.45, 7.16, 4.71, 3.87, -1.27, 1.03
3326.0, 3319.0, 3762.0, 3648.0, 2962.0, 3.23, 7.0, 4.19, 0.47, -2.04, 2.23
3376.0, 3393.0, 3823.0, 3734.0, 3050.0, 3.99, 4.52, -0.18, 2.26, -0.56, 2.03
3439.0, 3426.0, 3854.0, 3775.0, 3094.0, 4.87, 5.43, -0.35, 2.05, -0.28, 1.96
3489.0, 3472.0, 3861.0, 3797.0, 3108.0, 6.08, 5.74, -0.15, 1.54, -0.15, 1.63
3519.0, 3534.0, 3861.0, 3805.0, 3105.0, 6.97, 4.35, -2.03, 1.04, -0.02, 1.45
3531.0, 3582.0, 3879.0, 3815.0, 3110.0, 7.41, 3.25, -2.18, 0.49, 0.15, 1.14
3537.0, 3648.0, 3920.0, 3813.0, 3110.0, 7.81, 2.49, -2.14, 0.45, 0.31, 0.55
3538.0, 3629.0, 3887.0, 3811.0, 3107.0, 8.51, 2.59, -2.03, 0.08, 0.18, 0.3
3539.0, 3637.0, 3883.0, 3811.0, 3102.0, 8.54, 2.68, -1.64, 0.24, -0.05, -0.09
3542.0, 3625.0, 3883.0, 3807.0, 3101.0, 8.69, 3.63, -1.6, -0.23, 0.17, -0.15
3547.0, 3609.0, 3879.0, 3811.0, 3119.0, 8.19, 3.8, -1.7, 0.19, 0.21, -0.46
3563.0, 3601.0, 3883.0, 3812.0, 3169.0, 10.93, 4.55, -0.27, -0.04, -0.04, -0.08
3565.0, 3600.0, 3871.0, 3824.0, 3227.0, 8.26, 3.24, -2.14, 0.06, 0.18, -0.34
3569.0, 3583.0, 3863.0, 3830.0, 3263.0, 8.79, 4.35, -1.49, 0.03, 0.05, -0.17
3568.0, 3582.0, 3858.0, 3830.0, 3269.0, 9.04, 4.52, -1.59, -0.07, 0.04, -0.11
3574.0, 3567.0, 3856.0, 3824.0, 3307.0, 9.05, 4.64, -1.4, -0.04, -0.12, 0.04
3577.0, 3570.0, 3856.0, 3824.0, 3334.0, 9.0, 4.52, -1.53, -0.11, 0.03, 0.05
3570.0, 3570.0, 3858.0, 3824.0, 3347.0, 9.16, 4.56, -1.4, -0.09, 0.02, 0.05
3569.0, 3568.0, 3857.0, 3818.0, 3356.0, 9.14, 4.22, -1.44, -0.08, -0.02, 0.09
3569.0, 3565.0, 3856.0, 3820.0, 3369.0, 9.04, 4.11, -1.17, -0.06, 0.05, 0.01
3563.0, 3552.0, 3921.0, 3815.0, 3375.0, 8.92, 4.41, -1.33, -0.19, 0.05, 0.07
3568.0, 3559.0, 3886.0, 3798.0, 3366.0, 9.03, 4.44, -1.1, -0.1, 0.01, 0.06
3565.0, 3558.0, 3858.0, 3808.0, 3364.0, 9.14, 4.18, -1.07, 0.01, 0.03, 0.02
3561.0, 3562.0, 3878.0, 3814.0, 3363.0, 9.14, 4.23, -1.07, -0.12, 0.03, 0.04
3551.0, 3563.0, 3882.0, 3810.0, 3358.0, 9.05, 4.32, -1.14, 0.05, 0.05, -0.04
3553.0, 3562.0, 3854.0, 3807.0, 3354.0, 9.06, 4.15, -0.76, -0.04, 0.02, 0.01
3552.0, 3559.0, 3856.0, 3805.0, 3351.0, 9.04, 4.08, -0.95, -0.03, 0.03, -0.03
3553.0, 3553.0, 3855.0, 3809.0, 3346.0, 9.26, 4.19, -0.77, -0.09, 0.02, -0.07
3551.0, 3555.0, 3845.0, 3815.0, 3347.0, 9.11, 4.38, -0.42, -0.07, 0.05, -0.05
3542.0, 3555.0, 3845.0, 3803.0, 3346.0, 9.08, 4.29, -0.55, -0.13, 0.04, 0.03
3551.0, 3548.0, 3845.0, 3798.0, 3344.0, 9.22, 4.3, -0.89, -0.11, -0.02, 0.02
3555.0, 3557.0, 3847.0, 3810.0, 3353.0, 9.01, 4.66, -0.76, -0.03, -0.02, 0.01
3554.0, 3555.0, 3846.0, 3803.0, 3347.0, 8.85, 4.32, -0.66, 0.05, -0.09, 0.09
3550.0, 3543.0, 3838.0, 3795.0, 3339.0, 9.05, 3.79, -0.85, 0.1, 0.01, -0.01
3545.0, 3543.0, 3840.0, 3796.0, 3340.0, 9.33, 4.02, -0.98, 0.05, 0.01, -0.09
3546.0, 3545.0, 3835.0, 3797.0, 3338.0, 9.2, 4.25, -0.69, 0.03, 0.0, -0.12
3543.0, 3531.0, 3841.0, 3825.0, 3343.0, 8.89, 4.74, -0.34, 0.04, 0.04, -0.06
3541.0, 3546.0, 3834.0, 3795.0, 3335.0, 9.1, 4.4, -0.17, 0.07, -0.01, 0.0
3568.0, 3542.0, 3835.0, 3793.0, 3329.0, 9.32, 3.93, -0.18, -0.01, -0.02, 0.02
3541.0, 3539.0, 3829.0, 3792.0, 3329.0, 9.23, 4.0, -0.5, -0.03, -0.07, -0.05
