3164.0, 3065.0, 3259.0, 3573.0, 3143.0, 10.38, 1.97, -1.96, 0.49, 0.22, -0.09
3162.0, 3063.0, 3259.0, 3571.0, 3141.0, 10.06, 2.41, -1.26, 0.7, 0.16, 0.05
3175.0, 3061.0, 3262.0, 3562.0, 3141.0, 10.02, 1.78, -1.11, 0.85, 0.22, 0.11
3162.0, 3062.0, 3262.0, 3570.0, 3143.0, 9.96, 1.16, -0.54, 0.82, 0.16, 0.13
3161.0, 3063.0, 3262.0, 3574.0, 3142.0, 9.59, 1.29, -0.08, 0.8, 0.14, 0.21
3165.0, 3056.0, 3262.0, 3575.0, 3141.0, 9.73, 0.72, 0.13, 0.92, 0.3, 0.02
3157.0, 3062.0, 3260.0, 3573.0, 3143.0, 10.24, 0.22, 0.71, 1.03, 0.27, 0.12
3167.0, 3066.0, 3261.0, 3570.0, 3141.0, 10.49, -0.07, 2.06, 1.68, 0.39, -0.4
3167.0, 3058.0, 3250.0, 3568.0, 3135.0, 11.33, -2.12, 1.79, 4.37, 1.6, -3.59
3159.0, 3068.0, 3270.0, 3583.0, 3134.0, 9.05, 2.72, -0.91, 4.37, 2.79, -4.37
3161.0, 3083.0, 3269.0, 3583.0, 3134.0, 5.46, 6.87, -4.07, 4.37, 4.37, -4.37
3152.0, 3088.0, 3270.0, 3583.0, 3126.0, 0.78, 11.38, -0.36, 3.73, 2.36, -1.35
3145.0, 3093.0, 3282.0, 3583.0, 3130.0, 4.85, 8.69, -3.13, 1.6, 1.03, -0.52
3139.0, 3089.0, 3296.0, 3583.0, 3127.0, 4.6, 8.86, -2.4, 0.45, -0.0, 0.04
3127.0, 3104.0, 3279.0, 3620.0, 3121.0, 4.78, 9.22, -2.14, -0.99, -0.73, 0.41
3132.0, 3086.0, 3365.0, 3583.0, 3135.0, 3.74, 11.23, -2.71, -3.8, -2.37, 2.17
3157.0, 3071.0, 3273.0, 3568.0, 3127.0, 4.86, 6.12, -4.44, -4.37, -4.37, 3.82
3167.0, 3083.0, 3265.0, 3568.0, 3126.0, 6.72, 5.35, -1.91, -4.37, -2.94, 3.79
3174.0, 3083.0, 3283.0, 3571.0, 3127.0, 8.82, 3.35, -1.06, -4.37, -2.12, 4.11
3173.0, 3071.0, 3274.0, 3567.0, 3127.0, 11.59, -4.25, -0.32, -3.88, -0.77, 2.0
3170.0, 3071.0, 3269.0, 3564.0, 3125.0, 10.19, -0.85, 1.5, -2.16, -0.36, 0.51
3174.0, 3070.0, 3264.0, 3562.0, 3121.0, 10.08, 0.38, 0.6, -1.17, -0.26, 0.09
3173.0, 3071.0, 3275.0, 3563.0, 3123.0, 10.26, 1.39, -0.62, -1.09, -0.23, 0.04
3173.0, 3071.0, 3293.0, 3562.0, 3138.0, 9.77, 2.21, -1.02, -0.79, -0.05, -0.21
3171.0, 3069.0, 3263.0, 3555.0, 3123.0, 9.84, 1.9, -1.17, -0.6, -0.33, -0.08
3173.0, 3070.0, 3259.0, 3558.0, 3125.0, 9.6, 2.11, -1.11, -0.25, -0.19, -0.16
3171.0, 3068.0, 3262.0, 3557.0, 3125.0, 9.98, 1.66, -1.26, -0.24, -0.13, -0.12
3171.0, 3067.0, 3261.0, 3556.0, 3122.0, 10.28, 1.88, -1.23, -0.05, -0.18, -0.2
3171.0, 3070.0, 3262.0, 3555.0, 3123.0, 10.22, 2.17, -1.59, 0.14, -0.14, -0.28
3171.0, 3070.0, 3264.0, 3558.0, 3121.0, 10.41, 1.03, -1.77, 1.03, -0.01, -0.78
3171.0, 3065.0, 3278.0, 3558.0, 3120.0, 10.61, 1.12, -2.79, 3.61, 0.76, -2.44
3158.0, 3069.0, 3392.0, 3556.0, 3106.0, 8.6, 3.79, -4.45, 4.37, 1.57, -3.22
3167.0, 3070.0, 3260.0, 3557.0, 3117.0, 8.43, 4.65, -4.56, 4.37, 1.87, -2.84
3167.0, 3071.0, 3281.0, 3565.0, 3121.0, 8.25, 5.79, -5.54, 4.37, 3.11, -2.83
3152.0, 3056.0, 3294.0, 3556.0, 3121.0, 6.96, 7.69, -4.07, 4.37, 2.71, -1.16
3136.0, 3071.0, 3274.0, 3580.0, 3123.0, 6.98, 6.89, -3.75, 3.38, 1.8, -0.11
3138.0, 3097.0, 3278.0, 3575.0, 3102.0, 7.31, 6.47, -3.72, 1.74, 1.37, -0.02
3136.0, 3085.0, 3283.0, 3578.0, 3149.0, 7.29, 5.57, -2.72, 0.98, 0.69, 0.06
3134.0, 3082.0, 3297.0, 3568.0, 3127.0, 7.34, 5.17, -2.44, 0.57, 0.46, -0.05
3134.0, 3071.0, 3278.0, 3567.0, 3121.0, 6.98, 5.69, -2.04, -0.87, -0.34, 0.01
3137.0, 3071.0, 3281.0, 3567.0, 3121.0, 6.31, 7.11, -2.71, -3.39, -1.72, 0.51
3150.0, 3070.0, 3274.0, 3562.0, 3120.0, 5.87, 9.12, -3.87, -4.37, -3.32, 2.94
3166.0, 3071.0, 3373.0, 3565.0, 3120.0, 8.09, 3.32, -3.49, -4.37, -1.9, 4.37
3163.0, 3069.0, 3274.0, 3568.0, 3136.0, 11.42, -7.09, 0.11, -4.37, 0.32, 3.0
3161.0, 3069.0, 3306.0, 3583.0, 3120.0, 10.63, -1.18, 2.43, -0.73, 0.5, 1.11
3159.0, 3066.0, 3361.0, 3575.0, 3120.0, 10.73, -1.05, 1.51, -0.18, 0.68, 0.43
3158.0, 3063.0, 3269.0, 3572.0, 3119.0, 10.49, -0.71, 2.33, -1.09, 0.53, 0.15
3159.0, 3063.0, 3271.0, 3570.0, 3120.0, 9.9, -0.65, 2.64, -1.1, 0.09, -0.09
3157.0, 3065.0, 3265.0, 3571.0, 3120.0, 9.7, -0.48, 1.83, -0.81, -0.32, -0.17
3163.0, 3062.0, 3264.0, 3568.0, 3120.0, 9.86, -0.64, 0.93, -0.92, -0.44, -0.14
3152.0, 3061.0, 3264.0, 3566.0, 3120.0, 9.36, -0.06, 0.62, -0.55, -0.58, -0.35
