3234.0, 3071.0, 3346.0, 3390.0, 2994.0, -4.9, -0.39, 7.3, -0.1, -0.06, 0.58
3237.0, 3071.0, 3345.0, 3391.0, 2983.0, -4.91, -0.74, 7.82, -0.17, 0.08, 0.52
3235.0, 3071.0, 3345.0, 3387.0, 2992.0, -5.43, -0.81, 8.35, -0.07, 0.13, 0.35
3237.0, 3070.0, 3345.0, 3387.0, 2994.0, -5.83, -0.6, 8.46, 0.04, 0.0, 0.21
3235.0, 3067.0, 3347.0, 3392.0, 2993.0, -5.72, -0.66, 7.79, 0.02, -0.14, 0.06
3216.0, 3071.0, 3347.0, 3393.0, 2995.0, -5.21, -0.87, 7.56, 0.04, -0.01, -0.14
3265.0, 3070.0, 3344.0, 3386.0, 2992.0, -5.44, -1.1, 8.44, 0.09, -0.08, -0.44
3236.0, 3071.0, 3346.0, 3390.0, 2993.0, -5.61, -0.49, 8.49, 0.15, -0.24, -0.67
3234.0, 3071.0, 3329.0, 3390.0, 2992.0, -5.26, -0.1, 6.98, -0.06, -0.37, -0.77
3234.0, 3071.0, 3348.0, 3387.0, 2993.0, -4.65, -0.2, 6.76, 0.07, 0.16, -0.48
3233.0, 3071.0, 3348.0, 3390.0, 2992.0, -4.75, 0.15, 7.55, 0.09, 0.48, -0.33
3236.0, 3071.0, 3346.0, 3392.0, 3001.0, -5.32, 0.14, 8.55, 0.12, 0.48, -0.19
3235.0, 3067.0, 3346.0, 3387.0, 2992.0, -5.38, 0.15, 8.82, 0.21, 0.19, -0.07
3237.0, 3071.0, 3349.0, 3392.0, 2992.0, -5.05, 0.26, 8.23, 0.08, -0.06, 0.07
3239.0, 3071.0, 3346.0, 3393.0, 2998.0, -4.61, 0.21, 8.18, -0.02, -0.0, 0.27
3241.0, 3071.0, 3346.0, 3373.0, 2992.0, -4.77, 0.44, 8.62, 0.01, -0.01, 0.42
3235.0, 3071.0, 3349.0, 3389.0, 2993.0, -5.52, 0.56, 8.57, 0.05, -0.19, 0.55
3227.0, 3088.0, 3338.0, 3378.0, 2989.0, -6.13, 0.38, 7.95, -0.08, -0.37, 0.62
3238.0, 3071.0, 3347.0, 3392.0, 2993.0, -6.15, -0.49, 7.65, -0.17, -0.16, 0.69
3238.0, 3071.0, 3346.0, 3390.0, 2992.0, -5.8, -1.05, 7.93, -0.3, -0.15, 0.47
3238.0, 3071.0, 3348.0, 3391.0, 3003.0, -6.05, -1.2, 8.46, -0.19, -0.19, 0.12
3237.0, 3071.0, 3347.0, 3391.0, 2993.0, -5.71, -1.26, 8.0, -0.1, -0.56, -0.35
3248.0, 3071.0, 3349.0, 3393.0, 2994.0, -5.48, -0.8, 7.23, 0.15, -0.43, -0.45
3238.0, 3071.0, 3350.0, 3392.0, 2995.0, -4.92, -0.46, 7.07, 0.36, -0.2, -0.49
3238.0, 3079.0, 3315.0, 3390.0, 2994.0, -4.39, -0.35, 7.61, 0.43, 0.04, -0.57
3237.0, 3082.0, 3349.0, 3389.0, 2995.0, -4.39, 0.09, 8.85, 0.29, 0.02, -0.7
3236.0, 3071.0, 3349.0, 3390.0, 2993.0, -4.87, 0.91, 10.05, 0.06, -0.14, -0.64
3235.0, 3079.0, 3347.0, 3392.0, 2994.0, -4.88, 0.9, 9.93, -0.08, -0.47, -0.44
3237.0, 3079.0, 3347.0, 3393.0, 2993.0, -3.72, 0.86, 9.08, -0.09, -0.52, -0.15
3233.0, 3071.0, 3347.0, 3391.0, 2992.0, -3.09, 1.04, 7.99, -0.12, -0.47, 0.06
3237.0, 3081.0, 3351.0, 3436.0, 2995.0, -2.96, 1.01, 7.51, -0.07, -0.24, 0.39
3233.0, 3071.0, 3349.0, 3391.0, 2996.0, -3.59, 0.98, 7.45, -0.2, -0.09, 0.61
3237.0, 3071.0, 3342.0, 3390.0, 2995.0, -3.66, 0.15, 7.82, -0.07, 0.08, 0.83
3237.0, 3083.0, 3356.0, 3392.0, 2998.0, -4.0, -0.45, 8.51, 0.13, 0.23, 0.82
3236.0, 3083.0, 3351.0, 3386.0, 2995.0, -4.56, -0.49, 8.34, 0.51, 0.09, 0.79
3249.0, 3103.0, 3364.0, 3403.0, 3009.0, -4.47, -0.8, 8.1, 0.51, 0.28, 0.58
3239.0, 3071.0, 3352.0, 3390.0, 2992.0, -4.3, -0.81, 8.03, 0.21, 0.33, 0.14
3251.0, 3093.0, 3375.0, 3405.0, 3008.0, -5.33, -0.62, 8.57, -0.05, 0.54, -0.29
3235.0, 3071.0, 3350.0, 3407.0, 2994.0, -6.06, -0.69, 8.99, 0.1, 0.58, -0.49
3238.0, 3071.0, 3353.0, 3392.0, 2992.0, -5.81, 0.03, 8.78, 0.22, 0.3, -0.82
3235.0, 3082.0, 3354.0, 3390.0, 2993.0, -6.11, 0.86, 8.2, 0.09, 0.08, -0.98
3238.0, 3082.0, 3381.0, 3392.0, 2994.0, -5.5, 1.74, 8.31, -0.25, -0.11, -0.98
3239.0, 3081.0, 3354.0, 3387.0, 2992.0, -4.96, 1.66, 8.9, -0.1, 0.06, -0.55
3240.0, 3083.0, 3352.0, 3391.0, 2994.0, -4.76, 1.33, 8.51, -0.01, -0.16, -0.18
3246.0, 3090.0, 3357.0, 3392.0, 2994.0, -4.33, 1.08, 7.45, 0.08, -0.22, 0.19
3237.0, 3083.0, 3351.0, 3391.0, 2993.0, -4.0, 0.99, 6.83, -0.1, -0.11, 0.41
3235.0, 3083.0, 3352.0, 3394.0, 2996.0, -4.45, 0.91, 7.67, 0.0, 0.15, 0.74
3236.0, 3071.0, 3351.0, 3391.0, 2994.0, -5.83, 0.36, 8.92, 0.03, 0.1, 0.86
3239.0, 3071.0, 3355.0, 3392.0, 2992.0, -6.36, -0.21, 9.12, 0.18, -0.15, 1.0
3249.0, 3070.0, 3344.0, 3395.0, 2969.0, -6.17, -1.41, 8.33, 0.11, -0.35, 0.84
