3205.0, 3184.0, 3285.0, 3085.0, 2797.0, -1.05, 1.31, 9.5, 0.02, -0.03, -0.01
3197.0, 3175.0, 3277.0, 3071.0, 2786.0, -1.19, 1.3, 9.57, 0.01, -0.04, -0.01
3195.0, 3181.0, 3280.0, 3083.0, 2787.0, -1.08, 1.27, 9.47, 0.01, -0.04, -0.01
3202.0, 3181.0, 3279.0, 3070.0, 2785.0, -1.09, 1.33, 9.51, 0.01, -0.04, -0.01
3195.0, 3178.0, 3286.0, 3067.0, 2783.0, -1.11, 1.33, 9.54, 0.01, -0.04, -0.01
3195.0, 3169.0, 3280.0, 3071.0, 2778.0, -1.1, 1.33, 9.56, 0.01, -0.03, -0.01
3195.0, 3183.0, 3280.0, 3071.0, 2786.0, -1.35, 1.04, 10.47, 0.25, -0.1, 0.01
3189.0, 3194.0, 3281.0, 3071.0, 2787.0, -0.88, 1.54, 9.54, 0.51, -0.18, 0.05
3184.0, 3203.0, 3294.0, 3089.0, 2791.0, -0.88, 1.1, 12.59, 1.93, -1.59, 0.13
3152.0, 3229.0, 3322.0, 3225.0, 2861.0, -1.53, 4.35, 12.5, 1.63, -2.3, 0.42
3134.0, 3235.0, 3351.0, 3495.0, 3011.0, 1.28, 5.97, 10.38, 1.01, -3.28, 0.99
3131.0, 3234.0, 3377.0, 3637.0, 3191.0, 2.63, 5.23, 8.17, 0.82, -2.82, 1.34
3150.0, 3215.0, 3427.0, 3681.0, 3264.0, 5.09, 4.14, 7.33, 0.87, -2.72, 1.22
3184.0, 3190.0, 3463.0, 3696.0, 3274.0, 7.3, 4.32, 6.32, 1.01, -3.2, 0.79
3224.0, 3175.0, 3473.0, 3692.0, 3267.0, 7.43, 3.56, 4.82, 1.34, -2.24, 0.44
3265.0, 3146.0, 3475.0, 3691.0, 3263.0, 8.12, 3.18, 2.51, 1.31, -1.66, 0.33
3281.0, 3136.0, 3426.0, 3689.0, 3249.0, 8.11, 3.51, 0.62, 0.92, -1.16, 0.2
3316.0, 3107.0, 3370.0, 3695.0, 3248.0, 7.79, 3.56, 0.32, 0.56, -0.85, 0.35
3344.0, 3101.0, 3341.0, 3693.0, 3247.0, 8.07, 3.61, -0.2, 0.23, -0.55, 0.46
3318.0, 3099.0, 3306.0, 3689.0, 3244.0, 7.32, 3.27, 0.33, -0.25, 0.23, 0.41
3309.0, 3088.0, 3255.0, 3685.0, 3243.0, 8.8, 3.56, -0.3, -0.41, 0.52, 0.5
3311.0, 3071.0, 3225.0, 3671.0, 3235.0, 9.16, 2.78, 0.37, -0.82, 0.5, 0.13
3311.0, 3071.0, 3204.0, 3651.0, 3234.0, 8.9, 3.26, 1.32, -0.62, 0.8, -0.0
3309.0, 3062.0, 3197.0, 3650.0, 3231.0, 9.19, 3.61, 2.32, -0.35, 0.67, -0.05
3311.0, 3058.0, 3185.0, 3645.0, 3226.0, 8.86, 3.4, 2.1, -0.43, 0.42, -0.04
3311.0, 3055.0, 3184.0, 3635.0, 3227.0, 8.54, 2.94, 3.04, -0.15, 0.34, -0.16
3311.0, 3045.0, 3182.0, 3635.0, 3227.0, 9.27, 3.37, 3.04, -0.12, 0.1, -0.17
3312.0, 3043.0, 3182.0, 3630.0, 3225.0, 8.75, 3.72, 3.49, -0.04, -0.07, -0.21
3312.0, 3042.0, 3182.0, 3629.0, 3223.0, 8.68, 3.47, 3.25, -0.01, 0.15, -0.09
3311.0, 3039.0, 3179.0, 3629.0, 3225.0, 8.69, 3.57, 3.35, -0.02, 0.11, -0.02
3312.0, 3042.0, 3179.0, 3623.0, 3219.0, 8.57, 3.51, 3.54, 0.03, 0.03, -0.09
3312.0, 3039.0, 3177.0, 3626.0, 3216.0, 8.65, 3.6, 3.57, 0.02, 0.08, -0.06
3312.0, 3039.0, 3176.0, 3621.0, 3218.0, 8.7, 3.72, 3.65, 0.0, 0.04, -0.04
3312.0, 3040.0, 3175.0, 3619.0, 3216.0, 8.49, 3.42, 3.72, 0.02, 0.05, -0.05
3312.0, 3041.0, 3175.0, 3615.0, 3218.0, 8.56, 3.64, 3.41, 0.05, 0.12, -0.07
3324.0, 3053.0, 3184.0, 3627.0, 3227.0, 8.58, 3.54, 3.67, 0.0, 0.03, -0.09
3319.0, 3051.0, 3186.0, 3622.0, 3226.0, 8.57, 3.85, 3.89, 0.03, 0.03, -0.05
3311.0, 3039.0, 3172.0, 3613.0, 3229.0, 8.61, 3.78, 3.73, -0.02, 0.08, -0.05
3321.0, 3050.0, 3184.0, 3621.0, 3225.0, 8.47, 3.65, 4.03, 0.05, 0.06, -0.05
3316.0, 3051.0, 3184.0, 3618.0, 3222.0, 8.3, 3.83, 4.03, 0.07, -0.03, -0.03
3317.0, 3051.0, 3182.0, 3617.0, 3218.0, 8.29, 3.67, 3.99, 0.06, 0.02, -0.06
3314.0, 3051.0, 3182.0, 3616.0, 3218.0, 8.29, 3.76, 3.93, 0.03, 0.0, -0.1
3317.0, 3050.0, 3183.0, 3619.0, 3218.0, 8.27, 3.92, 3.91, -0.02, 0.05, -0.07
3315.0, 3051.0, 3183.0, 3618.0, 3218.0, 8.35, 3.99, 4.05, -0.02, -0.03, -0.04
3307.0, 3037.0, 3171.0, 3610.0, 3207.0, 8.22, 3.96, 4.03, -0.03, -0.02, -0.03
3315.0, 3050.0, 3181.0, 3618.0, 3216.0, 8.34, 3.87, 4.0, 0.01, -0.04, -0.01
3315.0, 3050.0, 3183.0, 3622.0, 3217.0, 8.27, 3.93, 4.04, 0.02, -0.06, -0.02
3317.0, 3051.0, 3183.0, 3619.0, 3217.0, 8.29, 3.94, 4.01, 0.02, -0.04, -0.02
3315.0, 3050.0, 3189.0, 3616.0, 3216.0, 8.28, 3.9, 3.87, 0.01, -0.03, -0.03
3313.0, 3050.0, 3181.0, 3617.0, 3216.0, 8.21, 3.9, 3.96, 0.01, -0.05, -0.06
3313.0, 3049.0, 3183.0, 3619.0, 3215.0, 8.22, 4.03, 3.95, 0.02, 0.02, -0.04
3306.0, 3041.0, 3169.0, 3606.0, 3204.0, 8.34, 3.94, 4.03, 0.02, 0.01, -0.01
