3253.0, 3317.0, 3434.0, 3329.0, 2864.0, -0.57, 5.38, 10.41, 1.62, -2.57, 0.82
3265.0, 3319.0, 3419.0, 3331.0, 2864.0, 1.27, 5.32, 9.47, 1.29, -3.09, 0.99
3275.0, 3322.0, 3408.0, 3327.0, 2864.0, 2.03, 5.58, 8.89, 1.28, -3.46, 0.95
3291.0, 3309.0, 3389.0, 3365.0, 2871.0, 4.71, 3.95, 6.71, 0.98, -3.57, 0.42
3292.0, 3296.0, 3370.0, 3474.0, 2899.0, 4.62, 3.76, 4.13, 1.3, -4.36, -0.49
3315.0, 3266.0, 3346.0, 3564.0, 2930.0, 4.03, 4.48, 2.84, 0.86, -3.86, -0.91
3399.0, 3222.0, 3327.0, 3635.0, 2991.0, 3.25, 5.74, -1.19, 0.43, -3.16, -1.26
3467.0, 3170.0, 3302.0, 3664.0, 3037.0, 3.09, 6.62, -1.89, -0.17, -2.18, -1.27
3526.0, 3139.0, 3305.0, 3663.0, 3080.0, 1.92, 8.35, -2.72, -0.36, -1.71, -1.15
3573.0, 3120.0, 3242.0, 3683.0, 3091.0, 1.8, 9.17, -4.74, -0.44, -1.09, -0.95
3600.0, 3111.0, 3214.0, 3682.0, 3109.0, 0.68, 10.43, -2.91, 0.03, -0.69, -1.02
3616.0, 3111.0, 3200.0, 3676.0, 3123.0, 1.1, 9.83, -3.08, -0.22, -0.11, -0.44
3623.0, 3109.0, 3410.0, 3676.0, 3124.0, 1.33, 9.99, -2.82, -0.13, 0.04, -0.09
3615.0, 3109.0, 3195.0, 3664.0, 3125.0, 1.85, 9.55, -2.61, 0.1, 0.13, -0.02
3604.0, 3107.0, 3189.0, 3661.0, 3121.0, 2.58, 9.06, -1.88, 0.1, 0.09, 0.09
3600.0, 3107.0, 3185.0, 3655.0, 3120.0, 3.29, 9.1, -1.17, -0.07, -0.05, 0.17
3583.0, 3103.0, 3186.0, 3653.0, 3115.0, 3.25, 8.94, -1.54, -0.09, -0.24, 0.11
3582.0, 3101.0, 3184.0, 3645.0, 3115.0, 2.73, 9.38, -1.73, -0.08, 0.06, -0.11
3575.0, 3097.0, 3184.0, 3639.0, 3109.0, 3.17, 9.56, -1.46, 0.02, -0.14, 0.06
3579.0, 3101.0, 3184.0, 3645.0, 3105.0, 3.07, 9.34, -1.66, -0.03, -0.18, 0.11
3563.0, 3088.0, 3183.0, 3632.0, 3093.0, 2.62, 9.17, -2.15, -0.03, 0.03, -0.02
3581.0, 3098.0, 3184.0, 3643.0, 3102.0, 3.33, 9.02, -1.71, -0.07, 0.05, 0.01
3575.0, 3097.0, 3184.0, 3648.0, 3104.0, 3.12, 9.26, -1.11, -0.03, -0.05, 0.04
3583.0, 3093.0, 3184.0, 3648.0, 3102.0, 2.8, 9.17, -1.66, 0.06, -0.11, -0.03
3583.0, 3094.0, 3186.0, 3648.0, 3102.0, 2.96, 9.11, -2.07, -0.06, 0.01, -0.01
3583.0, 3093.0, 3184.0, 3648.0, 3101.0, 3.45, 9.45, -1.08, -0.07, -0.05, 0.12
3580.0, 3091.0, 3185.0, 3642.0, 3095.0, 3.32, 9.2, -1.4, 0.03, -0.07, -0.06
3521.0, 3091.0, 3186.0, 3643.0, 3094.0, 2.87, 9.06, -2.01, 0.04, -0.1, -0.07
3571.0, 3093.0, 3184.0, 3647.0, 3090.0, 2.71, 9.52, -1.47, -0.14, 0.03, -0.03
3571.0, 3092.0, 3184.0, 3642.0, 3092.0, 3.31, 9.56, -0.93, -0.16, -0.03, 0.16
3569.0, 3094.0, 3185.0, 3647.0, 3086.0, 3.79, 9.17, -1.21, 0.07, -0.05, -0.05
3603.0, 3090.0, 3187.0, 3646.0, 3088.0, 2.85, 9.39, -1.35, 0.11, -0.26, -0.1
3568.0, 3091.0, 3186.0, 3645.0, 3086.0, 2.35, 9.24, -2.23, -0.02, -0.03, -0.07
3565.0, 3091.0, 3187.0, 3645.0, 3086.0, 3.09, 9.64, -1.26, -0.06, 0.11, 0.01
3559.0, 3091.0, 3185.0, 3647.0, 3083.0, 3.71, 9.29, -0.83, -0.07, 0.02, 0.12
3559.0, 3093.0, 3187.0, 3638.0, 3082.0, 3.81, 9.01, -0.93, 0.08, -0.2, -0.03
3561.0, 3091.0, 3184.0, 3642.0, 3071.0, 2.46, 9.27, -1.99, 0.06, -0.24, -0.05
3556.0, 3094.0, 3187.0, 3644.0, 3071.0, 2.31, 9.25, -2.06, -0.09, -0.04, 0.01
3562.0, 3092.0, 3188.0, 3639.0, 3071.0, 3.35, 9.72, -1.01, -0.11, 0.17, 0.06
3553.0, 3093.0, 3184.0, 3642.0, 3071.0, 3.88, 9.29, -0.87, 0.02, -0.06, 0.09
3555.0, 3093.0, 3186.0, 3642.0, 3071.0, 3.62, 9.08, -1.17, 0.06, -0.22, 0.01
3554.0, 3090.0, 3189.0, 3645.0, 3068.0, 2.47, 8.95, -1.61, 0.05, -0.31, 0.08
3552.0, 3093.0, 3185.0, 3637.0, 3069.0, 3.3, 9.4, -1.71, 0.07, -0.24, 0.15
3553.0, 3093.0, 3187.0, 3637.0, 3056.0, 3.57, 9.52, -1.21, 0.01, -0.08, 0.0
3549.0, 3092.0, 3184.0, 3639.0, 3056.0, 3.61, 9.11, -1.55, 0.04, -0.17, -0.01
3545.0, 3094.0, 3187.0, 3633.0, 3057.0, 3.14, 9.1, -1.67, 0.03, -0.13, -0.09
3549.0, 3092.0, 3185.0, 3637.0, 3061.0, 2.79, 9.32, -2.07, 0.01, -0.03, -0.13
3546.0, 3088.0, 3185.0, 3632.0, 3067.0, 2.77, 9.28, -1.59, -0.04, 0.08, -0.05
3542.0, 3090.0, 3184.0, 3639.0, 3063.0, 3.31, 9.39, -1.39, -0.03, 0.05, 0.01
3542.0, 3090.0, 3185.0, 3638.0, 3065.0, 3.53, 9.31, -1.25, 0.03, 0.0, -0.02
