3198.0, 3196.0, 3315.0, 3206.0, 2830.0, 1.74, 9.64, -0.13, 0.01, -0.03, -0.01
3197.0, 3194.0, 3317.0, 3210.0, 2845.0, 1.63, 9.85, -0.05, 0.03, -0.02, -0.01
3200.0, 3200.0, 3318.0, 3209.0, 2832.0, 0.9, 10.65, 0.19, 0.25, -0.07, 0.17
3206.0, 3238.0, 3335.0, 3226.0, 2834.0, 0.61, 11.26, -0.62, 0.48, -0.21, 0.83
3225.0, 3269.0, 3355.0, 3245.0, 2846.0, 0.8, 10.81, -0.34, 0.88, -0.45, 1.4
3248.0, 3335.0, 3395.0, 3285.0, 2861.0, 2.05, 9.46, -2.23, 1.29, -0.4, 1.71
3249.0, 3359.0, 3403.0, 3273.0, 2849.0, 4.64, 7.64, -1.78, 0.69, -0.06, 1.83
3239.0, 3434.0, 3415.0, 3253.0, 2833.0, 6.1, 7.24, -1.54, 0.31, -0.52, 1.9
3219.0, 3453.0, 3514.0, 3344.0, 2878.0, 6.57, 7.37, -6.41, 0.34, 1.1, 2.37
3190.0, 3475.0, 3567.0, 3421.0, 2943.0, 7.25, 4.74, -3.2, -0.38, 2.02, 1.76
3183.0, 3491.0, 3582.0, 3491.0, 2960.0, 5.85, 6.18, -1.28, 0.79, 3.69, 0.79
3163.0, 3498.0, 3568.0, 3535.0, 2960.0, 8.53, 5.19, -0.47, 0.92, 4.3, 1.55
3139.0, 3520.0, 3578.0, 3529.0, 2944.0, 5.72, 5.09, 4.3, 0.13, 3.24, 1.09
3130.0, 3547.0, 3665.0, 3536.0, 2938.0, 6.85, 5.16, 4.75, 0.99, 2.53, 1.04
3131.0, 3563.0, 3762.0, 3539.0, 2934.0, 7.61, 3.96, 6.2, 1.09, 1.35, 0.84
3141.0, 3546.0, 3610.0, 3522.0, 2930.0, 6.96, 3.4, 7.09, 0.98, 0.84, 0.86
3146.0, 3532.0, 3727.0, 3501.0, 2923.0, 7.51, 4.14, 6.85, 1.21, 0.49, 0.77
3147.0, 3489.0, 3793.0, 3482.0, 2910.0, 7.25, 4.25, 5.77, 1.25, 0.11, 0.58
3146.0, 3486.0, 3795.0, 3458.0, 2899.0, 7.37, 4.02, 5.54, 1.17, 0.2, 0.56
3141.0, 3478.0, 3806.0, 3444.0, 2896.0, 7.93, 4.05, 4.64, 1.04, 0.1, 0.5
3152.0, 3478.0, 3822.0, 3443.0, 2901.0, 7.63, 4.48, 4.36, 1.07, 0.08, 0.39
3155.0, 3482.0, 3602.0, 3453.0, 2903.0, 7.94, 3.94, 3.96, 0.75, 0.11, 0.32
3169.0, 3499.0, 3840.0, 3471.0, 2919.0, 8.15, 4.0, 3.8, 0.59, 0.04, 0.24
3183.0, 3523.0, 3821.0, 3472.0, 2935.0, 8.2, 4.33, 3.34, 0.21, -0.08, 0.26
3187.0, 3514.0, 3819.0, 3487.0, 2941.0, 8.14, 4.41, 3.71, -0.17, -0.03, 0.17
3191.0, 3526.0, 3655.0, 3489.0, 2946.0, 8.58, 3.34, 3.71, 0.16, -0.01, 0.14
3182.0, 3532.0, 3636.0, 3477.0, 2956.0, 8.09, 4.22, 3.6, -0.13, -0.05, 0.15
3191.0, 3514.0, 3632.0, 3479.0, 2941.0, 8.1, 4.12, 4.1, 0.12, 0.11, 0.01
3191.0, 3509.0, 3627.0, 3473.0, 2941.0, 8.16, 4.25, 4.08, -0.01, 0.04, -0.02
3145.0, 3504.0, 3612.0, 3468.0, 2938.0, 8.19, 4.35, 4.0, 0.06, -0.02, 0.02
3189.0, 3501.0, 3604.0, 3470.0, 2938.0, 8.19, 4.29, 3.72, 0.05, 0.04, 0.05
3194.0, 3498.0, 3602.0, 3467.0, 2939.0, 8.34, 4.23, 3.85, 0.04, 0.02, 0.09
3191.0, 3493.0, 3583.0, 3459.0, 2939.0, 8.06, 4.28, 3.99, 0.1, 0.07, 0.08
3195.0, 3493.0, 3583.0, 3458.0, 2933.0, 8.31, 3.78, 3.97, 0.17, 0.05, 0.06
3194.0, 3488.0, 3574.0, 3459.0, 2933.0, 8.46, 3.36, 4.11, 0.44, 0.03, -0.02
3198.0, 3487.0, 3550.0, 3459.0, 2934.0, 8.02, 4.18, 3.69, 1.18, 0.32, -0.16
3197.0, 3485.0, 3554.0, 3456.0, 2933.0, 7.98, 5.01, 3.53, 0.73, 0.02, -0.09
3198.0, 3483.0, 3550.0, 3455.0, 2931.0, 8.11, 5.12, 3.27, 0.05, -0.13, 0.05
3201.0, 3474.0, 3543.0, 3454.0, 2931.0, 8.07, 4.68, 3.44, -0.05, -0.02, 0.06
3201.0, 3479.0, 3541.0, 3453.0, 2928.0, 8.18, 4.43, 3.5, 0.03, -0.06, 0.03
3203.0, 3478.0, 3541.0, 3453.0, 2928.0, 8.12, 4.49, 3.58, -0.19, -0.1, 0.05
3199.0, 3475.0, 3539.0, 3449.0, 2928.0, 8.28, 4.41, 3.34, 0.09, -0.04, -0.0
3206.0, 3477.0, 3539.0, 3451.0, 2929.0, 8.21, 4.29, 3.42, -0.03, -0.05, -0.05
3207.0, 3486.0, 3542.0, 3449.0, 2929.0, 8.13, 4.8, 3.28, 0.15, -0.02, -0.04
3207.0, 3472.0, 3541.0, 3451.0, 2929.0, 8.06, 4.93, 3.29, 0.03, 0.0, 0.01
3213.0, 3475.0, 3541.0, 3451.0, 2928.0, 8.11, 4.66, 3.57, 0.03, -0.03, 0.02
3206.0, 3474.0, 3539.0, 3455.0, 2929.0, 8.01, 4.68, 3.61, -0.03, -0.0, 0.03
