2832.0, 2698.0, 3583.0, 3502.0, 3010.0, 9.01, 4.32, 0.48, 0.01, -0.03, -0.01
2832.0, 2704.0, 3583.0, 3536.0, 3004.0, 9.1, 4.27, 0.53, 0.01, -0.01, 0.0
2832.0, 2703.0, 3579.0, 3504.0, 3003.0, 9.06, 4.38, 0.48, 0.01, -0.06, 0.03
2832.0, 2686.0, 3574.0, 3508.0, 2997.0, 9.11, 4.21, 0.41, 0.01, -0.03, 0.01
2832.0, 2701.0, 3582.0, 3501.0, 3004.0, 9.06, 4.32, 0.44, -0.01, -0.04, -0.0
2832.0, 2703.0, 3583.0, 3501.0, 3002.0, 9.05, 4.27, 0.4, 0.03, -0.02, -0.01
2830.0, 2714.0, 3582.0, 3503.0, 3003.0, 9.11, 4.22, 0.64, 0.03, -0.03, -0.01
2831.0, 2704.0, 3583.0, 3504.0, 3002.0, 9.1, 4.29, 0.42, 0.03, -0.04, -0.01
2832.0, 2699.0, 3578.0, 3504.0, 3015.0, 9.02, 4.31, 0.55, 0.01, -0.04, -0.01
2831.0, 2695.0, 3577.0, 3504.0, 3002.0, 9.01, 4.3, 0.47, 0.01, -0.04, -0.01
2821.0, 2704.0, 3583.0, 3504.0, 3003.0, 9.03, 4.34, 0.47, 0.03, -0.02, -0.01
2832.0, 2703.0, 3578.0, 3504.0, 2998.0, 9.08, 4.26, 0.52, 0.0, -0.02, -0.0
2829.0, 2701.0, 3582.0, 3504.0, 3003.0, 9.06, 4.27, 0.5, 0.01, -0.06, 0.0
2831.0, 2702.0, 3580.0, 3503.0, 2999.0, 9.06, 4.25, 0.56, 0.0, -0.01, -0.03
2831.0, 2701.0, 3583.0, 3501.0, 2999.0, 9.11, 4.34, 0.45, -0.04, -0.04, 0.0
2832.0, 2704.0, 3583.0, 3503.0, 3002.0, 9.07, 4.25, 0.54, -0.02, -0.03, 0.01
2813.0, 2708.0, 3578.0, 3491.0, 2971.0, 9.07, 4.27, 0.58, -0.01, -0.06, 0.01
2832.0, 2701.0, 3578.0, 3501.0, 3001.0, 9.08, 4.23, 0.44, -0.01, -0.02, -0.01
2832.0, 2704.0, 3579.0, 3503.0, 3007.0, 9.1, 4.12, 0.55, -0.01, -0.04, -0.0
2832.0, 2704.0, 3579.0, 3504.0, 2992.0, 9.07, 4.26, 0.49, -0.02, -0.02, -0.01
2827.0, 2704.0, 3580.0, 3503.0, 2999.0, 9.09, 4.2, 0.66, 0.01, -0.03, -0.0
2832.0, 2704.0, 3578.0, 3504.0, 3002.0, 9.1, 4.19, 0.54, -0.0, -0.05, 0.0
2831.0, 2704.0, 3581.0, 3504.0, 3001.0, 9.06, 4.27, 0.56, 0.0, -0.04, -0.02
2832.0, 2704.0, 3579.0, 3504.0, 3003.0, 9.07, 4.27, 0.39, -0.0, -0.03, -0.01
2832.0, 2704.0, 3579.0, 3502.0, 3002.0, 9.12, 4.26, 0.53, 0.0, -0.03, -0.0
2831.0, 2704.0, 3579.0, 3504.0, 3003.0, 9.06, 4.24, 0.52, 0.01, -0.03, -0.01
2830.0, 2703.0, 3581.0, 3504.0, 3002.0, 9.12, 4.19, 0.62, -0.0, -0.02, -0.01
2831.0, 2703.0, 3579.0, 3503.0, 3018.0, 9.12, 4.15, 0.49, 0.0, -0.03, -0.01
2831.0, 2704.0, 3580.0, 3504.0, 2999.0, 9.11, 4.29, 0.53, 0.02, -0.04, -0.02
2832.0, 2704.0, 3578.0, 3502.0, 2999.0, 9.16, 4.19, 0.51, 0.01, -0.02, -0.01
2831.0, 2704.0, 3568.0, 3504.0, 2998.0, 9.18, 4.3, 0.55, 0.04, -0.03, -0.0
2832.0, 2703.0, 3579.0, 3503.0, 3003.0, 9.13, 4.15, 0.59, 0.0, -0.04, -0.02
2832.0, 2704.0, 3577.0, 3504.0, 3002.0, 9.12, 4.27, 0.58, -0.0, -0.04, -0.03
2832.0, 2707.0, 3581.0, 3504.0, 3019.0, 9.07, 4.3, 0.4, 0.02, -0.02, -0.02
2831.0, 2703.0, 3582.0, 3511.0, 3001.0, 9.05, 4.22, 0.61, 0.02, -0.04, -0.01
2831.0, 2704.0, 3582.0, 3504.0, 3003.0, 9.1, 4.15, 0.58, 0.04, -0.03, -0.01
2820.0, 2704.0, 3583.0, 3494.0, 2995.0, 9.09, 4.28, 0.57, 0.0, -0.03, -0.03
2828.0, 2704.0, 3582.0, 3501.0, 3001.0, 9.09, 4.28, 0.63, 0.01, -0.05, -0.01
2832.0, 2703.0, 3580.0, 3502.0, 3003.0, 9.12, 4.25, 0.52, 0.01, -0.05, -0.01
2832.0, 2704.0, 3575.0, 3504.0, 2999.0, 9.06, 4.24, 0.54, 0.04, -0.06, -0.01
2831.0, 2704.0, 3581.0, 3502.0, 3002.0, 9.11, 4.19, 0.6, 0.01, -0.03, -0.0
2832.0, 2704.0, 3581.0, 3503.0, 3003.0, 9.14, 4.22, 0.51, 0.01, -0.04, -0.01
2830.0, 2703.0, 3583.0, 3500.0, 3002.0, 9.05, 4.26, 0.56, 0.02, -0.03, -0.02
2832.0, 2704.0, 3579.0, 3502.0, 3003.0, 9.03, 4.38, 0.58, 0.01, -0.03, -0.01
2831.0, 2704.0, 3577.0, 3503.0, 3001.0, 9.06, 4.31, 0.65, 0.02, -0.03, -0.02
2833.0, 2704.0, 3581.0, 3504.0, 2998.0, 9.06, 4.26, 0.6, 0.01, -0.01, -0.01
2831.0, 2704.0, 3578.0, 3499.0, 2998.0, 9.05, 4.2, 0.64, 0.01, -0.02, -0.01
2832.0, 2704.0, 3580.0, 3504.0, 2997.0, 9.05, 4.35, 0.68, 0.02, -0.07, -0.0
2832.0, 2709.0, 3578.0, 3498.0, 3000.0, 9.02, 4.41, 0.5, -0.0, -0.04, 0.0
2831.0, 2704.0, 3581.0, 3501.0, 2998.0, 9.04, 4.21, 0.54, 0.0, -0.05, 0.01
2832.0, 2704.0, 3577.0, 3503.0, 3001.0, 9.04, 4.22, 0.71, 0.01, -0.05, 0.0
