2684.0, 2670.0, 3265.0, 3039.0, 2798.0, 3.97, 2.23, 8.61, 0.0, -0.05, -0.02
2683.0, 2672.0, 3264.0, 3036.0, 2796.0, 3.91, 2.33, 8.68, 0.02, -0.04, -0.02
2683.0, 2665.0, 3264.0, 3039.0, 2799.0, 3.92, 2.3, 8.68, 0.0, -0.03, -0.01
2673.0, 2667.0, 3266.0, 3037.0, 2799.0, 4.0, 2.22, 8.7, 0.01, -0.04, -0.02
2681.0, 2671.0, 3266.0, 3035.0, 2795.0, 3.97, 2.28, 8.62, 0.0, -0.04, -0.01
2683.0, 2670.0, 3265.0, 3035.0, 2797.0, 3.97, 2.3, 8.61, 0.02, -0.03, -0.03
2683.0, 2669.0, 3266.0, 3040.0, 2795.0, 4.09, 2.13, 8.58, -0.0, -0.04, -0.01
2686.0, 2670.0, 3265.0, 3037.0, 2798.0, 3.97, 2.4, 8.64, 0.0, -0.04, -0.0
2685.0, 2672.0, 3266.0, 3030.0, 2800.0, 4.03, 2.26, 8.71, 0.01, -0.05, -0.01
2688.0, 2676.0, 3268.0, 3041.0, 2799.0, 3.92, 2.51, 9.39, 0.11, -0.33, 0.03
2688.0, 2685.0, 3278.0, 3056.0, 2802.0, 4.72, 4.29, 12.42, 0.57, -1.11, 0.15
2725.0, 2715.0, 3285.0, 3105.0, 2870.0, 6.34, 2.11, 12.62, 0.52, -2.78, -0.19
2771.0, 2743.0, 3303.0, 3135.0, 2942.0, 6.66, 1.1, 10.07, -0.17, -3.13, 0.14
2832.0, 2791.0, 3323.0, 3156.0, 3013.0, 6.55, 2.41, 6.69, -1.66, -4.37, 0.01
2865.0, 2823.0, 3347.0, 3182.0, 3071.0, 7.78, 1.85, 2.9, -2.51, -4.22, 0.15
2913.0, 2858.0, 3385.0, 3227.0, 3101.0, 7.93, 2.64, -0.11, -1.97, -3.16, 0.05
2935.0, 2876.0, 3433.0, 3242.0, 3136.0, 7.24, 2.89, -2.17, -1.76, -2.14, 0.28
2954.0, 2896.0, 3513.0, 3288.0, 3166.0, 7.98, 2.17, -2.84, -1.23, -1.42, -0.02
2962.0, 2914.0, 3623.0, 3343.0, 3186.0, 7.98, 1.81, -2.25, -1.0, -0.86, -0.07
2982.0, 2935.0, 3653.0, 3366.0, 3219.0, 9.22, 1.02, -3.07, -1.09, -0.41, -0.19
2992.0, 2945.0, 3676.0, 3379.0, 3233.0, 9.05, 2.76, -3.65, -0.68, -0.67, -0.18
2994.0, 2953.0, 3706.0, 3393.0, 3229.0, 8.26, 3.63, -3.05, -0.21, 0.16, -0.15
2997.0, 2959.0, 3732.0, 3408.0, 3236.0, 9.47, 3.39, -3.44, 0.06, 0.33, -0.12
3017.0, 2960.0, 3734.0, 3410.0, 3232.0, 8.82, 3.88, -3.64, 0.45, 0.2, 0.16
2993.0, 2959.0, 3733.0, 3407.0, 3230.0, 8.69, 3.78, -2.61, 0.69, 0.8, 0.4
2996.0, 2960.0, 3731.0, 3407.0, 3231.0, 9.03, 3.39, -2.43, 1.15, 0.99, 0.52
2992.0, 2959.0, 3773.0, 3398.0, 3230.0, 9.73, 0.95, -0.33, 1.24, 0.94, 0.58
2995.0, 2960.0, 3728.0, 3408.0, 3233.0, 9.94, 0.02, 1.04, 1.06, 1.18, 1.01
2992.0, 2959.0, 3726.0, 3407.0, 3243.0, 10.86, -1.25, 2.14, 0.97, 0.73, 0.82
2992.0, 2957.0, 3725.0, 3403.0, 3226.0, 10.63, -1.15, 1.46, 0.83, 0.39, 0.27
3003.0, 2944.0, 3715.0, 3397.0, 3235.0, 10.62, -1.73, 1.65, 0.51, 0.04, 0.14
2992.0, 2955.0, 3718.0, 3394.0, 3233.0, 10.29, -1.42, 1.07, 0.18, 0.03, -0.01
2991.0, 2954.0, 3715.0, 3395.0, 3230.0, 9.99, -0.36, 1.02, 0.09, -0.2, 0.07
2992.0, 2951.0, 3719.0, 3392.0, 3230.0, 9.72, -0.06, 0.95, 0.13, 0.0, -0.12
2989.0, 2949.0, 3711.0, 3393.0, 3230.0, 10.14, 0.21, 0.39, 0.06, 0.01, -0.04
2990.0, 2957.0, 3710.0, 3390.0, 3229.0, 10.15, 0.08, -0.18, 0.12, -0.15, -0.07
2987.0, 2947.0, 3712.0, 3387.0, 3225.0, 10.16, -0.45, 0.68, 0.14, -0.1, 0.01
2988.0, 2945.0, 3706.0, 3392.0, 3231.0, 10.15, -0.12, 0.28, 0.09, -0.01, -0.05
2983.0, 2944.0, 3702.0, 3385.0, 3225.0, 10.27, -0.29, 0.5, 0.06, -0.09, 0.01
2983.0, 2947.0, 3705.0, 3387.0, 3224.0, 9.56, 0.33, 0.62, 0.06, -0.03, 0.03
2975.0, 2943.0, 3728.0, 3376.0, 3223.0, 10.44, -0.52, 0.08, 0.12, 0.07, -0.14
2983.0, 2944.0, 3699.0, 3382.0, 3218.0, 10.16, -0.22, 0.56, -0.0, -0.21, 0.07
2981.0, 2942.0, 3699.0, 3381.0, 3216.0, 9.99, -0.11, 0.56, 0.01, 0.02, -0.01
2981.0, 2944.0, 3697.0, 3382.0, 3218.0, 10.35, -0.24, 0.18, 0.06, -0.04, -0.12
2974.0, 2946.0, 3695.0, 3378.0, 3218.0, 9.98, -0.02, 0.59, -0.02, -0.14, 0.04
2981.0, 2941.0, 3696.0, 3379.0, 3216.0, 10.07, -0.25, 0.4, 0.03, 0.02, 0.0
2978.0, 2942.0, 3698.0, 3376.0, 3216.0, 10.03, -0.09, 0.26, 0.02, -0.07, -0.02
2975.0, 2947.0, 3696.0, 3370.0, 3213.0, 9.78, -0.06, 0.62, -0.01, -0.11, -0.01
2977.0, 2940.0, 3701.0, 3376.0, 3216.0, 9.99, 0.08, 0.18, -0.0, 0.08, -0.01
