2864.0, 2794.0, 3760.0, 3423.0, 3226.0, 1.97, 1.5, 8.46, -1.21, 3.4, -0.02
2865.0, 2794.0, 3763.0, 3430.0, 3237.0, 2.31, -0.41, 8.5, -0.35, 3.4, -0.25
2864.0, 2790.0, 3757.0, 3423.0, 3243.0, 1.82, -0.5, 8.97, -0.82, 2.0, -0.03
2865.0, 2789.0, 3819.0, 3502.0, 3250.0, 0.02, -0.01, 9.35, -0.74, 2.1, -0.08
2868.0, 2795.0, 3886.0, 3497.0, 3282.0, 0.14, -1.41, 8.76, -0.56, 1.65, 0.15
2875.0, 2797.0, 3741.0, 3425.0, 3281.0, -1.36, -1.11, 9.76, -0.85, 1.02, 0.35
2874.0, 2794.0, 3760.0, 3437.0, 3280.0, -2.75, -1.75, 10.51, -0.12, 1.05, 0.42
2880.0, 2795.0, 3732.0, 3424.0, 3297.0, -2.48, -3.42, 9.42, -0.56, 0.05, 0.2
2881.0, 2796.0, 3733.0, 3424.0, 3303.0, -2.9, -1.3, 9.44, 0.04, -0.1, 0.33
2886.0, 2794.0, 3734.0, 3420.0, 3302.0, -2.18, -3.03, 9.15, 0.22, 0.41, 0.13
2881.0, 2788.0, 3739.0, 3425.0, 3301.0, -2.72, -1.9, 9.38, -0.37, -0.2, 0.01
2880.0, 2793.0, 3735.0, 3421.0, 3293.0, -2.99, -1.07, 9.52, 0.3, -0.04, -0.04
2879.0, 2782.0, 3737.0, 3415.0, 3291.0, -1.92, -2.47, 8.52, 0.03, -0.04, -0.04
2879.0, 2783.0, 3728.0, 3411.0, 3284.0, -2.49, -1.1, 9.01, -0.13, -0.12, 0.05
2874.0, 2783.0, 3726.0, 3410.0, 3282.0, -2.32, -1.85, 9.42, 0.27, 0.2, 0.03
2874.0, 2781.0, 3727.0, 3410.0, 3280.0, -1.96, -2.08, 9.21, 0.07, 0.13, -0.0
2871.0, 2775.0, 3727.0, 3407.0, 3277.0, -2.6, -1.32, 9.17, -0.37, -0.07, 0.03
2863.0, 2767.0, 3705.0, 3376.0, 3285.0, -2.85, -1.34, 8.8, 0.12, 0.3, 0.07
2869.0, 2775.0, 3723.0, 3405.0, 3274.0, -2.37, -2.63, 8.96, -0.07, -0.18, 0.06
2875.0, 2777.0, 3719.0, 3401.0, 3274.0, -3.03, -1.3, 8.72, -0.13, -0.13, -0.0
2870.0, 2774.0, 3721.0, 3403.0, 3275.0, -2.59, -1.99, 9.0, 0.15, 0.3, -0.07
2869.0, 2775.0, 3713.0, 3401.0, 3255.0, -2.42, -1.96, 8.87, -0.12, -0.27, -0.05
2869.0, 2773.0, 3730.0, 3408.0, 3270.0, -2.93, -1.52, 8.97, -0.04, 0.1, -0.08
2869.0, 2777.0, 3717.0, 3398.0, 3267.0, -2.71, -2.04, 9.23, 0.14, 0.14, -0.06
2866.0, 2770.0, 3716.0, 3397.0, 3266.0, -2.79, -1.76, 9.15, -0.1, -0.24, -0.05
2867.0, 2773.0, 3721.0, 3396.0, 3265.0, -2.56, -1.9, 9.11, 0.06, 0.06, -0.07
2866.0, 2773.0, 3711.0, 3397.0, 3265.0, -2.31, -2.14, 8.77, -0.06, -0.06, -0.04
2869.0, 2769.0, 3711.0, 3395.0, 3262.0, -2.76, -1.54, 9.15, 0.01, 0.04, 0.01
2865.0, 2773.0, 3699.0, 3389.0, 3263.0, -2.55, -2.06, 8.93, 0.1, 0.08, 0.06
2868.0, 2772.0, 3699.0, 3389.0, 3259.0, -2.91, -1.84, 9.1, -0.16, -0.21, 0.01
2864.0, 2773.0, 3696.0, 3387.0, 3260.0, -2.73, -1.96, 9.0, 0.0, 0.01, -0.04
2864.0, 2769.0, 3698.0, 3390.0, 3258.0, -2.43, -2.07, 8.78, -0.04, -0.22, -0.01
2867.0, 2768.0, 3695.0, 3383.0, 3257.0, -2.68, -1.66, 8.8, -0.03, 0.02, -0.0
2865.0, 2771.0, 3695.0, 3381.0, 3255.0, -2.62, -2.3, 9.01, 0.05, 0.08, 0.0
2863.0, 2770.0, 3694.0, 3383.0, 3254.0, -2.9, -1.91, 9.09, -0.22, -0.11, -0.04
2863.0, 2770.0, 3691.0, 3383.0, 3253.0, -2.77, -1.86, 8.93, 0.11, 0.12, -0.05
2864.0, 2768.0, 3689.0, 3383.0, 3251.0, -2.7, -2.55, 8.99, 0.02, -0.13, -0.01
2865.0, 2769.0, 3687.0, 3381.0, 3250.0, -2.84, -1.7, 8.8, -0.11, -0.1, -0.05
2865.0, 2768.0, 3684.0, 3376.0, 3246.0, -2.58, -2.35, 8.91, 0.19, 0.03, -0.01
2864.0, 2769.0, 3691.0, 3382.0, 3253.0, -2.73, -1.86, 8.93, -0.16, -0.16, -0.06
2863.0, 2770.0, 3691.0, 3383.0, 3250.0, -2.71, -1.84, 9.02, 0.13, 0.09, -0.03
2864.0, 2769.0, 3695.0, 3381.0, 3248.0, -2.69, -2.21, 8.96, 0.02, -0.13, -0.01
2861.0, 2771.0, 3693.0, 3381.0, 3249.0, -2.6, -2.08, 8.76, 0.02, -0.1, -0.01
2864.0, 2771.0, 3695.0, 3379.0, 3248.0, -2.6, -2.21, 9.09, 0.11, 0.01, -0.01
2859.0, 2768.0, 3691.0, 3378.0, 3247.0, -2.56, -1.81, 9.09, -0.14, -0.09, -0.03
2861.0, 2773.0, 3711.0, 3379.0, 3253.0, -2.64, -2.07, 9.22, 0.04, 0.08, -0.03
2859.0, 2768.0, 3694.0, 3378.0, 3246.0, -2.55, -2.23, 8.91, -0.03, -0.07, 0.02
2861.0, 2769.0, 3688.0, 3378.0, 3245.0, -2.77, -1.71, 8.97, -0.05, -0.04, 0.02
2860.0, 2762.0, 3693.0, 3376.0, 3246.0, -2.54, -2.47, 9.02, -0.03, -0.11, 0.01
2832.0, 2778.0, 3687.0, 3374.0, 3245.0, -2.7, -1.84, 8.92, -0.06, -0.17, 0.01
