3385.0, 3836.0, 3955.0, 3536.0, 3631.0, 9.64, 0.81, -2.42, 0.02, -0.01, -0.03
3383.0, 3833.0, 3946.0, 3533.0, 3629.0, 9.75, 0.9, -2.25, -0.02, 0.02, -0.0
3385.0, 3829.0, 3942.0, 3531.0, 3631.0, 9.81, 0.88, -2.38, 0.02, -0.01, -0.04
3381.0, 3840.0, 3939.0, 3530.0, 3628.0, 9.79, 0.76, -2.3, 0.03, -0.07, -0.02
3376.0, 3831.0, 3941.0, 3527.0, 3629.0, 9.78, 0.77, -2.51, 0.05, -0.06, 0.01
3385.0, 3858.0, 3948.0, 3530.0, 3626.0, 9.8, 0.74, -2.6, -0.02, -0.08, 0.03
3360.0, 3836.0, 3935.0, 3531.0, 3629.0, 9.65, 0.75, -2.4, -0.03, 0.0, -0.02
3383.0, 3829.0, 3938.0, 3532.0, 3630.0, 9.93, 0.6, -2.44, -0.0, -0.05, -0.04
3375.0, 3831.0, 3946.0, 3524.0, 3626.0, 9.93, 0.76, -2.46, -0.01, -0.08, -0.02
3387.0, 3843.0, 3942.0, 3533.0, 3623.0, 9.76, 0.88, -2.45, -0.02, -0.08, -0.01
3386.0, 3827.0, 3945.0, 3530.0, 3625.0, 9.78, 0.86, -2.49, 0.05, -0.12, -0.0
3383.0, 3825.0, 3938.0, 3527.0, 3620.0, 9.61, 0.64, -2.46, -0.04, -0.06, 0.01
3382.0, 3827.0, 3945.0, 3530.0, 3621.0, 9.73, 0.89, -2.59, -0.06, -0.01, -0.01
3382.0, 3825.0, 3938.0, 3529.0, 3621.0, 9.92, 0.81, -2.45, -0.08, -0.06, 0.0
3383.0, 3826.0, 3941.0, 3529.0, 3620.0, 9.77, 0.79, -2.26, -0.1, -0.03, -0.01
3387.0, 3829.0, 3934.0, 3523.0, 3623.0, 9.89, 0.92, -2.5, -0.04, -0.08, -0.05
3385.0, 3834.0, 3948.0, 3526.0, 3623.0, 9.62, 0.77, -2.57, -0.03, -0.15, -0.01
3387.0, 3825.0, 3936.0, 3527.0, 3619.0, 9.83, 1.25, -2.15, -0.21, -0.08, 0.02
3387.0, 3874.0, 3938.0, 3529.0, 3619.0, 10.25, 0.26, -3.68, -0.13, -0.19, 0.03
3382.0, 3824.0, 3931.0, 3525.0, 3621.0, 9.8, 0.52, -2.96, 0.03, 0.04, -0.06
3391.0, 3825.0, 3934.0, 3526.0, 3603.0, 9.5, 0.92, -2.82, -0.13, -0.08, 0.03
3383.0, 3823.0, 3931.0, 3533.0, 3619.0, 9.64, 1.24, -2.83, -0.01, -0.01, -0.1
3392.0, 3824.0, 3931.0, 3522.0, 3618.0, 9.73, 1.02, -2.45, -0.06, 0.08, -0.02
3397.0, 3831.0, 3930.0, 3527.0, 3615.0, 9.7, 1.47, -2.33, -0.1, 0.11, -0.04
3417.0, 3824.0, 3933.0, 3536.0, 3617.0, 9.86, 1.28, -2.53, -0.01, 0.15, 0.04
3429.0, 3824.0, 3934.0, 3536.0, 3617.0, 9.82, 1.02, -1.96, -0.16, 0.06, 0.06
3441.0, 3819.0, 3931.0, 3536.0, 3615.0, 9.75, 1.07, -2.37, 0.03, 0.12, -0.04
3435.0, 3818.0, 3925.0, 3536.0, 3612.0, 10.06, 0.98, -2.37, 0.03, 0.04, -0.04
3440.0, 3824.0, 3932.0, 3529.0, 3616.0, 9.56, 1.08, -1.98, -0.03, -0.04, -0.04
3440.0, 3824.0, 3927.0, 3536.0, 3613.0, 9.59, 1.41, -2.21, -0.11, -0.01, -0.03
3438.0, 3824.0, 3933.0, 3526.0, 3616.0, 9.96, 0.88, -2.11, 0.05, -0.03, 0.02
3431.0, 3824.0, 3929.0, 3525.0, 3614.0, 9.83, 1.15, -1.98, 0.05, -0.08, -0.03
3432.0, 3828.0, 3931.0, 3527.0, 3612.0, 9.69, 1.25, -1.96, 0.04, -0.02, -0.05
3434.0, 3825.0, 3926.0, 3526.0, 3610.0, 9.8, 1.15, -2.41, 0.03, -0.03, 0.0
3424.0, 3834.0, 3927.0, 3531.0, 3609.0, 9.73, 1.13, -2.13, 0.06, 0.01, -0.02
3425.0, 3834.0, 3925.0, 3527.0, 3607.0, 9.95, 1.02, -2.26, -0.0, -0.03, -0.04
3421.0, 3887.0, 3927.0, 3522.0, 3609.0, 9.81, 1.13, -2.16, 0.07, -0.06, 0.01
3427.0, 3825.0, 3923.0, 3526.0, 3605.0, 9.94, 1.02, -2.28, 0.01, -0.06, -0.02
3423.0, 3822.0, 3925.0, 3515.0, 3610.0, 9.84, 1.17, -2.26, 0.05, -0.03, 0.0
3423.0, 3823.0, 3925.0, 3527.0, 3605.0, 9.76, 1.19, -2.11, 0.04, -0.04, -0.0
3423.0, 3826.0, 3923.0, 3524.0, 3609.0, 9.8, 1.15, -2.23, 0.03, -0.0, -0.01
3421.0, 3825.0, 3929.0, 3522.0, 3609.0, 9.76, 0.98, -2.12, 0.0, -0.03, 0.0
3422.0, 3817.0, 3921.0, 3522.0, 3610.0, 9.72, 1.02, -2.18, 0.02, 0.02, -0.08
3405.0, 3850.0, 3926.0, 3523.0, 3612.0, 9.8, 0.99, -2.31, -0.0, 0.02, -0.07
3421.0, 3821.0, 3926.0, 3528.0, 3607.0, 9.86, 1.29, -2.12, 0.01, -0.02, -0.06
3419.0, 3815.0, 3922.0, 3518.0, 3607.0, 9.84, 1.36, -1.98, 0.02, -0.01, -0.04
3418.0, 3819.0, 3920.0, 3520.0, 3601.0, 10.0, 1.31, -1.99, 0.03, -0.06, -0.07
3421.0, 3820.0, 3925.0, 3522.0, 3606.0, 9.72, 1.37, -1.89, 0.03, -0.07, 0.01
3418.0, 3823.0, 3915.0, 3520.0, 3600.0, 9.75, 1.22, -2.21, 0.06, -0.03, 0.0
3414.0, 3819.0, 3920.0, 3524.0, 3610.0, 9.78, 1.17, -2.19, 0.04, -0.02, 0.0
