3423.0, 3834.0, 3923.0, 3520.0, 3622.0, 9.75, 1.2, -2.25, 0.07, -0.05, 0.07
3425.0, 3824.0, 3913.0, 3540.0, 3606.0, 9.76, 1.25, -2.38, 0.03, -0.05, 0.05
3429.0, 3830.0, 3921.0, 3524.0, 3614.0, 9.7, 1.06, -2.28, 0.02, -0.07, 0.03
3429.0, 3823.0, 3923.0, 3522.0, 3568.0, 9.79, 1.05, -2.36, 0.01, -0.03, 0.02
3430.0, 3822.0, 3924.0, 3521.0, 3613.0, 9.78, 1.19, -2.37, 0.02, -0.04, -0.01
3425.0, 3823.0, 3920.0, 3535.0, 3614.0, 9.79, 1.06, -2.23, 0.02, -0.05, 0.0
3427.0, 3824.0, 3941.0, 3520.0, 3616.0, 9.8, 1.07, -2.38, -0.01, -0.04, -0.01
3438.0, 3824.0, 3926.0, 3519.0, 3610.0, 9.83, 1.13, -2.38, -0.02, -0.1, 0.02
3439.0, 3824.0, 3920.0, 3521.0, 3611.0, 9.86, 1.13, -2.4, 0.03, -0.08, 0.01
3440.0, 3824.0, 3919.0, 3482.0, 3614.0, 9.7, 0.96, -2.32, 0.01, -0.02, -0.02
3439.0, 3822.0, 3920.0, 3522.0, 3613.0, 9.75, 1.14, -2.46, 0.0, -0.0, -0.04
3440.0, 3820.0, 3920.0, 3519.0, 3613.0, 9.79, 1.14, -2.37, 0.06, -0.05, -0.03
3440.0, 3823.0, 3920.0, 3520.0, 3609.0, 9.8, 1.15, -2.34, 0.04, -0.03, -0.02
3436.0, 3829.0, 3904.0, 3509.0, 3597.0, 9.82, 1.19, -2.24, 0.03, -0.03, -0.02
3435.0, 3823.0, 3923.0, 3523.0, 3606.0, 9.8, 1.25, -2.35, 0.02, -0.04, -0.0
3437.0, 3823.0, 3924.0, 3518.0, 3607.0, 9.7, 1.21, -2.31, -0.01, -0.03, -0.0
3433.0, 3819.0, 3920.0, 3514.0, 3607.0, 9.79, 1.14, -2.26, 0.02, -0.04, 0.0
3422.0, 3810.0, 3927.0, 3522.0, 3599.0, 9.76, 1.13, -2.36, -0.01, -0.06, -0.02
3431.0, 3814.0, 3917.0, 3519.0, 3606.0, 9.87, 1.17, -2.45, -0.01, -0.05, -0.0
3431.0, 3817.0, 3919.0, 3518.0, 3606.0, 9.82, 1.22, -2.37, 0.01, -0.06, -0.0
3431.0, 3818.0, 3920.0, 3517.0, 3612.0, 9.77, 1.12, -2.27, -0.01, -0.02, -0.01
3430.0, 3823.0, 3920.0, 3518.0, 3607.0, 9.77, 1.13, -2.38, 0.0, -0.02, -0.0
3434.0, 3818.0, 3927.0, 3517.0, 3605.0, 9.79, 1.2, -2.3, 0.02, -0.03, -0.0
3423.0, 3810.0, 3917.0, 3518.0, 3611.0, 9.82, 1.08, -2.28, 0.0, -0.03, -0.01
3429.0, 3815.0, 3915.0, 3519.0, 3606.0, 9.75, 1.15, -2.29, 0.01, -0.02, -0.02
3432.0, 3819.0, 3921.0, 3519.0, 3607.0, 9.79, 1.16, -2.26, 0.02, -0.04, -0.02
3426.0, 3815.0, 3921.0, 3518.0, 3606.0, 9.68, 1.11, -2.33, 0.0, -0.03, -0.01
3427.0, 3821.0, 3916.0, 3514.0, 3600.0, 9.76, 1.1, -2.28, 0.01, -0.03, -0.03
3428.0, 3815.0, 3917.0, 3517.0, 3606.0, 9.81, 1.21, -2.42, 0.0, -0.01, -0.05
3429.0, 3819.0, 3920.0, 3515.0, 3607.0, 9.86, 1.23, -2.4, 0.01, -0.03, -0.03
3426.0, 3821.0, 3943.0, 3514.0, 3583.0, 9.77, 1.25, -2.16, 0.02, -0.03, -0.01
3427.0, 3814.0, 3918.0, 3517.0, 3604.0, 9.74, 1.2, -2.3, 0.03, -0.04, -0.0
3425.0, 3811.0, 3917.0, 3515.0, 3602.0, 9.75, 1.25, -2.32, 0.03, -0.03, -0.01
3428.0, 3818.0, 3918.0, 3513.0, 3605.0, 9.9, 1.12, -2.25, 0.02, -0.03, -0.03
3425.0, 3815.0, 3925.0, 3510.0, 3603.0, 9.81, 1.21, -2.31, 0.02, -0.04, 0.0
3425.0, 3819.0, 3911.0, 3511.0, 3601.0, 9.75, 1.29, -2.41, 0.01, -0.01, -0.03
3424.0, 3815.0, 3915.0, 3517.0, 3604.0, 9.79, 1.17, -2.22, 0.01, -0.03, 0.01
3424.0, 3815.0, 3919.0, 3516.0, 3601.0, 9.79, 1.15, -2.22, 0.02, -0.06, 0.0
3434.0, 3792.0, 3896.0, 3510.0, 3607.0, 9.72, 1.24, -2.34, 0.03, -0.03, -0.01
3427.0, 3815.0, 3918.0, 3514.0, 3603.0, 9.76, 1.13, -2.21, 0.01, -0.06, 0.01
3426.0, 3810.0, 3917.0, 3516.0, 3604.0, 9.66, 1.08, -2.19, 0.01, -0.03, -0.01
3424.0, 3811.0, 3913.0, 3515.0, 3601.0, 9.74, 1.2, -2.46, 0.01, -0.03, -0.02
3424.0, 3806.0, 3915.0, 3513.0, 3605.0, 9.9, 1.22, -2.22, -0.0, -0.04, -0.02
3431.0, 3813.0, 3915.0, 3518.0, 3603.0, 9.8, 1.19, -2.21, 0.01, -0.03, -0.01
3422.0, 3813.0, 3913.0, 3517.0, 3600.0, 9.76, 1.23, -2.29, 0.01, -0.03, 0.01
3425.0, 3814.0, 3911.0, 3518.0, 3601.0, 9.8, 1.14, -2.27, 0.03, -0.04, 0.01
3424.0, 3823.0, 3911.0, 3515.0, 3602.0, 9.72, 1.14, -2.22, 0.01, -0.03, -0.0
3423.0, 3813.0, 3914.0, 3512.0, 3600.0, 9.78, 1.14, -2.27, 0.0, -0.02, -0.04
3424.0, 3809.0, 3917.0, 3510.0, 3600.0, 9.78, 1.18, -2.15, -0.01, -0.02, -0.04
3423.0, 3811.0, 3914.0, 3514.0, 3606.0, 9.76, 1.27, -2.22, 0.01, -0.03, -0.06
