3421.0, 3879.0, 3941.0, 3515.0, 3568.0, 9.51, 2.7, -2.16, -0.08, -0.1, 0.03
3424.0, 3877.0, 3939.0, 3517.0, 3563.0, 9.28, 2.89, -2.52, -0.04, -0.08, -0.01
3419.0, 3876.0, 3932.0, 3520.0, 3553.0, 9.37, 3.05, -2.76, 0.04, -0.14, -0.07
3424.0, 3880.0, 3958.0, 3577.0, 3550.0, 9.49, 3.37, -2.88, 0.07, -0.13, -0.04
3423.0, 3873.0, 3928.0, 3513.0, 3561.0, 8.48, 2.47, -1.75, 0.01, 0.15, 0.29
3419.0, 3871.0, 3927.0, 3499.0, 3558.0, 10.44, 1.19, -3.27, 0.1, 0.03, -0.18
3419.0, 3878.0, 3933.0, 3518.0, 3559.0, 9.31, 3.85, -1.69, -0.18, -0.03, -0.12
3421.0, 3878.0, 3931.0, 3514.0, 3559.0, 9.21, 3.24, -1.52, -0.01, -0.0, -0.01
3420.0, 3874.0, 3931.0, 3513.0, 3532.0, 9.59, 2.79, -2.34, 0.05, -0.05, 0.04
3420.0, 3873.0, 3932.0, 3509.0, 3555.0, 9.47, 2.47, -1.96, -0.11, -0.07, 0.05
3419.0, 3873.0, 3930.0, 3517.0, 3559.0, 9.52, 2.75, -2.43, 0.01, -0.07, -0.06
3419.0, 3872.0, 3925.0, 3515.0, 3559.0, 9.83, 3.14, -2.59, -0.02, -0.01, -0.05
3424.0, 3869.0, 3933.0, 3515.0, 3583.0, 9.47, 3.29, -2.2, 0.01, -0.03, 0.09
3419.0, 3873.0, 3936.0, 3510.0, 3568.0, 9.11, 3.09, -2.03, 0.1, -0.01, 0.18
3423.0, 3871.0, 3938.0, 3512.0, 3557.0, 9.56, 1.65, -2.29, -0.02, -0.06, 0.12
3424.0, 3881.0, 3931.0, 3514.0, 3549.0, 9.14, 2.61, -2.25, 0.01, -0.1, -0.03
3441.0, 3877.0, 3927.0, 3510.0, 3558.0, 9.42, 2.92, -2.64, -0.04, -0.25, 0.02
3478.0, 3878.0, 3930.0, 3506.0, 3555.0, 9.36, 2.91, -2.67, 0.07, -0.09, 0.05
3509.0, 3878.0, 3933.0, 3507.0, 3562.0, 9.35, 2.77, -2.26, -0.06, 0.09, 0.12
3516.0, 3883.0, 3926.0, 3514.0, 3571.0, 9.92, 2.24, -2.31, 0.06, 0.11, 0.04
3514.0, 3883.0, 3925.0, 3515.0, 3551.0, 9.84, 2.44, -2.03, 0.08, 0.04, 0.05
3515.0, 3875.0, 3928.0, 3511.0, 3523.0, 9.47, 2.52, -1.9, 0.13, -0.01, 0.06
3514.0, 3878.0, 3920.0, 3510.0, 3555.0, 9.65, 2.14, -2.16, 0.04, -0.07, 0.03
3497.0, 3869.0, 3927.0, 3511.0, 3542.0, 9.46, 2.18, -2.27, -0.04, -0.03, 0.0
3506.0, 3877.0, 3920.0, 3507.0, 3551.0, 9.55, 2.23, -2.26, -0.03, -0.02, -0.04
3501.0, 3880.0, 3923.0, 3511.0, 3551.0, 9.62, 2.47, -2.26, -0.02, -0.02, -0.05
3495.0, 3879.0, 3921.0, 3506.0, 3551.0, 9.53, 2.52, -2.18, 0.02, -0.05, -0.02
3491.0, 3871.0, 3923.0, 3509.0, 3551.0, 9.5, 2.38, -2.15, 0.03, -0.04, -0.01
3488.0, 3874.0, 3920.0, 3507.0, 3551.0, 9.59, 2.41, -2.3, 0.04, -0.04, -0.01
3499.0, 3867.0, 3905.0, 3488.0, 3553.0, 9.55, 2.68, -2.31, 0.0, -0.03, -0.03
3482.0, 3880.0, 3920.0, 3511.0, 3548.0, 9.45, 2.42, -1.99, -0.04, 0.03, 0.03
3485.0, 3869.0, 3921.0, 3513.0, 3547.0, 9.6, 2.17, -2.07, -0.03, -0.03, 0.01
3482.0, 3874.0, 3920.0, 3504.0, 3547.0, 9.74, 2.34, -2.32, -0.01, -0.06, -0.07
3481.0, 3877.0, 3920.0, 3507.0, 3548.0, 9.42, 2.81, -2.43, 0.0, -0.06, -0.06
3479.0, 3873.0, 3922.0, 3509.0, 3543.0, 9.56, 2.71, -2.53, -0.02, 0.03, 0.02
3454.0, 3875.0, 3917.0, 3504.0, 3545.0, 9.72, 2.37, -1.95, -0.13, 0.1, 0.07
3504.0, 3866.0, 3931.0, 3502.0, 3536.0, 9.78, 2.48, -1.78, -0.06, 0.07, 0.03
3479.0, 3839.0, 3925.0, 3508.0, 3545.0, 9.67, 2.83, -1.63, -0.02, 0.02, 0.06
3478.0, 3873.0, 3917.0, 3504.0, 3546.0, 9.57, 2.16, -1.51, -0.0, -0.02, 0.12
3477.0, 3871.0, 3919.0, 3505.0, 3550.0, 9.57, 2.15, -2.0, 0.06, -0.04, 0.07
3477.0, 3877.0, 3915.0, 3504.0, 3564.0, 9.56, 2.21, -2.24, 0.02, -0.0, 0.05
3474.0, 3873.0, 3922.0, 3511.0, 3547.0, 9.62, 2.11, -2.16, -0.03, -0.02, 0.05
3486.0, 3871.0, 3923.0, 3507.0, 3542.0, 9.56, 2.3, -2.02, 0.03, 0.0, 0.03
3472.0, 3886.0, 3920.0, 3507.0, 3542.0, 9.48, 2.15, -1.83, 0.03, 0.01, -0.02
3472.0, 3856.0, 3920.0, 3513.0, 3539.0, 9.68, 1.87, -1.67, -0.03, -0.04, 0.0
3478.0, 3856.0, 3910.0, 3481.0, 3538.0, 9.67, 2.19, -1.86, -0.01, -0.03, -0.01
3477.0, 3872.0, 3915.0, 3507.0, 3543.0, 9.54, 2.21, -1.97, -0.0, -0.04, -0.06
3479.0, 3873.0, 3919.0, 3504.0, 3541.0, 9.63, 2.17, -1.7, 0.01, -0.08, -0.02
3472.0, 3860.0, 3911.0, 3494.0, 3575.0, 9.67, 2.36, -1.87, 0.05, -0.07, -0.04
3476.0, 3872.0, 3916.0, 3514.0, 3537.0, 9.78, 2.62, -1.89, -0.04, 0.03, -0.03
