3145.0, 3107.0, 3296.0, 3070.0, 2759.0, 1.62, 3.28, 8.96, 0.01, -0.01, -0.02
3154.0, 3120.0, 3306.0, 3085.0, 2770.0, 1.63, 3.34, 8.98, -0.01, 0.04, -0.04
3152.0, 3115.0, 3305.0, 3071.0, 2768.0, 1.55, 3.14, 8.96, -0.14, 0.06, 0.05
3153.0, 3109.0, 3301.0, 3081.0, 2770.0, 1.64, 3.0, 9.21, -0.15, 0.1, 0.13
3158.0, 3101.0, 3298.0, 3071.0, 2768.0, 1.18, 3.01, 8.97, -0.1, 0.14, 0.12
3152.0, 3093.0, 3297.0, 3067.0, 2769.0, 1.08, 2.84, 9.18, -0.08, 0.07, 0.12
3152.0, 3093.0, 3295.0, 3063.0, 2770.0, 0.58, 2.82, 9.39, -0.06, 0.0, 0.09
3152.0, 3089.0, 3334.0, 3061.0, 2770.0, 0.57, 3.06, 9.11, -0.01, -0.02, 0.21
3151.0, 3088.0, 3455.0, 3059.0, 2770.0, 0.78, 3.26, 9.09, 0.21, -0.14, 0.52
3155.0, 3090.0, 3453.0, 3060.0, 2770.0, 1.93, 3.33, 9.16, 0.33, -0.12, 0.66
3157.0, 3107.0, 3449.0, 3066.0, 2769.0, 2.46, 3.83, 8.83, 0.37, 0.07, 0.5
3162.0, 3126.0, 3450.0, 3071.0, 2768.0, 2.97, 3.88, 9.32, 0.18, 0.32, 0.51
3165.0, 3162.0, 3454.0, 3083.0, 2768.0, 2.48, 5.06, 10.16, -0.01, 0.54, 0.33
3173.0, 3221.0, 3463.0, 3106.0, 2768.0, 0.54, 4.54, 10.17, 1.02, 0.36, 0.19
3181.0, 3216.0, 3461.0, 3138.0, 2793.0, 1.21, 6.13, 11.37, 1.6, -1.65, 0.39
3200.0, 3203.0, 3263.0, 3163.0, 2803.0, 2.14, 5.91, 10.17, 2.1, -2.17, 0.9
3222.0, 3187.0, 3276.0, 3210.0, 2821.0, 3.11, 6.87, 8.64, 2.29, -1.93, 1.35
3244.0, 3174.0, 3271.0, 3251.0, 2847.0, 4.85, 7.14, 6.07, 2.48, -2.15, 1.52
3274.0, 3159.0, 3263.0, 3330.0, 2871.0, 4.78, 5.46, 6.33, 4.04, -2.26, 1.79
3333.0, 3195.0, 3379.0, 3487.0, 2953.0, 6.45, 5.09, 1.68, 3.95, -3.03, 2.49
3345.0, 3217.0, 3367.0, 3543.0, 3021.0, 6.88, 2.61, -1.18, 3.27, -1.87, 2.15
3390.0, 3235.0, 3349.0, 3583.0, 3088.0, 8.11, 1.35, -1.83, 3.35, -1.16, 0.73
3441.0, 3257.0, 3355.0, 3654.0, 3158.0, 8.32, 0.4, -3.47, 2.88, -0.88, -0.16
3434.0, 3266.0, 3406.0, 3685.0, 3219.0, 8.15, 0.36, -4.88, 1.66, 0.02, -0.11
3407.0, 3377.0, 3526.0, 3701.0, 3270.0, 6.36, 0.11, -3.35, 0.84, 0.23, 0.06
3375.0, 3517.0, 3655.0, 3700.0, 3280.0, 7.6, -0.33, -4.61, 0.46, 0.26, -0.3
3382.0, 3654.0, 3758.0, 3698.0, 3293.0, 9.07, 0.12, -5.32, 0.66, 0.3, -0.45
3411.0, 3722.0, 3783.0, 3690.0, 3303.0, 8.52, 1.05, -4.28, -0.01, 0.36, -0.41
3410.0, 3728.0, 3786.0, 3690.0, 3310.0, 9.31, 1.46, -4.64, 0.27, -0.04, -0.5
3403.0, 3723.0, 3760.0, 3664.0, 3303.0, 9.06, 3.15, -4.4, 0.35, -0.17, -0.51
3409.0, 3711.0, 3775.0, 3681.0, 3311.0, 8.96, 2.93, -4.73, 0.15, -0.13, -0.2
3408.0, 3715.0, 3778.0, 3676.0, 3303.0, 8.29, 2.52, -4.67, 0.05, 0.01, -0.14
3407.0, 3711.0, 3777.0, 3666.0, 3302.0, 8.69, 2.13, -4.64, 0.02, 0.04, -0.01
3405.0, 3677.0, 3758.0, 3661.0, 3297.0, 8.81, 2.38, -4.55, -0.06, -0.01, -0.0
3403.0, 3698.0, 3763.0, 3664.0, 3292.0, 8.76, 2.3, -4.72, -0.06, -0.04, -0.04
3402.0, 3711.0, 3760.0, 3663.0, 3291.0, 8.65, 2.52, -4.83, -0.02, -0.03, -0.02
3400.0, 3677.0, 3760.0, 3660.0, 3287.0, 8.71, 2.51, -4.75, -0.03, -0.01, -0.05
3383.0, 3694.0, 3754.0, 3692.0, 3281.0, 8.84, 2.44, -4.58, -0.02, -0.06, 0.02
3398.0, 3689.0, 3755.0, 3658.0, 3282.0, 8.77, 2.44, -4.66, 0.03, -0.05, 0.02
3397.0, 3684.0, 3760.0, 3655.0, 3280.0, 8.69, 2.43, -5.03, 0.04, -0.03, 0.01
3395.0, 3686.0, 3752.0, 3648.0, 3280.0, 8.76, 2.52, -4.78, 0.02, -0.01, 0.01
3395.0, 3679.0, 3758.0, 3650.0, 3280.0, 8.7, 2.32, -4.79, -0.01, -0.03, 0.03
3395.0, 3728.0, 3753.0, 3653.0, 3277.0, 8.74, 2.16, -4.75, -0.03, -0.02, 0.01
3394.0, 3665.0, 3746.0, 3651.0, 3277.0, 8.68, 2.4, -4.72, -0.01, -0.02, 0.04
3394.0, 3675.0, 3747.0, 3651.0, 3277.0, 8.64, 2.34, -4.81, 0.0, -0.01, 0.02
3391.0, 3677.0, 3747.0, 3650.0, 3269.0, 8.65, 2.37, -4.77, 0.02, -0.02, -0.03
3379.0, 3675.0, 3744.0, 3650.0, 3270.0, 8.67, 2.28, -4.68, 0.0, -0.0, -0.01
3391.0, 3670.0, 3746.0, 3648.0, 3281.0, 8.67, 2.41, -4.62, -0.0, 0.0, 0.01
3391.0, 3674.0, 3741.0, 3647.0, 3271.0, 8.84, 2.23, -4.64, -0.01, -0.01, -0.03
