3337.0, 3093.0, 3579.0, 3495.0, 2991.0, 7.92, 5.15, 3.44, 0.05, -0.08, 0.08
3301.0, 3095.0, 3580.0, 3490.0, 2991.0, 8.08, 4.79, 3.37, 0.08, -0.1, 0.09
3305.0, 3094.0, 3583.0, 2867.0, 2990.0, 8.24, 4.44, 3.23, 0.1, -0.12, 0.06
3303.0, 3095.0, 3581.0, 3511.0, 2988.0, 8.23, 4.65, 2.83, 0.1, -0.07, -0.02
3305.0, 3093.0, 3577.0, 3511.0, 2990.0, 8.21, 4.9, 3.05, 0.07, -0.03, -0.01
3303.0, 3089.0, 3578.0, 3506.0, 2987.0, 8.14, 4.87, 3.14, 0.1, -0.02, 0.02
3303.0, 3071.0, 3600.0, 3430.0, 2987.0, 8.34, 4.71, 2.6, 0.17, -0.02, 0.09
3307.0, 3093.0, 3574.0, 3467.0, 2990.0, 8.42, 4.75, 2.43, 0.14, 0.13, 0.06
3303.0, 3091.0, 3575.0, 3504.0, 2989.0, 8.14, 4.79, 3.18, -0.02, 0.1, -0.01
3300.0, 3092.0, 3574.0, 3505.0, 2990.0, 7.95, 4.63, 3.7, 0.08, 0.07, -0.01
3303.0, 3092.0, 3575.0, 3355.0, 2988.0, 8.05, 4.88, 3.35, 0.13, 0.05, -0.05
3303.0, 3090.0, 3577.0, 3504.0, 2990.0, 8.21, 4.83, 3.07, 0.09, 0.04, 0.0
3301.0, 3095.0, 3574.0, 3401.0, 2985.0, 8.18, 4.62, 3.25, 0.08, 0.07, -0.05
3301.0, 3097.0, 3572.0, 3369.0, 2987.0, 8.03, 4.68, 3.48, 0.11, 0.03, -0.06
3303.0, 3097.0, 3574.0, 3504.0, 2987.0, 7.96, 5.1, 3.28, 0.08, -0.03, -0.09
3311.0, 3095.0, 3574.0, 3502.0, 2983.0, 7.82, 5.36, 3.27, 0.08, 0.01, -0.04
3303.0, 3095.0, 3578.0, 3504.0, 2983.0, 7.92, 5.05, 3.56, 0.05, -0.04, -0.0
3302.0, 3104.0, 3575.0, 3376.0, 2985.0, 7.96, 5.04, 3.25, 0.0, -0.1, -0.01
3303.0, 3095.0, 3574.0, 3501.0, 2984.0, 8.11, 5.07, 3.01, 0.05, -0.07, 0.02
3303.0, 3097.0, 3571.0, 3393.0, 2982.0, 8.03, 5.02, 3.06, -0.03, -0.07, 0.02
3305.0, 3094.0, 3570.0, 3253.0, 2987.0, 8.12, 4.93, 3.03, 0.07, -0.05, 0.05
3291.0, 3093.0, 3570.0, 3505.0, 2988.0, 8.13, 4.8, 3.17, 0.03, -0.01, 0.02
3300.0, 3081.0, 3569.0, 3504.0, 2983.0, 8.07, 4.95, 3.11, -0.01, -0.0, 0.02
3303.0, 3095.0, 3577.0, 3502.0, 2986.0, 8.0, 4.72, 3.45, 0.08, -0.01, 0.02
3303.0, 3099.0, 3574.0, 3501.0, 2987.0, 8.1, 4.88, 3.02, -0.06, -0.05, -0.06
3301.0, 3099.0, 3570.0, 3499.0, 2987.0, 8.04, 5.1, 3.01, 0.14, -0.01, 0.04
3301.0, 3099.0, 3571.0, 3499.0, 2983.0, 8.05, 4.82, 3.22, -0.01, -0.0, 0.04
3301.0, 3093.0, 3557.0, 3232.0, 2983.0, 8.14, 4.67, 3.25, 0.09, 0.0, 0.02
3301.0, 3097.0, 3571.0, 3499.0, 2986.0, 8.06, 4.96, 3.21, 0.05, -0.01, -0.0
3303.0, 3112.0, 3568.0, 3419.0, 2982.0, 7.99, 5.13, 3.13, 0.09, -0.03, 0.06
3303.0, 3098.0, 3569.0, 3444.0, 2987.0, 8.14, 4.89, 3.17, 0.02, -0.04, 0.07
3303.0, 3098.0, 3573.0, 3472.0, 2987.0, 8.2, 4.7, 3.1, 0.1, -0.07, 0.11
3301.0, 3098.0, 3572.0, 3313.0, 2983.0, 8.26, 4.67, 2.97, 0.13, -0.02, 0.04
3300.0, 3094.0, 3583.0, 3419.0, 2964.0, 8.25, 4.92, 2.98, 0.09, -0.01, 0.06
3303.0, 3095.0, 3568.0, 3499.0, 2986.0, 8.28, 4.76, 3.02, 0.06, -0.01, 0.05
3305.0, 3095.0, 3572.0, 3378.0, 2985.0, 8.24, 4.62, 3.25, 0.06, -0.04, 0.03
3303.0, 3094.0, 3570.0, 3304.0, 2987.0, 8.28, 4.63, 3.03, 0.02, -0.09, 0.0
3302.0, 3094.0, 3568.0, 3422.0, 2982.0, 8.25, 4.81, 2.85, 0.08, -0.07, 0.01
3280.0, 3095.0, 3569.0, 3497.0, 2987.0, 8.26, 4.74, 2.87, 0.03, -0.07, 0.02
3303.0, 3095.0, 3569.0, 3431.0, 2986.0, 8.35, 4.54, 2.99, 0.01, -0.05, 0.0
3303.0, 3093.0, 3571.0, 3500.0, 2983.0, 8.33, 4.52, 2.91, 0.11, -0.03, -0.03
3307.0, 3099.0, 3571.0, 3317.0, 2982.0, 8.43, 4.74, 2.7, -0.01, -0.03, -0.07
