3101.0, 3042.0, 3232.0, 3019.0, 2753.0, -1.53, 2.11, 9.28, 0.0, -0.03, -0.01
3115.0, 3056.0, 3248.0, 3027.0, 2768.0, -1.47, 2.14, 9.32, 0.01, -0.01, -0.01
3115.0, 3055.0, 3248.0, 3029.0, 2767.0, -1.47, 2.09, 9.32, 0.01, -0.05, -0.01
3113.0, 3056.0, 3248.0, 3031.0, 2766.0, -1.5, 2.08, 9.32, -0.01, -0.05, 0.02
3111.0, 3057.0, 3249.0, 3038.0, 2767.0, -1.68, 2.55, 9.96, 0.05, -0.18, 0.05
3119.0, 3098.0, 3251.0, 3042.0, 2765.0, -0.86, 1.91, 10.91, 0.31, -1.11, -0.03
3135.0, 3202.0, 3350.0, 3139.0, 2777.0, -2.5, 4.37, 12.6, 0.05, -2.07, 0.42
3163.0, 3278.0, 3565.0, 3479.0, 2898.0, 1.2, 3.34, 11.99, 0.61, -1.26, 0.26
3176.0, 3290.0, 3694.0, 3651.0, 3091.0, -0.82, 3.32, 9.52, 1.22, -0.92, 0.36
3195.0, 3264.0, 3741.0, 3680.0, 3173.0, 0.79, 3.1, 9.89, 0.27, -2.11, 0.88
3247.0, 3234.0, 3743.0, 3677.0, 3187.0, 2.82, 2.42, 8.69, 0.3, -1.74, 0.55
3279.0, 3215.0, 3736.0, 3651.0, 3182.0, 3.46, 2.39, 7.7, 0.58, -1.43, 0.64
3298.0, 3198.0, 3717.0, 3644.0, 3170.0, 4.56, 2.78, 6.7, 0.32, -1.21, 0.29
3312.0, 3185.0, 3705.0, 3633.0, 3160.0, 5.42, 3.0, 6.23, 0.22, -1.21, 0.3
3325.0, 3179.0, 3696.0, 3626.0, 3152.0, 6.06, 3.27, 5.6, 0.2, -0.89, 0.18
3317.0, 3168.0, 3693.0, 3618.0, 3146.0, 6.19, 3.56, 5.74, 0.25, -0.75, 0.2
3317.0, 3150.0, 3678.0, 3600.0, 3126.0, 6.64, 3.46, 5.58, 0.26, -0.56, 0.21
3322.0, 3156.0, 3687.0, 3609.0, 3138.0, 6.84, 3.96, 5.41, 0.25, -0.73, 0.24
3323.0, 3145.0, 3669.0, 3597.0, 3123.0, 7.28, 3.15, 5.03, 0.27, -0.6, 0.25
3299.0, 3142.0, 3673.0, 3583.0, 3122.0, 7.72, 3.24, 4.84, 0.15, -0.49, 0.26
3309.0, 3139.0, 3664.0, 3583.0, 3120.0, 7.91, 3.29, 4.64, 0.26, -0.48, 0.18
3302.0, 3139.0, 3664.0, 3580.0, 3119.0, 8.1, 3.18, 4.18, 0.23, -0.33, 0.12
3291.0, 3136.0, 3664.0, 3582.0, 3114.0, 8.11, 3.23, 4.51, 0.12, -0.21, 0.07
3291.0, 3133.0, 3664.0, 3577.0, 3109.0, 8.16, 3.55, 4.55, 0.1, -0.28, 0.07
3294.0, 3126.0, 3659.0, 3575.0, 3109.0, 8.23, 3.41, 4.37, 0.11, -0.2, 0.08
3309.0, 3120.0, 3661.0, 3573.0, 3115.0, 8.23, 3.48, 4.31, 0.05, -0.18, 0.09
3312.0, 3115.0, 3663.0, 3575.0, 3109.0, 8.33, 3.42, 4.19, 0.1, -0.17, 0.09
3323.0, 3102.0, 3659.0, 3571.0, 3108.0, 8.33, 3.23, 4.03, 0.04, -0.21, 0.11
3349.0, 3097.0, 3654.0, 3568.0, 3104.0, 8.55, 2.99, 3.7, 0.13, -0.23, 0.14
3366.0, 3088.0, 3646.0, 3549.0, 3110.0, 8.66, 2.9, 3.6, 0.03, -0.32, 0.07
3389.0, 3070.0, 3645.0, 3547.0, 3064.0, 8.74, 3.06, 3.56, 0.08, -0.26, 0.08
3387.0, 3066.0, 3641.0, 3547.0, 3088.0, 8.75, 3.14, 3.62, 0.09, -0.26, -0.01
3387.0, 3063.0, 3635.0, 3538.0, 3088.0, 8.87, 2.99, 3.14, 0.01, -0.19, -0.01
3383.0, 3060.0, 3637.0, 3537.0, 3087.0, 8.94, 2.99, 3.32, 0.06, -0.17, -0.08
3378.0, 3056.0, 3634.0, 3536.0, 3086.0, 8.88, 3.34, 3.19, 0.03, -0.19, -0.05
3382.0, 3056.0, 3631.0, 3533.0, 3082.0, 8.79, 3.38, 3.03, 0.02, 0.01, -0.03
3376.0, 3053.0, 3632.0, 3530.0, 3087.0, 8.8, 3.33, 3.53, 0.05, -0.14, 0.03
3376.0, 3050.0, 3621.0, 3530.0, 3071.0, 8.95, 3.11, 3.47, 0.08, -0.14, 0.0
3377.0, 3041.0, 3629.0, 3515.0, 3071.0, 8.93, 3.28, 3.0, -0.02, -0.02, -0.01
3376.0, 3047.0, 3626.0, 3513.0, 3070.0, 8.88, 3.16, 3.2, 0.17, -0.07, 0.0
3373.0, 3045.0, 3620.0, 3510.0, 3061.0, 8.75, 3.57, 3.03, 0.16, 0.2, 0.01
3373.0, 3045.0, 3618.0, 3506.0, 3062.0, 9.0, 3.07, 3.12, 0.37, 0.01, 0.08
3367.0, 3041.0, 3617.0, 3504.0, 3063.0, 8.87, 3.39, 3.14, 0.42, 0.4, 0.0
3358.0, 3042.0, 3619.0, 3504.0, 3056.0, 8.76, 3.32, 3.65, 0.24, 0.11, 0.01
3311.0, 3037.0, 3615.0, 3492.0, 3056.0, 8.62, 3.7, 3.38, 0.17, 0.01, -0.02
3359.0, 3038.0, 3615.0, 3503.0, 3055.0, 8.67, 3.56, 3.28, -0.11, -0.01, -0.0
3347.0, 3037.0, 3613.0, 3493.0, 3053.0, 8.73, 3.49, 3.47, -0.08, 0.03, 0.02
3344.0, 3037.0, 3611.0, 3477.0, 3047.0, 8.84, 3.46, 3.33, -0.03, -0.09, 0.05
3338.0, 3035.0, 3609.0, 3478.0, 3038.0, 8.78, 3.28, 3.23, -0.01, 0.03, 0.04
3333.0, 3036.0, 3609.0, 3470.0, 3030.0, 8.74, 3.31, 3.57, -0.02, 0.04, 0.04
3329.0, 3032.0, 3605.0, 3464.0, 3035.0, 8.7, 3.27, 3.74, 0.03, -0.02, 0.05
3330.0, 3042.0, 3601.0, 3472.0, 3029.0, 8.87, 3.1, 3.58, -0.04, 0.06, 0.01
3329.0, 3034.0, 3603.0, 3471.0, 3031.0, 8.8, 3.17, 3.6, 0.07, -0.09, -0.03
