3184.0, 3136.0, 3253.0, 3069.0, 2798.0, -0.28, -0.53, 9.61, 0.01, -0.04, -0.01
3195.0, 3146.0, 3264.0, 3087.0, 2805.0, -0.24, -0.56, 9.61, 0.01, -0.03, -0.01
3192.0, 3145.0, 3264.0, 3086.0, 2807.0, -0.3, -0.53, 9.65, 0.02, -0.03, -0.01
3191.0, 3145.0, 3264.0, 3083.0, 2803.0, -0.3, -0.57, 9.65, 0.01, -0.04, -0.01
3193.0, 3145.0, 3264.0, 3085.0, 2805.0, -0.26, -0.5, 9.64, 0.02, -0.02, -0.01
3189.0, 3143.0, 3264.0, 3085.0, 2809.0, -0.26, -0.54, 9.63, 0.01, -0.03, -0.01
3194.0, 3142.0, 3263.0, 3086.0, 2806.0, -0.22, -0.55, 9.6, 0.02, -0.03, -0.01
3191.0, 3145.0, 3264.0, 3086.0, 2803.0, -0.26, -0.57, 9.64, 0.01, -0.03, -0.01
3193.0, 3143.0, 3264.0, 3085.0, 2806.0, -0.24, -0.53, 9.58, 0.02, -0.04, -0.0
3191.0, 3141.0, 3263.0, 3086.0, 2807.0, -0.26, -0.51, 9.62, 0.02, -0.03, -0.01
3193.0, 3142.0, 3263.0, 3085.0, 2807.0, -0.27, -0.61, 9.74, 0.01, -0.03, -0.01
3193.0, 3141.0, 3262.0, 3086.0, 2806.0, -0.26, -0.52, 9.62, 0.01, -0.03, -0.01
3193.0, 3139.0, 3263.0, 3083.0, 2806.0, -0.22, -0.54, 9.59, 0.01, -0.04, -0.01
3187.0, 3141.0, 3264.0, 3085.0, 2807.0, -0.31, -0.56, 9.62, 0.01, -0.04, -0.01
3191.0, 3142.0, 3264.0, 3088.0, 2807.0, -0.3, -0.62, 9.75, -0.02, -0.02, 0.01
3191.0, 3140.0, 3265.0, 3079.0, 2805.0, -0.32, -1.35, 10.48, 0.4, 0.01, 0.14
3194.0, 3164.0, 3270.0, 3083.0, 2807.0, -0.7, -0.56, 11.37, 1.7, 0.07, -0.01
3183.0, 3191.0, 3275.0, 3088.0, 2801.0, -1.76, 1.65, 13.08, 1.99, -1.4, 0.23
3177.0, 3257.0, 3297.0, 3136.0, 2822.0, 0.6, 3.09, 11.97, 1.73, -3.12, 0.44
3181.0, 3380.0, 3399.0, 3351.0, 2876.0, 2.54, 2.93, 9.07, 1.78, -4.09, 0.59
3187.0, 3455.0, 3519.0, 3514.0, 2993.0, 5.5, 3.69, 7.19, 1.35, -3.15, 0.76
3196.0, 3466.0, 3557.0, 3583.0, 3088.0, 6.29, 3.78, 5.56, 1.23, -2.87, 0.95
3203.0, 3455.0, 3568.0, 3643.0, 3174.0, 7.49, 3.08, 5.26, 0.81, -2.57, 0.72
3210.0, 3389.0, 3570.0, 3683.0, 3255.0, 7.64, 3.6, 2.08, 0.61, -1.59, 0.76
3244.0, 3214.0, 3474.0, 3672.0, 3251.0, 6.71, 3.28, 3.11, -0.12, 0.35, 0.07
3362.0, 3119.0, 3379.0, 3681.0, 3248.0, 8.51, 2.96, 2.22, -0.38, 0.45, 0.25
3410.0, 3062.0, 3265.0, 3696.0, 3248.0, 7.76, 3.27, 3.22, -0.19, 0.5, 0.59
3435.0, 3042.0, 3222.0, 3699.0, 3248.0, 7.96, 0.21, 4.23, -0.14, 0.9, -0.03
3437.0, 3039.0, 3209.0, 3682.0, 3237.0, 8.54, 2.63, 3.71, -0.11, 0.27, 0.16
3431.0, 3036.0, 3196.0, 3665.0, 3229.0, 8.2, 2.92, 3.88, -0.05, 0.39, 0.09
3437.0, 3036.0, 3190.0, 3661.0, 3222.0, 8.35, 2.78, 4.36, -0.05, 0.35, -0.03
3437.0, 3021.0, 3177.0, 3648.0, 3211.0, 8.22, 2.74, 4.77, -0.1, 0.25, -0.09
3454.0, 3031.0, 3185.0, 3658.0, 3222.0, 8.28, 2.57, 4.77, -0.1, 0.22, -0.18
3461.0, 3029.0, 3184.0, 3661.0, 3223.0, 7.71, 2.91, 5.01, -0.09, 0.31, -0.16
3455.0, 3024.0, 3183.0, 3655.0, 3222.0, 7.62, 2.89, 5.56, -0.12, 0.09, 0.01
3447.0, 3015.0, 3171.0, 3642.0, 3216.0, 7.88, 2.9, 5.52, -0.02, 0.01, -0.01
3450.0, 3020.0, 3169.0, 3646.0, 3214.0, 7.54, 2.68, 5.7, -0.09, 0.04, 0.03
3447.0, 3014.0, 3171.0, 3646.0, 3211.0, 7.84, 2.62, 5.49, -0.02, -0.01, 0.02
3445.0, 3016.0, 3173.0, 3637.0, 3207.0, 7.7, 2.86, 5.71, -0.06, -0.04, -0.07
3452.0, 3015.0, 3171.0, 3634.0, 3206.0, 7.41, 2.69, 5.82, -0.03, -0.0, -0.05
3451.0, 3009.0, 3172.0, 3634.0, 3209.0, 7.75, 2.79, 5.49, -0.06, 0.1, 0.1
3441.0, 3011.0, 3173.0, 3632.0, 3202.0, 7.76, 2.62, 5.71, -0.02, 0.0, -0.06
3439.0, 3008.0, 3170.0, 3633.0, 3204.0, 7.57, 2.39, 5.91, -0.01, 0.09, -0.06
3435.0, 3008.0, 3173.0, 3634.0, 3205.0, 7.63, 2.8, 5.65, 0.0, 0.05, -0.02
3437.0, 3011.0, 3172.0, 3633.0, 3203.0, 6.91, 2.76, 5.79, 0.01, -0.02, -0.05
3439.0, 3011.0, 3170.0, 3632.0, 3205.0, 7.46, 2.91, 5.78, -0.15, 0.14, 0.13
3429.0, 3008.0, 3169.0, 3630.0, 3198.0, 7.51, 2.54, 6.22, -0.14, 0.03, 0.11
3427.0, 3009.0, 3171.0, 3629.0, 3200.0, 7.48, 2.23, 6.24, -0.04, 0.04, 0.05
3419.0, 3007.0, 3170.0, 3630.0, 3198.0, 7.59, 2.53, 5.94, 0.01, -0.06, -0.0
3421.0, 3001.0, 3168.0, 3627.0, 3191.0, 7.29, 2.49, 6.06, 0.07, 0.03, -0.01
3421.0, 3007.0, 3168.0, 3630.0, 3195.0, 7.52, 2.46, 6.05, 0.06, 0.04, 0.01
3401.0, 3008.0, 3169.0, 3631.0, 3198.0, 7.44, 2.41, 6.15, 0.05, -0.06, -0.01
3419.0, 3007.0, 3169.0, 3630.0, 3193.0, 7.44, 2.59, 6.04, 0.01, -0.04, -0.01
3420.0, 2996.0, 3169.0, 3629.0, 3194.0, 7.49, 2.42, 6.02, 0.05, -0.04, -0.02
