2829.0, 2266.0, 2654.0, 2938.0, 3045.0, 9.42, 3.5, 0.47, 0.01, 0.03, -0.07
2826.0, 2263.0, 2642.0, 2941.0, 3043.0, 9.17, 3.72, 0.68, -0.06, 0.11, -0.2
2822.0, 2259.0, 2640.0, 2939.0, 3045.0, 9.37, 3.91, 1.02, -0.0, -0.06, -0.01
2823.0, 2261.0, 2631.0, 2938.0, 3043.0, 9.02, 3.9, 0.89, -0.02, -0.06, -0.03
2822.0, 2256.0, 2635.0, 2941.0, 3042.0, 9.54, 3.81, 0.91, 0.01, -0.05, -0.02
2823.0, 2256.0, 2630.0, 2943.0, 3041.0, 9.14, 3.77, 0.8, -0.06, 0.01, -0.04
2820.0, 2251.0, 2625.0, 2941.0, 3039.0, 9.12, 3.82, 1.01, -0.03, 0.04, -0.11
2821.0, 2251.0, 2629.0, 2940.0, 3041.0, 9.34, 4.02, 0.94, -0.01, 0.01, -0.04
2825.0, 2250.0, 2629.0, 2943.0, 3040.0, 9.06, 3.9, 1.07, -0.01, -0.03, -0.05
2827.0, 2252.0, 2626.0, 2939.0, 3045.0, 9.21, 3.89, 0.87, 0.0, -0.03, -0.05
2830.0, 2243.0, 2625.0, 2944.0, 3039.0, 9.23, 4.0, 1.0, 0.01, -0.0, -0.04
2837.0, 2254.0, 2627.0, 2893.0, 3043.0, 9.25, 4.05, 1.08, -0.01, -0.02, -0.04
2844.0, 2249.0, 2624.0, 2949.0, 3055.0, 9.26, 4.03, 1.08, -0.02, -0.05, -0.0
2857.0, 2246.0, 2625.0, 2951.0, 3056.0, 8.98, 3.93, 1.07, -0.0, -0.03, -0.03
2864.0, 2251.0, 2624.0, 2947.0, 3054.0, 9.1, 3.99, 0.93, -0.0, 0.0, -0.0
2857.0, 2247.0, 2623.0, 2947.0, 3056.0, 9.15, 3.89, 0.85, 0.0, -0.05, 0.02
2853.0, 2247.0, 2622.0, 2947.0, 3053.0, 9.17, 4.04, 1.05, -0.03, 0.05, 0.01
2826.0, 2257.0, 2617.0, 2947.0, 3050.0, 9.16, 3.79, 1.53, -0.07, 0.06, -0.01
2849.0, 2233.0, 2633.0, 2953.0, 3051.0, 9.26, 4.05, 1.41, -0.02, -0.1, -0.05
2849.0, 2242.0, 2624.0, 2944.0, 3049.0, 8.97, 4.2, 1.0, -0.03, -0.11, -0.01
2845.0, 2245.0, 2621.0, 2943.0, 3043.0, 9.35, 4.11, 0.7, -0.01, -0.1, 0.04
2842.0, 2246.0, 2624.0, 2944.0, 3046.0, 9.21, 3.94, 0.97, -0.02, -0.16, 0.07
2838.0, 2255.0, 2620.0, 2943.0, 3044.0, 9.36, 3.79, 0.83, -0.01, -0.04, 0.01
2838.0, 2243.0, 2619.0, 2939.0, 3044.0, 9.31, 3.8, 1.0, 0.06, -0.02, -0.01
2854.0, 2255.0, 2630.0, 2958.0, 3058.0, 9.38, 3.93, 1.03, 0.0, -0.05, 0.01
2847.0, 2253.0, 2626.0, 2950.0, 3056.0, 9.19, 3.84, 1.11, 0.01, -0.04, -0.03
2847.0, 2251.0, 2625.0, 2951.0, 3052.0, 9.19, 3.97, 1.02, 0.03, -0.07, -0.02
2829.0, 2234.0, 2608.0, 2933.0, 3042.0, 9.13, 3.91, 0.89, 0.02, -0.0, -0.02
2833.0, 2242.0, 2619.0, 2929.0, 3041.0, 9.33, 3.76, 1.04, 0.0, -0.09, 0.01
2836.0, 2240.0, 2619.0, 2942.0, 3045.0, 9.18, 4.03, 1.02, 0.02, -0.07, -0.0
2835.0, 2242.0, 2615.0, 2938.0, 3041.0, 9.16, 3.95, 0.89, 0.02, -0.01, -0.03
2831.0, 2243.0, 2618.0, 2941.0, 3040.0, 9.47, 3.97, 0.93, 0.05, -0.12, 0.0
2832.0, 2247.0, 2617.0, 2935.0, 3034.0, 8.99, 3.9, 1.1, 0.03, -0.03, -0.01
2829.0, 2241.0, 2618.0, 2937.0, 3040.0, 9.28, 3.72, 0.73, 0.06, 0.03, -0.04
2832.0, 2250.0, 2618.0, 2941.0, 3035.0, 9.23, 3.87, 1.03, 0.06, -0.04, -0.02
2831.0, 2242.0, 2622.0, 2935.0, 3038.0, 9.12, 4.04, 0.93, 0.02, 0.0, -0.05
2829.0, 2248.0, 2621.0, 2934.0, 3034.0, 9.14, 3.85, 0.79, 0.03, -0.03, -0.04
2829.0, 2247.0, 2617.0, 2935.0, 3035.0, 9.33, 4.15, 0.95, 0.02, -0.05, -0.02
2825.0, 2247.0, 2623.0, 2939.0, 3033.0, 9.14, 4.07, 0.94, 0.03, -0.01, -0.07
2821.0, 2247.0, 2624.0, 2940.0, 3035.0, 9.1, 4.12, 0.88, 0.03, -0.01, -0.02
2817.0, 2251.0, 2624.0, 2942.0, 3035.0, 9.16, 4.03, 0.99, 0.01, -0.01, -0.04
2815.0, 2250.0, 2624.0, 2944.0, 3036.0, 8.97, 4.1, 1.18, -0.02, -0.02, -0.01
2816.0, 2250.0, 2625.0, 2943.0, 3031.0, 9.28, 4.16, 0.96, -0.0, -0.04, 0.01
2816.0, 2243.0, 2624.0, 2942.0, 3031.0, 9.08, 4.01, 0.97, -0.0, -0.06, 0.02
2813.0, 2241.0, 2595.0, 2922.0, 3038.0, 9.14, 4.05, 0.86, -0.02, 0.0, 0.0
2815.0, 2245.0, 2624.0, 2943.0, 3031.0, 9.27, 4.09, 0.91, 0.02, -0.0, -0.01
2813.0, 2248.0, 2624.0, 2944.0, 3031.0, 8.95, 3.89, 1.12, 0.01, -0.03, -0.03
2813.0, 2249.0, 2625.0, 2945.0, 3030.0, 9.3, 4.21, 0.84, -0.02, -0.03, 0.02
2806.0, 2240.0, 2625.0, 2944.0, 3031.0, 9.14, 4.01, 0.91, 0.0, -0.02, 0.03
2811.0, 2246.0, 2624.0, 2944.0, 3031.0, 9.22, 3.93, 0.89, 0.01, 0.04, 0.02
