2559.0, 2660.0, 2672.0, 2687.0, 2850.0, 4.04, 3.44, 1.28, -0.19, 0.83, -0.22
2559.0, 2657.0, 2673.0, 2672.0, 2837.0, 4.36, 5.85, 4.54, -0.2, 1.56, -0.64
2559.0, 2654.0, 2672.0, 2651.0, 2823.0, 4.44, 8.01, 8.18, 0.12, 0.89, -0.56
2559.0, 2640.0, 2672.0, 2630.0, 2817.0, 5.09, 9.37, 7.61, -0.18, -0.09, 0.08
2559.0, 2609.0, 2670.0, 2621.0, 2807.0, 5.1, 10.21, 8.55, -0.2, -1.8, 1.48
2559.0, 2544.0, 2649.0, 2619.0, 2807.0, 7.05, 7.84, 8.01, -0.74, -3.15, 2.32
2547.0, 2416.0, 2638.0, 2651.0, 2853.0, 8.27, 3.39, 3.16, -1.55, -2.41, 1.81
2641.0, 2394.0, 2623.0, 2848.0, 2958.0, 7.22, 3.2, 2.42, -0.63, -2.11, 1.08
2710.0, 2416.0, 2620.0, 2921.0, 3040.0, 7.74, 2.43, 1.49, 0.68, -2.28, 1.04
2782.0, 2375.0, 2623.0, 2961.0, 3081.0, 7.69, 1.58, -0.64, 0.65, -1.49, 0.84
2802.0, 2373.0, 2618.0, 2990.0, 3122.0, 8.45, 1.31, 0.15, 0.21, -1.01, -0.31
2816.0, 2342.0, 2613.0, 3017.0, 3139.0, 8.86, 2.16, -0.2, 0.25, -0.61, -0.02
2818.0, 2343.0, 2622.0, 3087.0, 3177.0, 8.99, 2.04, -0.66, -0.33, -0.5, 0.21
2816.0, 2353.0, 2623.0, 3104.0, 3220.0, 9.96, 0.74, -0.55, -0.22, -0.05, -0.08
2810.0, 2353.0, 2628.0, 3106.0, 3200.0, 9.79, 1.66, -1.1, -0.44, 0.01, -0.31
2809.0, 2352.0, 2637.0, 3105.0, 3210.0, 9.49, 2.98, -0.16, 0.31, -0.07, -0.52
2805.0, 2354.0, 2640.0, 3093.0, 3203.0, 10.54, 5.66, -1.29, -0.33, -0.07, -0.36
2798.0, 2350.0, 2642.0, 3099.0, 3211.0, 9.93, 4.11, -0.89, 0.16, 0.59, -0.12
2779.0, 2334.0, 2640.0, 3088.0, 3210.0, 9.43, 2.51, 1.68, 0.19, 0.61, -0.29
2769.0, 2325.0, 2633.0, 3086.0, 3206.0, 9.3, 4.13, 1.14, -0.04, 0.47, -0.4
2769.0, 2288.0, 2625.0, 3071.0, 3199.0, 9.29, 3.61, 0.85, -0.07, 0.1, -0.4
2755.0, 2291.0, 2621.0, 3065.0, 3190.0, 9.12, 3.79, 0.51, -0.04, 0.02, -0.38
2746.0, 2282.0, 2618.0, 3067.0, 3188.0, 9.02, 4.54, 0.25, 0.01, 0.04, -0.31
2736.0, 2277.0, 2614.0, 3069.0, 3184.0, 9.0, 4.68, 0.21, -0.18, 0.05, -0.25
2736.0, 2272.0, 2614.0, 3070.0, 3184.0, 9.03, 4.48, 0.66, -0.14, 0.0, -0.06
2730.0, 2268.0, 2609.0, 3066.0, 3183.0, 9.11, 4.46, 0.72, -0.06, 0.04, -0.07
2724.0, 2267.0, 2608.0, 3067.0, 3181.0, 9.03, 4.63, 0.95, -0.13, 0.07, 0.06
2721.0, 2265.0, 2608.0, 3063.0, 3177.0, 9.32, 4.09, 0.91, -0.06, 0.06, 0.06
2717.0, 2258.0, 2611.0, 3070.0, 3173.0, 9.15, 3.98, 1.29, -0.06, -0.0, -0.01
2725.0, 2258.0, 2610.0, 3066.0, 3169.0, 8.96, 4.3, 1.02, -0.01, -0.01, -0.02
2714.0, 2256.0, 2608.0, 3067.0, 3171.0, 9.26, 4.23, 0.99, -0.04, -0.0, 0.01
2707.0, 2256.0, 2609.0, 3068.0, 3169.0, 9.08, 4.06, 1.29, -0.09, -0.07, -0.01
2715.0, 2251.0, 2608.0, 3061.0, 3168.0, 9.02, 4.16, 1.0, -0.02, -0.04, -0.04
2710.0, 2254.0, 2607.0, 3069.0, 3169.0, 9.04, 4.13, 1.07, -0.03, -0.02, -0.03
2710.0, 2257.0, 2608.0, 3062.0, 3166.0, 9.07, 4.31, 1.32, -0.04, -0.05, -0.02
2709.0, 2250.0, 2608.0, 3058.0, 3161.0, 8.96, 4.21, 1.13, -0.02, -0.07, -0.02
2712.0, 2254.0, 2608.0, 3057.0, 3161.0, 9.08, 4.39, 1.1, -0.02, -0.03, -0.02
2716.0, 2239.0, 2608.0, 3053.0, 3170.0, 9.14, 4.26, 1.16, 0.0, -0.06, 0.01
2709.0, 2254.0, 2611.0, 3056.0, 3165.0, 8.94, 4.11, 1.13, -0.06, -0.08, -0.01
2729.0, 2250.0, 2608.0, 3055.0, 3163.0, 9.05, 4.32, 1.14, -0.02, -0.07, -0.02
2711.0, 2247.0, 2608.0, 3056.0, 3160.0, 9.2, 4.07, 1.19, 0.02, -0.15, -0.04
2711.0, 2227.0, 2602.0, 3054.0, 3163.0, 9.08, 4.3, 0.89, 0.03, -0.13, -0.04
2709.0, 2250.0, 2607.0, 3051.0, 3157.0, 8.93, 4.0, 0.68, 0.06, -0.0, -0.1
2710.0, 2246.0, 2608.0, 3051.0, 3155.0, 9.1, 4.24, 0.96, 0.04, -0.05, -0.1
2713.0, 2247.0, 2608.0, 3051.0, 3158.0, 9.04, 4.42, 0.94, 0.07, -0.03, -0.11
2715.0, 2253.0, 2610.0, 3050.0, 3155.0, 8.85, 4.53, 0.82, 0.06, 0.02, -0.09
2712.0, 2249.0, 2608.0, 2992.0, 3159.0, 9.06, 4.51, 1.02, 0.04, -0.02, -0.06
2733.0, 2245.0, 2619.0, 3053.0, 3134.0, 8.94, 4.41, 1.03, 0.05, -0.04, -0.04
2720.0, 2253.0, 2609.0, 3050.0, 3155.0, 8.97, 4.62, 1.09, 0.07, -0.06, -0.04
2708.0, 2257.0, 2608.0, 3024.0, 3138.0, 8.95, 4.46, 0.86, 0.09, -0.04, -0.02
