2823.0, 2810.0, 3657.0, 3354.0, 3040.0, -5.38, 7.57, 2.4, 0.02, -0.01, -0.0
2822.0, 2807.0, 3649.0, 3357.0, 3039.0, -5.42, 7.49, 2.34, 0.02, -0.01, -0.02
2835.0, 2811.0, 3652.0, 3356.0, 3041.0, -5.32, 7.48, 2.38, 0.01, 0.0, -0.01
2823.0, 2807.0, 3657.0, 3357.0, 3041.0, -5.4, 7.61, 2.41, 0.03, -0.01, -0.01
2826.0, 2810.0, 3654.0, 3364.0, 3043.0, -5.32, 7.51, 2.28, 0.01, -0.04, -0.0
2821.0, 2807.0, 3653.0, 3358.0, 3041.0, -5.44, 7.47, 2.26, 0.01, -0.01, -0.01
2829.0, 2810.0, 3652.0, 3352.0, 3042.0, -5.44, 7.58, 2.4, 0.0, -0.03, -0.0
2816.0, 2800.0, 3621.0, 3351.0, 3055.0, -5.43, 7.47, 2.36, 0.03, -0.03, -0.01
2827.0, 2812.0, 3653.0, 3360.0, 3040.0, -5.34, 7.47, 2.21, 0.03, -0.04, 0.0
2825.0, 2809.0, 3653.0, 3360.0, 3041.0, -5.47, 7.55, 2.31, 0.02, -0.02, -0.01
2826.0, 2809.0, 3655.0, 3355.0, 3039.0, -5.34, 7.48, 2.37, 0.03, -0.05, -0.0
2822.0, 2811.0, 3651.0, 3356.0, 3040.0, -5.32, 7.62, 2.27, 0.02, -0.02, -0.01
2822.0, 2810.0, 3651.0, 3353.0, 3041.0, -5.43, 7.58, 2.35, 0.02, -0.06, 0.0
2822.0, 2807.0, 3654.0, 3350.0, 3043.0, -5.3, 7.5, 2.32, 0.01, -0.05, 0.01
2823.0, 2811.0, 3654.0, 3342.0, 3037.0, -5.47, 7.6, 2.28, 0.01, -0.02, -0.01
2821.0, 2810.0, 3653.0, 3350.0, 3040.0, -5.4, 7.55, 2.36, 0.01, -0.05, 0.0
2825.0, 2809.0, 3652.0, 3351.0, 3041.0, -5.26, 7.53, 2.35, 0.01, -0.05, 0.0
2823.0, 2811.0, 3663.0, 3347.0, 3040.0, -5.38, 7.55, 2.34, 0.03, -0.06, -0.0
2825.0, 2811.0, 3651.0, 3351.0, 3041.0, -5.33, 7.58, 2.29, 0.01, -0.04, -0.01
2823.0, 2809.0, 3649.0, 3353.0, 3039.0, -5.35, 7.56, 2.26, 0.02, -0.02, -0.01
2826.0, 2809.0, 3655.0, 3351.0, 3039.0, -5.29, 7.59, 2.31, 0.0, -0.02, -0.0
2823.0, 2810.0, 3653.0, 3346.0, 3043.0, -5.34, 7.63, 2.43, 0.01, -0.03, 0.0
2826.0, 2811.0, 3653.0, 3351.0, 3046.0, -5.39, 7.57, 2.42, -0.03, -0.05, -0.0
2821.0, 2806.0, 3652.0, 3357.0, 3041.0, -5.46, 7.64, 2.45, -0.05, -0.09, 0.01
2824.0, 2811.0, 3653.0, 3350.0, 3042.0, -6.63, 8.46, 3.16, -0.25, -0.22, 0.05
2823.0, 2811.0, 3649.0, 3346.0, 3041.0, -5.81, 7.82, 3.66, 0.01, -0.26, 0.3
2825.0, 2810.0, 3655.0, 3352.0, 3041.0, -7.4, 9.79, 4.32, -0.85, -0.41, 0.69
2822.0, 2811.0, 3651.0, 3353.0, 3039.0, -5.81, 8.61, 4.69, 0.13, -0.48, 0.99
2822.0, 2816.0, 3657.0, 3358.0, 3041.0, -4.11, 7.98, 4.24, 0.98, -0.48, 1.77
2818.0, 2815.0, 3648.0, 3347.0, 3027.0, -7.36, 15.27, 5.5, -0.09, -3.63, 3.2
2796.0, 2826.0, 3637.0, 3344.0, 2998.0, -1.3, 8.77, 4.94, 0.05, -4.28, 3.23
2745.0, 2797.0, 3629.0, 3341.0, 2905.0, 1.5, 7.69, 1.14, -0.81, -4.24, 4.08
2706.0, 2762.0, 3642.0, 3367.0, 2842.0, 5.08, 3.58, -0.47, -3.45, -4.37, 3.57
2679.0, 2750.0, 3635.0, 3387.0, 2803.0, 5.77, 2.79, -1.57, -3.61, -4.37, 3.11
2672.0, 2752.0, 3664.0, 3418.0, 2800.0, 7.91, 0.91, -4.17, -1.37, -3.29, 1.55
2670.0, 2750.0, 3658.0, 3424.0, 2802.0, 8.02, 2.33, -1.59, -1.04, -0.98, -0.09
2669.0, 2750.0, 3653.0, 3421.0, 2807.0, 7.89, 5.61, -0.19, 0.06, -0.97, -0.04
2669.0, 2749.0, 3658.0, 3445.0, 2811.0, 8.68, 2.85, -1.58, 0.43, -0.51, -0.11
2666.0, 2747.0, 3661.0, 3415.0, 2810.0, 9.52, 2.57, -2.52, 0.2, -0.18, -0.22
2668.0, 2746.0, 3649.0, 3411.0, 2807.0, 9.46, 2.88, -2.0, 0.26, -0.15, -0.23
2669.0, 2748.0, 3648.0, 3413.0, 2810.0, 9.5, 3.28, -2.66, 0.1, 0.08, -0.21
2664.0, 2739.0, 3646.0, 3412.0, 2807.0, 9.31, 3.89, -2.44, 0.05, 0.08, -0.06
2666.0, 2745.0, 3650.0, 3413.0, 2802.0, 9.33, 3.27, -2.21, -0.04, -0.01, 0.01
2663.0, 2742.0, 3648.0, 3411.0, 2806.0, 9.35, 3.68, -2.04, 0.08, 0.04, -0.03
2663.0, 2740.0, 3648.0, 3409.0, 2806.0, 9.44, 3.17, -2.19, -0.1, -0.14, 0.1
2663.0, 2742.0, 3647.0, 3413.0, 2806.0, 9.15, 3.31, -2.06, 0.1, -0.01, -0.14
2666.0, 2743.0, 3647.0, 3411.0, 2809.0, 9.35, 3.33, -2.42, 0.01, -0.05, -0.03
2665.0, 2739.0, 3647.0, 3415.0, 2807.0, 9.09, 3.51, -2.21, 0.04, -0.03, -0.02
2665.0, 2745.0, 3642.0, 3414.0, 2806.0, 9.25, 3.42, -2.3, 0.05, -0.04, 0.0
2665.0, 2738.0, 3644.0, 3412.0, 2805.0, 9.26, 3.24, -2.34, 0.11, -0.01, 0.01
