3344.0, 3440.0, 3984.0, 3993.0, 3602.0, -6.1, -1.53, 6.91, -0.01, -0.03, -0.01
3357.0, 3440.0, 3974.0, 3995.0, 3600.0, -6.33, -1.67, 7.18, -0.08, -0.03, -0.0
3355.0, 3440.0, 3969.0, 3995.0, 3600.0, -6.27, -1.45, 7.04, -0.04, -0.07, -0.03
3351.0, 3440.0, 3973.0, 3989.0, 3596.0, -6.16, -1.64, 7.0, -0.05, -0.07, 0.0
3351.0, 3440.0, 3968.0, 3987.0, 3583.0, -6.2, -1.58, 7.18, 0.01, -0.05, -0.06
3349.0, 3417.0, 3971.0, 3991.0, 3583.0, -6.13, -1.57, 6.83, 0.0, -0.05, -0.01
3350.0, 3443.0, 3969.0, 3990.0, 3583.0, -6.13, -1.64, 7.1, -0.01, -0.05, -0.02
3353.0, 3440.0, 3967.0, 3989.0, 3583.0, -6.19, -1.58, 7.14, -0.02, -0.04, -0.04
3354.0, 3441.0, 3967.0, 3991.0, 3583.0, -6.22, -1.51, 7.13, 0.03, -0.07, -0.03
3353.0, 3440.0, 3967.0, 3984.0, 3605.0, -6.15, -1.69, 6.98, 0.01, -0.06, -0.01
3328.0, 3441.0, 3968.0, 3987.0, 3583.0, -6.04, -1.64, 6.98, 0.08, -0.07, -0.02
3346.0, 3441.0, 3968.0, 3984.0, 3583.0, -6.1, -1.74, 7.01, 0.05, -0.03, -0.03
3355.0, 3443.0, 3968.0, 3984.0, 3582.0, -6.2, -1.62, 7.06, 0.04, -0.04, -0.02
3354.0, 3441.0, 3968.0, 3984.0, 3578.0, -6.08, -1.64, 7.0, 0.02, -0.03, -0.03
3353.0, 3440.0, 3967.0, 3983.0, 3583.0, -6.04, -1.51, 7.03, -0.0, -0.06, -0.02
3347.0, 3440.0, 3964.0, 3969.0, 3581.0, -6.17, -1.52, 7.13, 0.02, -0.04, -0.01
3357.0, 3439.0, 3964.0, 3985.0, 3581.0, -6.05, -1.6, 6.92, 0.05, -0.02, -0.03
3355.0, 3439.0, 3958.0, 3987.0, 3575.0, -6.12, -1.7, 6.97, -0.01, -0.05, -0.01
3363.0, 3443.0, 3968.0, 3987.0, 3583.0, -6.14, -1.68, 7.08, -0.04, -0.04, -0.03
3365.0, 3446.0, 3968.0, 3984.0, 3583.0, -6.1, -1.67, 7.1, -0.06, -0.06, -0.05
3365.0, 3442.0, 3971.0, 3984.0, 3583.0, -6.04, -1.75, 7.15, -0.04, -0.05, -0.07
3365.0, 3443.0, 3969.0, 3985.0, 3579.0, -6.1, -1.67, 7.04, -0.02, -0.03, -0.07
3359.0, 3444.0, 3971.0, 3983.0, 3579.0, -6.07, -1.76, 7.13, -0.03, -0.07, -0.05
3361.0, 3453.0, 3963.0, 3984.0, 3579.0, -6.15, -1.75, 7.11, -0.02, -0.06, -0.01
3350.0, 3440.0, 3966.0, 3973.0, 3570.0, -6.0, -1.79, 7.08, -0.01, -0.05, -0.03
3366.0, 3446.0, 3972.0, 3982.0, 3582.0, -6.28, -2.03, 7.15, -0.05, -0.07, 0.02
3363.0, 3446.0, 3962.0, 3978.0, 3581.0, -6.0, -1.86, 7.1, 0.03, -0.05, -0.01
3365.0, 3447.0, 3963.0, 3982.0, 3581.0, -6.05, -1.88, 7.19, 0.05, -0.06, -0.01
3365.0, 3451.0, 3967.0, 3981.0, 3580.0, -5.86, -1.94, 7.11, 0.0, -0.11, 0.0
3367.0, 3444.0, 3959.0, 3983.0, 3578.0, -6.0, -1.85, 6.94, 0.09, -0.07, -0.05
3370.0, 3443.0, 3957.0, 3984.0, 3579.0, -5.98, -1.84, 6.93, 0.05, -0.05, -0.02
3371.0, 3446.0, 3968.0, 3984.0, 3578.0, -6.01, -1.91, 7.0, -0.0, -0.01, -0.04
3373.0, 3445.0, 3959.0, 3983.0, 3582.0, -6.04, -1.75, 7.25, -0.01, 0.0, -0.03
3360.0, 3440.0, 3957.0, 3974.0, 3568.0, -5.93, -1.76, 7.34, 0.0, 0.01, -0.02
3359.0, 3440.0, 3957.0, 3969.0, 3568.0, -5.94, -1.9, 7.3, -0.02, -0.03, 0.0
3365.0, 3443.0, 3958.0, 3983.0, 3575.0, -5.93, -1.89, 7.36, -0.0, -0.04, -0.09
3370.0, 3443.0, 3969.0, 3982.0, 3575.0, -6.07, -1.72, 7.03, -0.01, -0.06, -0.08
3367.0, 3445.0, 3961.0, 3977.0, 3573.0, -6.01, -1.85, 6.96, 0.04, -0.07, -0.04
3393.0, 3441.0, 3959.0, 3984.0, 3575.0, -5.91, -1.89, 6.78, 0.06, -0.01, -0.01
3370.0, 3441.0, 3959.0, 3975.0, 3577.0, -5.98, -1.98, 7.07, 0.08, 0.02, -0.04
3367.0, 3440.0, 3957.0, 3982.0, 3570.0, -6.03, -1.81, 7.37, 0.06, 0.03, 0.01
3371.0, 3440.0, 3961.0, 3979.0, 3571.0, -5.73, -2.11, 7.43, -0.04, -0.03, 0.01
3374.0, 3440.0, 3954.0, 3978.0, 3569.0, -5.96, -2.04, 7.38, 0.01, -0.06, -0.03
3376.0, 3440.0, 3957.0, 3979.0, 3571.0, -6.07, -1.84, 7.11, 0.05, -0.06, -0.07
3373.0, 3438.0, 3953.0, 3978.0, 3571.0, -6.02, -1.71, 6.92, 0.02, -0.07, -0.02
3374.0, 3440.0, 3957.0, 3979.0, 3568.0, -6.03, -1.77, 6.86, 0.05, -0.05, -0.04
3374.0, 3415.0, 3955.0, 3975.0, 3567.0, -5.9, -1.92, 7.02, 0.04, -0.03, -0.02
3362.0, 3440.0, 3954.0, 3979.0, 3573.0, -5.79, -2.13, 7.33, 0.01, -0.04, -0.03
3375.0, 3440.0, 3958.0, 3975.0, 3568.0, -5.98, -2.03, 7.39, -0.01, -0.06, -0.1
3374.0, 3462.0, 3959.0, 3977.0, 3567.0, -6.21, -1.91, 7.32, -0.09, -0.09, -0.01
