3582.0, 3194.0, 3822.0, 3446.0, 3429.0, 0.95, 9.8, 3.17, 0.93, 0.82, 3.48
3617.0, 3208.0, 3851.0, 3455.0, 3435.0, 2.47, 3.15, 5.26, 1.18, 1.94, 4.18
3583.0, 3200.0, 3819.0, 3441.0, 3423.0, 4.5, -3.4, 10.16, 1.12, 2.49, 3.08
3583.0, 3200.0, 3825.0, 3444.0, 3421.0, 6.64, -11.39, 17.74, -0.86, -0.08, 0.1
3583.0, 3201.0, 3819.0, 3441.0, 3417.0, 4.88, -6.86, 11.61, 0.03, -2.48, -3.24
3583.0, 3218.0, 3823.0, 3442.0, 3423.0, 0.52, 3.44, 6.22, -0.27, -2.14, -4.37
3581.0, 3197.0, 3824.0, 3451.0, 3429.0, -3.94, 15.68, 3.06, -0.95, -1.18, -2.55
3579.0, 3190.0, 3825.0, 3443.0, 3433.0, -2.13, 15.65, 1.8, -0.19, 0.92, 1.65
3580.0, 3189.0, 3821.0, 3447.0, 3421.0, -0.85, 7.69, 5.0, -0.15, 2.35, 3.68
3583.0, 3198.0, 3818.0, 3445.0, 3415.0, 4.63, -2.68, 12.42, 1.47, 3.76, 3.13
3581.0, 3201.0, 3815.0, 3443.0, 3413.0, 9.02, -10.03, 17.53, -0.54, 0.13, 0.52
3583.0, 3199.0, 3811.0, 3441.0, 3408.0, 5.96, -7.54, 12.81, 0.31, -1.81, -3.33
3601.0, 3201.0, 3815.0, 3451.0, 3407.0, -0.84, 5.53, 8.81, -0.68, -2.64, -4.37
3575.0, 3188.0, 3873.0, 3467.0, 3411.0, -4.11, 15.92, 7.46, 0.14, -1.95, -2.84
3578.0, 3189.0, 3830.0, 3449.0, 3422.0, -2.23, 17.78, 2.99, 0.59, -1.05, 0.93
3580.0, 3193.0, 3824.0, 3441.0, 3422.0, 0.35, 10.64, 2.07, 0.9, 0.92, 3.33
3581.0, 3188.0, 3821.0, 3445.0, 3408.0, 2.46, 3.34, 5.17, 1.17, 2.1, 3.93
3581.0, 3194.0, 3817.0, 3443.0, 3406.0, 4.16, -1.87, 9.52, 0.63, 2.47, 3.05
3583.0, 3198.0, 3928.0, 3494.0, 3401.0, 7.04, -9.09, 17.31, -0.53, 0.37, 0.06
3581.0, 3203.0, 3818.0, 3440.0, 3398.0, 4.7, -4.45, 13.45, -0.3, -2.41, -3.2
3583.0, 3194.0, 3816.0, 3444.0, 3405.0, 1.01, 6.38, 5.51, -0.14, -2.67, -3.99
3575.0, 3190.0, 3900.0, 3477.0, 3412.0, -2.63, 14.75, 3.16, -0.63, -0.97, -1.9
3565.0, 3202.0, 3833.0, 3445.0, 3409.0, -0.86, 15.02, 1.38, -0.08, 0.6, 1.53
3570.0, 3191.0, 3831.0, 3446.0, 3409.0, -0.1, 8.48, 3.02, -0.03, 1.96, 3.32
3577.0, 3185.0, 3824.0, 3440.0, 3403.0, 2.49, 1.47, 7.9, 0.64, 3.34, 3.52
3577.0, 3191.0, 3843.0, 3452.0, 3401.0, 4.04, -3.81, 13.16, -0.22, 2.19, 2.34
3577.0, 3191.0, 3857.0, 3485.0, 3397.0, 7.3, -9.32, 16.41, -0.0, 0.42, -0.75
3573.0, 3193.0, 3862.0, 3459.0, 3392.0, 3.94, -4.97, 13.56, -0.03, -1.69, -3.95
3569.0, 3187.0, 3905.0, 3472.0, 3388.0, -2.35, 6.0, 8.91, 0.41, -2.89, -4.37
3568.0, 3185.0, 3824.0, 3445.0, 3402.0, -4.67, 14.59, 5.02, 0.19, -1.95, -2.95
3568.0, 3184.0, 3831.0, 3446.0, 3409.0, -3.65, 18.16, 1.83, 0.14, -0.26, 1.09
3568.0, 3185.0, 3824.0, 3443.0, 3408.0, -0.33, 10.12, 3.77, 0.53, 1.84, 3.74
3566.0, 3184.0, 3817.0, 3444.0, 3399.0, 1.8, 3.55, 7.8, 0.98, 2.5, 4.37
3567.0, 3184.0, 3847.0, 3454.0, 3392.0, 3.87, -1.63, 13.61, 0.07, 1.47, 3.25
3569.0, 3189.0, 3843.0, 3457.0, 3393.0, 8.37, -7.39, 14.38, -0.09, -0.74, 0.77
3571.0, 3191.0, 3812.0, 3441.0, 3392.0, 6.05, -6.09, 11.08, -0.07, -2.43, -2.34
3568.0, 3214.0, 3811.0, 3439.0, 3389.0, 0.59, 1.6, 7.45, 0.1, -2.13, -4.29
3567.0, 3184.0, 3826.0, 3447.0, 3392.0, -2.75, 10.41, 3.99, -0.4, -1.89, -3.21
3563.0, 3184.0, 3825.0, 3445.0, 3394.0, -4.07, 15.91, 1.77, -0.94, 0.02, -0.15
3563.0, 3184.0, 3849.0, 3456.0, 3398.0, -2.02, 10.7, 1.94, -0.81, 2.19, 3.06
3568.0, 3184.0, 3842.0, 3446.0, 3387.0, -0.37, 2.97, 8.08, 0.05, 3.62, 4.26
3567.0, 3187.0, 3885.0, 3469.0, 3387.0, 2.96, -3.86, 14.12, -0.81, 2.86, 3.08
3573.0, 3187.0, 3813.0, 3439.0, 3386.0, 6.42, -6.75, 14.62, -0.73, 0.87, 0.9
3569.0, 3195.0, 3815.0, 3439.0, 3386.0, 6.49, -9.02, 14.93, 0.08, -0.08, -2.22
3573.0, 3192.0, 3811.0, 3439.0, 3379.0, 1.19, -2.82, 13.09, 0.51, -2.33, -4.37
3583.0, 3216.0, 3823.0, 3441.0, 3389.0, -6.06, 10.97, 8.27, 1.29, -2.03, -3.99
3583.0, 3197.0, 3822.0, 3441.0, 3390.0, -6.31, 18.21, 5.35, 0.53, -1.76, -0.05
3583.0, 3196.0, 3821.0, 3440.0, 3390.0, -0.71, 10.68, 3.82, 0.45, 0.11, 3.0
3598.0, 3200.0, 3819.0, 3441.0, 3383.0, 1.14, 5.36, 4.95, -0.02, 0.73, 3.77
3603.0, 3211.0, 3836.0, 3453.0, 3393.0, 5.55, -3.57, 7.66, 0.23, 1.31, 3.37
