3405.0, 3086.0, 3621.0, 3500.0, 2959.0, 1.79, 6.24, 6.98, -0.0, -0.98, -0.77
3411.0, 3090.0, 3631.0, 3514.0, 2971.0, 1.17, 7.29, 5.14, 0.43, -0.96, -0.68
3411.0, 3097.0, 3626.0, 3509.0, 2972.0, 1.55, 8.51, 3.86, 0.38, -0.61, -0.36
3410.0, 3095.0, 3629.0, 3507.0, 2971.0, 1.88, 8.93, 5.3, -0.2, 0.47, -0.06
3408.0, 3088.0, 3622.0, 3504.0, 2970.0, 1.54, 7.39, 7.69, -0.22, 0.58, 0.26
3408.0, 3094.0, 3629.0, 3505.0, 2970.0, 1.93, 6.32, 6.85, 0.53, -0.03, 0.21
3408.0, 3093.0, 3627.0, 3507.0, 2969.0, 2.22, 6.98, 4.59, 0.48, -0.53, -0.25
3408.0, 3097.0, 3623.0, 3505.0, 2970.0, 1.93, 8.53, 4.51, 0.1, 0.13, -0.35
3409.0, 3094.0, 3625.0, 3505.0, 2968.0, 0.66, 8.48, 7.21, -0.36, 0.63, 0.02
3409.0, 3097.0, 3627.0, 3504.0, 2970.0, 1.26, 7.39, 7.59, 0.1, 0.32, 0.3
3410.0, 3097.0, 3623.0, 3506.0, 2969.0, 1.48, 6.59, 6.05, 0.46, -0.37, 0.11
3408.0, 3094.0, 3623.0, 3504.0, 2969.0, 1.62, 7.46, 4.44, 0.47, -0.62, -0.18
3408.0, 3094.0, 3626.0, 3504.0, 2970.0, 1.12, 8.53, 5.33, 0.0, -0.0, -0.16
3408.0, 3097.0, 3625.0, 3504.0, 2970.0, 1.28, 7.59, 7.48, -0.37, 0.41, 0.13
3408.0, 3093.0, 3623.0, 3504.0, 2967.0, 1.78, 6.93, 7.16, -0.04, -0.26, -0.03
3408.0, 3093.0, 3626.0, 3504.0, 2970.0, 1.73, 7.05, 5.04, 0.3, -1.0, -0.3
3408.0, 3105.0, 3626.0, 3504.0, 2971.0, 1.41, 8.16, 4.27, 0.33, -0.67, -0.51
3410.0, 3094.0, 3623.0, 3505.0, 2970.0, 1.32, 9.46, 4.86, -0.42, -0.09, -0.31
3398.0, 3086.0, 3607.0, 3501.0, 2960.0, 1.83, 8.68, 6.47, -0.29, 0.47, 0.25
3402.0, 3087.0, 3613.0, 3503.0, 2960.0, 1.87, 8.27, 5.8, 0.08, -0.33, 0.22
3403.0, 3085.0, 3620.0, 3518.0, 2963.0, 1.77, 8.49, 3.76, 0.71, -0.51, 0.27
3429.0, 3088.0, 3643.0, 3548.0, 2991.0, 0.9, 9.47, 3.83, 0.28, -0.02, 0.3
3440.0, 3089.0, 3645.0, 3556.0, 2994.0, 2.05, 9.27, 4.38, -0.08, 0.85, 0.87
3463.0, 3093.0, 3649.0, 3557.0, 3006.0, 2.61, 7.81, 4.74, -0.23, 1.14, 1.28
3481.0, 3099.0, 3654.0, 3500.0, 3011.0, 2.41, 6.24, 5.95, 0.15, 1.0, 1.11
3486.0, 3102.0, 3652.0, 3569.0, 3022.0, 1.79, 5.99, 7.43, 0.42, 0.56, 0.64
3493.0, 3109.0, 3657.0, 3580.0, 3026.0, 1.34, 5.87, 9.34, 0.22, 0.01, 0.24
3489.0, 3109.0, 3664.0, 3583.0, 3053.0, 2.59, 4.76, 10.03, -0.42, -0.33, 0.01
3490.0, 3109.0, 3665.0, 3615.0, 3071.0, 3.18, 4.56, 9.15, -1.05, -1.25, -0.88
3487.0, 3107.0, 3671.0, 3635.0, 3109.0, 1.7, 6.23, 6.63, -0.66, -1.87, -1.58
3479.0, 3118.0, 3691.0, 3654.0, 3184.0, 1.02, 7.72, 3.96, -0.31, -1.91, -1.91
3489.0, 3104.0, 3688.0, 3660.0, 3199.0, 1.69, 10.06, 1.72, -0.12, -1.04, -1.54
3485.0, 3105.0, 3679.0, 3647.0, 3189.0, 2.73, 11.27, 1.39, -0.2, 0.22, -0.53
3482.0, 3105.0, 3673.0, 3645.0, 3184.0, 1.99, 10.12, 2.89, 0.12, 1.12, 0.39
3467.0, 3116.0, 3650.0, 3633.0, 3175.0, 0.75, 9.25, 4.11, 0.48, 1.34, 0.81
3474.0, 3105.0, 3669.0, 3636.0, 3173.0, 0.74, 9.47, 4.63, 0.19, 1.63, 1.06
3472.0, 3101.0, 3664.0, 3632.0, 3166.0, 0.33, 8.46, 6.52, -0.24, 2.04, 1.6
3472.0, 3103.0, 3664.0, 3627.0, 3163.0, 0.29, 4.19, 8.61, 0.23, 2.48, 1.63
3463.0, 3098.0, 3657.0, 3628.0, 3154.0, -0.06, 3.25, 10.97, 0.19, 1.01, 0.32
3462.0, 3097.0, 3653.0, 3622.0, 3152.0, 0.29, 4.72, 9.5, 0.2, -0.56, -0.62
3461.0, 3097.0, 3655.0, 3621.0, 3145.0, -0.32, 5.12, 9.9, -0.3, -0.88, -1.15
3462.0, 3094.0, 3657.0, 3618.0, 3136.0, -0.52, 5.51, 9.05, -0.1, -1.57, -1.61
3460.0, 3095.0, 3652.0, 3617.0, 3126.0, -1.11, 6.31, 6.44, 0.34, -2.35, -2.14
3459.0, 3095.0, 3652.0, 3613.0, 3139.0, -1.65, 8.56, 4.08, 0.37, -2.55, -2.36
3459.0, 3097.0, 3658.0, 3610.0, 3142.0, -0.43, 11.8, 2.55, 0.01, -1.59, -1.79
3458.0, 3100.0, 3657.0, 3636.0, 3135.0, 0.03, 12.05, 3.2, -0.19, -0.29, -0.44
3458.0, 3095.0, 3654.0, 3611.0, 3135.0, 0.07, 10.17, 2.74, 0.13, -0.05, 0.46
3459.0, 3101.0, 3662.0, 3609.0, 3133.0, -0.05, 9.13, 1.95, 0.58, 0.46, 0.78
3454.0, 3099.0, 3655.0, 3609.0, 3130.0, 0.4, 9.83, 1.51, 0.52, 1.19, 0.98
3457.0, 3097.0, 3651.0, 3606.0, 3133.0, -1.15, 10.85, 4.84, -0.29, 2.19, 1.49
3459.0, 3098.0, 3654.0, 3606.0, 3130.0, -1.49, 8.97, 6.78, -0.27, 2.28, 2.24
3456.0, 3098.0, 3652.0, 3600.0, 3123.0, -1.45, 5.23, 9.25, 0.13, 1.98, 2.18
3455.0, 3095.0, 3655.0, 3600.0, 3117.0, -0.07, 3.62, 11.21, 0.54, 0.74, 1.29
3456.0, 3097.0, 3649.0, 3598.0, 3111.0, 0.67, 4.26, 9.8, 0.11, -0.81, 0.07
3454.0, 3095.0, 3657.0, 3598.0, 3107.0, 0.7, 5.02, 9.02, -0.31, -1.32, -0.61
3459.0, 3094.0, 3640.0, 3583.0, 3108.0, 1.33, 6.26, 7.9, -0.5, -1.88, -1.2
3456.0, 3094.0, 3647.0, 3582.0, 3107.0, 0.06, 8.18, 6.17, -0.05, -2.77, -1.62
3455.0, 3098.0, 3646.0, 3583.0, 3119.0, -0.18, 9.78, 2.96, 0.23, -3.09, -1.52
3453.0, 3100.0, 3649.0, 3583.0, 3104.0, 1.28, 11.66, 0.63, 0.51, -2.15, -0.81
3454.0, 3103.0, 3647.0, 3583.0, 3104.0, 2.38, 12.05, -0.39, -0.01, -0.76, 0.06
3455.0, 3104.0, 3646.0, 3583.0, 3105.0, 2.6, 11.25, -0.28, 0.63, 0.29, 1.14
3455.0, 3102.0, 3645.0, 3583.0, 3103.0, 3.1, 9.92, -1.01, 1.03, 1.12, 1.59
3453.0, 3103.0, 3648.0, 3577.0, 3104.0, 2.25, 9.86, 1.09, 0.98, 2.35, 1.75
3451.0, 3101.0, 3646.0, 3583.0, 3103.0, 1.72, 8.66, 3.84, 0.66, 2.71, 1.96
3449.0, 3102.0, 3645.0, 3583.0, 3102.0, 2.18, 5.55, 7.13, 0.33, 2.7, 1.83
