3120.0, 3159.0, 3467.0, 3387.0, 2887.0, 0.64, 2.26, 9.38, 0.02, -0.04, -0.02
3136.0, 3159.0, 3469.0, 3386.0, 2885.0, 0.76, 2.34, 9.33, 0.02, -0.04, -0.01
3122.0, 3158.0, 3471.0, 3387.0, 2884.0, 0.63, 2.4, 9.45, 0.01, -0.03, -0.02
3123.0, 3158.0, 3467.0, 3383.0, 2884.0, 0.71, 2.35, 9.41, 0.0, -0.03, -0.01
3127.0, 3158.0, 3467.0, 3386.0, 2889.0, 0.76, 2.32, 9.5, 0.02, -0.04, -0.02
3136.0, 3157.0, 3457.0, 3383.0, 2880.0, 0.76, 2.36, 9.48, 0.04, -0.05, -0.03
3125.0, 3159.0, 3470.0, 3386.0, 2886.0, 0.68, 2.39, 9.35, 0.01, -0.02, -0.04
3125.0, 3161.0, 3468.0, 3380.0, 2883.0, 1.16, 2.42, 9.76, 0.11, 0.25, -0.1
3123.0, 3163.0, 3469.0, 3354.0, 2880.0, 1.35, 2.27, 11.79, 1.39, 0.64, -0.87
3108.0, 3177.0, 3447.0, 3280.0, 2864.0, -4.07, 7.83, 13.06, 2.85, -0.92, -0.31
3120.0, 3297.0, 3529.0, 3259.0, 2853.0, -1.71, 6.68, 10.18, 3.48, -2.53, 1.98
3131.0, 3408.0, 3611.0, 3264.0, 2848.0, 0.14, 9.27, 6.67, 4.37, -2.18, 3.02
3117.0, 3441.0, 3632.0, 3282.0, 2849.0, 3.16, 8.35, 4.19, 3.44, -1.12, 3.69
3071.0, 3503.0, 3651.0, 3307.0, 2849.0, 5.22, 5.87, 3.09, 2.8, -0.72, 3.69
3056.0, 3526.0, 3662.0, 3335.0, 2846.0, 6.58, 3.44, 1.65, 2.5, -0.45, 3.05
3043.0, 3568.0, 3683.0, 3401.0, 2854.0, 7.66, 2.23, 1.14, 2.48, -0.37, 2.33
3038.0, 3576.0, 3696.0, 3436.0, 2855.0, 8.19, 0.51, 0.43, 2.2, -0.28, 1.69
3031.0, 3606.0, 3720.0, 3490.0, 2860.0, 8.63, -1.91, 0.1, 1.75, -0.37, 1.28
3026.0, 3600.0, 3733.0, 3526.0, 2863.0, 9.51, -3.29, -0.52, 1.02, -0.42, 0.9
3025.0, 3583.0, 3734.0, 3527.0, 2856.0, 10.06, -0.87, -0.62, 0.13, 0.06, -0.11
3022.0, 3577.0, 3733.0, 3520.0, 2855.0, 10.07, 0.71, -0.97, -0.2, 0.07, -0.21
3022.0, 3570.0, 3726.0, 3509.0, 2855.0, 11.64, 1.59, 0.64, 0.07, 0.17, -0.01
3018.0, 3561.0, 3719.0, 3507.0, 2859.0, 10.13, 1.4, -1.39, 0.06, 0.08, -0.03
3018.0, 3555.0, 3719.0, 3509.0, 2854.0, 10.08, 1.29, -1.22, 0.02, -0.03, -0.02
3022.0, 3550.0, 3712.0, 3504.0, 2857.0, 9.88, 1.51, -1.31, 0.04, -0.0, 0.03
3014.0, 3546.0, 3712.0, 3501.0, 2855.0, 9.76, 1.26, -1.19, 0.07, 0.07, -0.04
3020.0, 3543.0, 3707.0, 3501.0, 2851.0, 10.07, 1.54, -1.14, 0.08, 0.03, 0.06
2991.0, 3539.0, 3710.0, 3501.0, 2857.0, 9.81, 1.26, -1.28, 0.14, -0.03, -0.01
3015.0, 3540.0, 3707.0, 3491.0, 2855.0, 10.01, 1.55, -1.04, 0.12, -0.06, -0.06
3013.0, 3537.0, 3709.0, 3490.0, 2858.0, 10.07, 1.43, -1.11, 0.17, -0.06, -0.02
3015.0, 3536.0, 3710.0, 3488.0, 2853.0, 10.12, 1.3, -1.24, 0.23, -0.08, -0.07
3015.0, 3557.0, 3705.0, 3489.0, 2853.0, 9.86, 1.07, -1.22, 0.13, -0.02, -0.01
3008.0, 3536.0, 3698.0, 3490.0, 2854.0, 9.94, 0.97, -1.28, 0.01, -0.06, 0.02
3011.0, 3534.0, 3704.0, 3495.0, 2853.0, 10.0, 1.19, -1.16, 0.01, 0.01, -0.03
3011.0, 3527.0, 3700.0, 3497.0, 2852.0, 9.87, 1.33, -1.03, -0.0, -0.06, -0.02
3013.0, 3527.0, 3705.0, 3485.0, 2854.0, 9.85, 1.48, -1.24, 0.13, -0.0, -0.05
3012.0, 3530.0, 3699.0, 3487.0, 2852.0, 9.88, 1.53, -1.33, 0.1, -0.03, -0.04
3009.0, 3523.0, 3698.0, 3489.0, 2851.0, 9.84, 1.11, -1.15, 0.08, 0.03, 0.01
3013.0, 3524.0, 3697.0, 3492.0, 2851.0, 10.0, 1.24, -1.03, 0.04, -0.0, -0.01
3013.0, 3527.0, 3632.0, 3490.0, 2853.0, 10.12, 1.22, -1.16, 0.03, -0.04, -0.03
3009.0, 3526.0, 3697.0, 3486.0, 2853.0, 10.05, 1.42, -1.1, 0.03, -0.03, -0.05
3013.0, 3525.0, 3699.0, 3488.0, 2852.0, 9.94, 1.51, -1.27, 0.1, -0.06, -0.03
