3141.0, 3153.0, 3260.0, 3184.0, 2862.0, 4.64, 2.21, 8.61, 0.03, -0.07, -0.03
3158.0, 3158.0, 3263.0, 3185.0, 2864.0, 4.51, 2.33, 8.61, 0.02, -0.15, -0.04
3152.0, 3162.0, 3205.0, 3181.0, 2858.0, 4.12, 3.15, 9.65, -0.16, 0.12, 0.05
3178.0, 3165.0, 3246.0, 3175.0, 2851.0, 3.77, 3.8, 11.97, 0.59, -0.08, 0.06
3207.0, 3180.0, 3241.0, 3170.0, 2858.0, 4.42, 5.38, 11.48, 1.99, -0.97, 0.5
3241.0, 3235.0, 3249.0, 3195.0, 2975.0, 4.16, 5.64, 8.87, 3.08, -1.71, 1.08
3270.0, 3318.0, 3261.0, 3265.0, 3152.0, 6.55, 3.16, 4.9, 3.09, -1.76, 0.85
3310.0, 3344.0, 3234.0, 3263.0, 3191.0, 5.95, 4.22, 4.64, 3.69, -1.22, -0.03
3426.0, 3329.0, 3241.0, 3247.0, 3168.0, 6.2, 7.06, 2.15, 3.19, -0.09, 0.03
3511.0, 3266.0, 3230.0, 3203.0, 3177.0, 6.32, 7.48, 0.3, 2.87, 0.4, 1.13
3535.0, 3202.0, 3226.0, 3183.0, 3193.0, 6.39, 6.75, 1.3, 2.02, 1.01, 1.54
3555.0, 3170.0, 3209.0, 3215.0, 3207.0, 8.25, 4.03, 1.04, 1.38, 0.21, 1.87
3565.0, 3152.0, 3200.0, 3209.0, 3219.0, 7.65, 3.63, 2.38, 1.46, 0.67, 1.51
3583.0, 3149.0, 3206.0, 3199.0, 3242.0, 9.32, 1.31, 1.96, 1.25, 0.06, 1.52
3610.0, 3155.0, 3209.0, 3189.0, 3243.0, 9.84, 0.96, 1.24, 0.84, 0.14, 0.86
3578.0, 3136.0, 3199.0, 3177.0, 3239.0, 10.13, 1.02, 0.56, 0.42, -0.19, 0.49
3578.0, 3131.0, 3193.0, 3152.0, 3235.0, 9.56, 0.78, 0.87, 0.33, 0.15, 0.03
3568.0, 3122.0, 3190.0, 3137.0, 3232.0, 9.75, 1.24, 0.66, 0.23, 0.5, 0.01
3565.0, 3121.0, 3201.0, 3131.0, 3225.0, 9.71, 1.9, 0.5, 0.08, 0.05, 0.22
3558.0, 3120.0, 3190.0, 3130.0, 3221.0, 9.53, 1.64, 0.8, 0.15, 0.14, 0.1
3559.0, 3117.0, 3187.0, 3126.0, 3216.0, 10.11, 1.63, 0.44, -0.02, 0.22, 0.19
3553.0, 3119.0, 3193.0, 3125.0, 3216.0, 9.88, 1.82, 0.5, 0.04, -0.05, 0.03
3551.0, 3120.0, 3186.0, 3122.0, 3211.0, 9.57, 1.98, 0.74, 0.04, 0.05, -0.12
3549.0, 3117.0, 3189.0, 3120.0, 3206.0, 9.68, 2.21, 0.57, 0.08, -0.03, -0.08
3555.0, 3118.0, 3187.0, 3118.0, 3202.0, 9.99, 2.64, 0.34, 0.15, -0.5, -0.03
3557.0, 3118.0, 3197.0, 3117.0, 3198.0, 9.69, 2.28, 0.68, 0.11, 0.0, -0.1
3555.0, 3118.0, 3185.0, 3117.0, 3195.0, 10.03, 2.22, 0.31, 0.09, -0.02, -0.02
3553.0, 3120.0, 3187.0, 3115.0, 3194.0, 9.82, 2.3, 0.37, 0.15, -0.13, -0.04
3552.0, 3119.0, 3185.0, 3115.0, 3191.0, 9.56, 2.43, 0.38, 0.16, -0.02, -0.06
3546.0, 3108.0, 3181.0, 3101.0, 3182.0, 9.98, 2.2, 0.2, 0.19, -0.06, -0.01
3546.0, 3110.0, 3179.0, 3099.0, 3179.0, 9.7, 2.08, 0.4, 0.16, -0.05, -0.04
3542.0, 3115.0, 3181.0, 3104.0, 3179.0, 9.83, 2.18, 0.33, 0.25, -0.15, -0.06
3551.0, 3120.0, 3181.0, 3104.0, 3175.0, 9.84, 2.55, 0.13, 0.16, -0.21, -0.08
3551.0, 3102.0, 3183.0, 3104.0, 3174.0, 9.68, 2.53, 0.11, 0.06, -0.05, -0.07
3551.0, 3120.0, 3182.0, 3104.0, 3175.0, 9.85, 2.34, 0.15, 0.04, 0.01, -0.08
3550.0, 3120.0, 3183.0, 3101.0, 3173.0, 9.76, 2.47, 0.11, 0.04, -0.08, -0.05
3547.0, 3121.0, 3183.0, 3103.0, 3173.0, 9.73, 2.49, 0.14, 0.07, 0.02, -0.09
3550.0, 3123.0, 3184.0, 3106.0, 3173.0, 9.85, 2.45, 0.09, 0.05, -0.05, -0.07
3550.0, 3123.0, 3183.0, 3107.0, 3166.0, 9.34, 2.46, 0.47, 0.19, -0.2, -0.05
3543.0, 3126.0, 3184.0, 3108.0, 3161.0, 9.99, 2.74, -0.26, 0.16, -0.15, 0.05
3547.0, 3130.0, 3186.0, 3108.0, 3163.0, 9.92, 2.62, -0.29, 0.05, -0.16, 0.03
3568.0, 3129.0, 3195.0, 3109.0, 3159.0, 9.67, 2.49, -0.02, 0.01, 0.03, -0.1
3555.0, 3130.0, 3197.0, 3105.0, 3155.0, 9.85, 2.58, -0.17, -0.01, -0.03, -0.07
3545.0, 3131.0, 3199.0, 3106.0, 3155.0, 9.62, 2.87, -0.04, -0.04, -0.08, -0.03
3548.0, 3133.0, 3198.0, 3105.0, 3159.0, 9.62, 2.7, -0.12, 0.01, -0.01, -0.07
3550.0, 3130.0, 3202.0, 3107.0, 3157.0, 9.69, 2.7, -0.25, -0.01, -0.01, -0.03
3550.0, 3131.0, 3200.0, 3104.0, 3152.0, 9.62, 2.6, -0.12, 0.02, -0.05, -0.05
3541.0, 3129.0, 3195.0, 3107.0, 3153.0, 9.71, 2.62, -0.09, -0.0, 0.03, -0.05
3545.0, 3128.0, 3196.0, 3106.0, 3154.0, 9.97, 2.82, -0.13, -0.01, 0.02, -0.0
3547.0, 3130.0, 3200.0, 3106.0, 3153.0, 9.84, 2.91, 0.24, 0.03, -0.07, -0.02
3562.0, 3131.0, 3199.0, 3105.0, 3150.0, 9.66, 2.74, -0.2, 0.04, -0.07, -0.01
