3184.0, 3691.0, 3776.0, 3724.0, 3232.0, 10.49, 1.96, -1.9, 0.02, -0.13, 0.01
3197.0, 3682.0, 3776.0, 3709.0, 3248.0, 9.88, 1.76, -1.72, 0.34, -0.12, -0.12
3193.0, 3694.0, 3779.0, 3734.0, 3248.0, 9.31, 1.8, -1.58, 0.4, -0.08, -0.25
3195.0, 3686.0, 3771.0, 3712.0, 3248.0, 9.49, 1.31, -1.16, 1.42, 0.53, -1.1
3197.0, 3694.0, 3781.0, 3711.0, 3248.0, 9.26, 3.51, -1.15, 3.16, 1.26, -2.14
3199.0, 3684.0, 3773.0, 3715.0, 3248.0, 9.27, 4.52, -3.17, 4.37, 2.55, -2.76
3197.0, 3687.0, 3777.0, 3707.0, 3249.0, 7.38, 7.67, -2.6, 3.97, 3.14, -1.8
3200.0, 3686.0, 3776.0, 3710.0, 3249.0, 7.44, 6.36, -1.75, 0.91, 2.45, 0.2
3196.0, 3692.0, 3782.0, 3703.0, 3249.0, 7.59, 4.07, 0.67, -1.67, 1.62, 0.62
3193.0, 3691.0, 3775.0, 3705.0, 3248.0, 7.27, 2.2, 3.58, -3.3, 0.11, 0.96
3190.0, 3690.0, 3774.0, 3698.0, 3245.0, 7.77, 1.32, 3.63, -4.37, -0.66, 0.88
3186.0, 3678.0, 3772.0, 3697.0, 3239.0, 13.44, -8.8, 2.43, -4.37, -1.14, 0.78
3182.0, 3682.0, 3770.0, 3696.0, 3242.0, 8.64, 0.84, 5.83, -2.41, -1.23, -0.76
3185.0, 3677.0, 3775.0, 3712.0, 3239.0, 8.67, 0.69, 5.15, -0.54, 0.01, -0.94
3187.0, 3677.0, 3775.0, 3703.0, 3237.0, 9.64, 0.34, 2.85, -0.4, -0.12, -1.24
3204.0, 3701.0, 3787.0, 3712.0, 3251.0, 9.15, 1.05, 2.44, -0.91, 0.26, -2.07
3195.0, 3677.0, 3775.0, 3718.0, 3240.0, 5.96, 5.84, 4.93, 1.8, 1.11, -3.67
3202.0, 3675.0, 3774.0, 3700.0, 3238.0, 6.24, 6.87, 3.62, 2.86, 0.88, -4.05
3209.0, 3674.0, 3771.0, 3698.0, 3233.0, 4.1, 11.3, 1.99, 4.37, 0.32, -3.8
3215.0, 3677.0, 3775.0, 3696.0, 3241.0, 4.07, 12.74, -1.86, 4.37, 0.55, -2.64
3211.0, 3681.0, 3765.0, 3696.0, 3236.0, 1.17, 19.36, -4.18, 0.91, -1.14, 1.62
3216.0, 3667.0, 3773.0, 3728.0, 3235.0, 4.58, 10.32, -5.83, 0.12, 0.13, 2.1
3212.0, 3681.0, 3772.0, 3696.0, 3235.0, 3.69, 10.41, -4.84, -1.45, -0.3, 4.37
3203.0, 3676.0, 3772.0, 3691.0, 3233.0, 3.0, 8.6, -3.12, -1.87, -0.57, 4.37
3201.0, 3681.0, 3770.0, 3690.0, 3235.0, 6.56, 2.15, -4.27, -3.19, -0.24, 4.37
3199.0, 3670.0, 3763.0, 3686.0, 3232.0, 6.37, -0.87, -3.41, -3.91, -0.51, 4.37
3191.0, 3680.0, 3767.0, 3693.0, 3231.0, 8.71, -3.3, -2.39, 0.18, 1.8, 1.25
3181.0, 3670.0, 3771.0, 3687.0, 3226.0, 9.22, -4.42, 1.78, -0.02, 0.85, 1.02
3184.0, 3676.0, 3774.0, 3684.0, 3230.0, 9.97, -4.1, 3.06, 1.93, 0.57, -1.18
3184.0, 3678.0, 3767.0, 3687.0, 3228.0, 8.42, -1.01, 2.71, 3.88, 0.34, -2.96
3189.0, 3676.0, 3766.0, 3680.0, 3227.0, 6.47, 3.54, 0.97, 4.09, -0.01, -2.86
3197.0, 3671.0, 3821.0, 3679.0, 3226.0, 5.83, 3.46, -2.36, 3.87, 0.95, -2.35
3196.0, 3676.0, 3770.0, 3683.0, 3227.0, 3.89, 8.21, -2.22, 1.75, 1.33, -0.89
3190.0, 3673.0, 3766.0, 3681.0, 3224.0, 5.78, 5.09, -1.12, -2.54, 0.0, 1.03
3191.0, 3669.0, 3761.0, 3676.0, 3222.0, 6.99, 2.75, 1.34, -4.37, 0.11, 2.57
3185.0, 3668.0, 3763.0, 3685.0, 3225.0, 10.41, -3.78, 3.11, -3.42, 0.26, 1.93
3194.0, 3677.0, 3764.0, 3710.0, 3223.0, 11.68, -6.71, 3.15, -1.77, 0.14, 0.02
3189.0, 3671.0, 3793.0, 3701.0, 3218.0, 10.59, -2.51, 5.68, -0.79, 1.03, -1.75
3187.0, 3672.0, 3770.0, 3712.0, 3218.0, 10.89, -2.04, 6.76, -0.5, 0.82, -2.74
3196.0, 3671.0, 3771.0, 3706.0, 3221.0, 9.27, 4.33, 7.27, 0.1, 0.15, -3.62
3203.0, 3667.0, 3764.0, 3704.0, 3219.0, 6.02, 9.89, 7.29, 1.76, -0.5, -4.37
3214.0, 3661.0, 3760.0, 3732.0, 3211.0, 5.37, 8.71, 2.0, 2.99, -0.65, -4.37
3224.0, 3667.0, 3763.0, 3699.0, 3220.0, 1.41, 17.84, -1.18, 1.16, -1.87, 0.05
3221.0, 3664.0, 3761.0, 3698.0, 3216.0, 3.46, 9.8, -1.79, 0.39, -1.57, 2.04
3217.0, 3668.0, 3761.0, 3681.0, 3216.0, 3.88, 12.55, -2.5, -0.42, -1.54, 4.35
3213.0, 3666.0, 3760.0, 3682.0, 3218.0, 8.72, 3.12, -2.21, -2.05, -1.76, 4.37
3205.0, 3665.0, 3775.0, 3697.0, 3217.0, 12.29, -1.13, -2.23, 1.12, -1.3, 1.22
3201.0, 3667.0, 3776.0, 3699.0, 3216.0, 9.94, -2.06, -3.04, 1.97, -1.36, 1.13
3201.0, 3666.0, 3767.0, 3699.0, 3216.0, 9.38, -2.25, -5.15, 1.67, -0.97, 0.4
3198.0, 3664.0, 3771.0, 3701.0, 3219.0, 8.62, -3.2, -4.12, 2.93, 0.81, -2.53
