3216.0, 3658.0, 3760.0, 3708.0, 3238.0, 10.09, 2.32, -2.05, -0.52, 0.04, 0.05
3216.0, 3662.0, 3757.0, 3704.0, 3232.0, 10.4, 2.67, -2.59, -0.3, 0.09, 0.05
3216.0, 3659.0, 3757.0, 3698.0, 3234.0, 10.49, 3.72, -2.31, 0.27, -0.08, 0.02
3216.0, 3651.0, 3757.0, 3697.0, 3233.0, 9.43, 3.69, -1.48, 0.86, -0.32, -0.02
3241.0, 3655.0, 3755.0, 3696.0, 3237.0, 8.61, 2.95, -1.5, 1.05, -0.22, -0.02
3216.0, 3663.0, 3760.0, 3699.0, 3230.0, 8.39, 1.81, -1.35, 1.04, 0.21, -0.19
3216.0, 3659.0, 3753.0, 3699.0, 3232.0, 8.74, 1.06, -0.62, 0.62, 0.67, -0.04
3203.0, 3685.0, 3766.0, 3706.0, 3250.0, 9.52, -0.01, 0.47, 0.01, 0.76, -0.13
3213.0, 3661.0, 3759.0, 3696.0, 3231.0, 10.06, 0.07, 0.6, -0.67, 0.59, -0.29
3216.0, 3653.0, 3756.0, 3696.0, 3231.0, 10.17, 0.6, 0.7, -1.19, 0.46, -0.55
3216.0, 3655.0, 3754.0, 3696.0, 3231.0, 10.4, 3.28, 2.49, -1.28, 0.29, -0.66
3216.0, 3659.0, 3756.0, 3686.0, 3231.0, 10.17, 5.68, 2.4, -0.85, -0.1, -0.56
3227.0, 3654.0, 3761.0, 3699.0, 3218.0, 9.24, 6.49, 0.96, -0.39, -0.21, -0.22
3219.0, 3652.0, 3757.0, 3696.0, 3229.0, 8.37, 4.85, 0.29, -0.04, -0.07, 0.07
3219.0, 3659.0, 3750.0, 3695.0, 3237.0, 7.1, 4.62, -1.32, 0.42, 0.39, -0.21
3217.0, 3654.0, 3760.0, 3696.0, 3227.0, 7.08, 5.58, -1.91, 0.92, 1.15, -0.15
3217.0, 3658.0, 3751.0, 3695.0, 3225.0, 9.43, 4.91, -0.61, 1.75, 1.46, -0.29
3216.0, 3652.0, 3755.0, 3692.0, 3227.0, 12.11, 4.91, 1.75, 2.13, 0.97, -0.09
3217.0, 3654.0, 3755.0, 3697.0, 3225.0, 13.2, 4.59, 4.1, 2.08, 0.09, 0.27
3217.0, 3653.0, 3747.0, 3696.0, 3216.0, 12.04, 3.9, 4.14, 1.6, -0.77, 0.59
3217.0, 3649.0, 3751.0, 3696.0, 3220.0, 10.28, 2.37, 3.43, 0.5, -1.02, 1.19
3216.0, 3652.0, 3753.0, 3695.0, 3225.0, 9.4, 2.18, 2.09, -0.11, -0.96, 1.2
3215.0, 3654.0, 3747.0, 3696.0, 3229.0, 9.63, 1.77, 0.26, -0.64, -0.8, 1.47
3215.0, 3653.0, 3753.0, 3697.0, 3226.0, 10.99, 2.24, -2.23, -0.89, -0.57, 1.07
3216.0, 3654.0, 3750.0, 3699.0, 3227.0, 8.94, 4.04, -2.62, -0.44, 0.02, 0.65
3216.0, 3663.0, 3750.0, 3708.0, 3222.0, 6.85, 3.87, -1.23, 0.43, -0.19, 0.36
3216.0, 3654.0, 3750.0, 3696.0, 3221.0, 6.41, 1.42, -2.16, 1.01, 0.04, 0.54
3215.0, 3652.0, 3749.0, 3696.0, 3225.0, 7.1, -2.19, -1.22, 0.68, 0.71, 0.35
3211.0, 3647.0, 3748.0, 3687.0, 3223.0, 7.63, -3.24, 0.16, 0.32, 0.92, -0.13
3213.0, 3651.0, 3747.0, 3708.0, 3221.0, 8.93, -2.9, 1.38, 0.24, 0.86, -0.84
3209.0, 3648.0, 3745.0, 3690.0, 3219.0, 8.86, -1.3, 1.98, 0.02, 0.68, -1.3
3213.0, 3648.0, 3752.0, 3693.0, 3225.0, 9.08, 1.57, 1.71, -0.32, 0.66, -1.62
3212.0, 3651.0, 3745.0, 3691.0, 3223.0, 10.26, 1.95, 4.24, -1.14, 0.65, -1.67
3214.0, 3644.0, 3747.0, 3689.0, 3217.0, 11.2, 3.87, 5.68, -1.53, 0.18, -1.29
3216.0, 3648.0, 3750.0, 3690.0, 3222.0, 11.33, 5.34, 4.78, -1.79, -0.53, -0.82
3215.0, 3661.0, 3742.0, 3686.0, 3221.0, 10.35, 6.59, 2.84, -1.68, -0.97, -0.26
3216.0, 3647.0, 3751.0, 3690.0, 3221.0, 8.0, 6.65, 1.29, -1.01, -1.18, -0.05
3216.0, 3645.0, 3745.0, 3682.0, 3219.0, 6.02, 6.1, -1.37, -0.25, -0.78, -0.09
3216.0, 3643.0, 3770.0, 3692.0, 3219.0, 5.88, 5.82, -1.99, 0.63, 0.22, -0.14
3212.0, 3645.0, 3744.0, 3692.0, 3217.0, 7.07, 5.37, -0.93, 1.41, 1.1, -0.44
3216.0, 3644.0, 3744.0, 3687.0, 3219.0, 10.16, 5.94, 0.53, 1.74, 1.22, -0.8
3216.0, 3645.0, 3745.0, 3683.0, 3218.0, 10.98, 7.67, 2.06, 2.2, 0.6, -0.79
3216.0, 3646.0, 3745.0, 3677.0, 3216.0, 10.74, 7.3, 2.86, 1.96, -0.02, -0.15
3216.0, 3645.0, 3749.0, 3677.0, 3216.0, 11.44, 4.89, 3.11, 1.6, -0.57, 0.47
3213.0, 3648.0, 3743.0, 3680.0, 3218.0, 10.77, 3.04, 3.86, 0.53, -0.79, 1.02
3229.0, 3643.0, 3743.0, 3678.0, 3216.0, 9.56, 3.42, 1.64, -0.27, -1.24, 0.78
3212.0, 3641.0, 3746.0, 3681.0, 3219.0, 8.58, 4.29, 0.39, -0.84, -1.29, 0.98
3213.0, 3647.0, 3745.0, 3680.0, 3216.0, 8.13, 5.74, -1.51, -0.83, -1.05, 0.9
3210.0, 3646.0, 3744.0, 3681.0, 3217.0, 8.15, 5.99, -2.71, -0.36, -0.68, 0.75
3214.0, 3648.0, 3746.0, 3683.0, 3218.0, 8.05, 5.09, -3.16, 0.3, -0.47, 0.65
