3071.0, 3582.0, 3674.0, 3694.0, 3219.0, 7.44, 6.21, -2.49, 0.0, -0.02, -0.02
3071.0, 3582.0, 3672.0, 3677.0, 3221.0, 7.52, 6.17, -2.51, 0.02, -0.03, -0.01
3071.0, 3581.0, 3673.0, 3671.0, 3216.0, 7.5, 6.24, -2.49, -0.0, -0.04, -0.01
3071.0, 3583.0, 3675.0, 3676.0, 3218.0, 7.55, 6.22, -2.47, 0.02, -0.05, -0.01
3071.0, 3583.0, 3671.0, 3679.0, 3223.0, 7.49, 6.3, -2.46, 0.0, -0.03, -0.01
3047.0, 3582.0, 3670.0, 3670.0, 3221.0, 7.48, 6.23, -2.52, 0.01, -0.05, -0.0
3071.0, 3579.0, 3676.0, 3674.0, 3221.0, 7.53, 6.21, -2.66, 0.01, -0.03, -0.01
3070.0, 3583.0, 3694.0, 3674.0, 3221.0, 7.52, 6.16, -2.49, -0.0, -0.03, -0.01
3059.0, 3582.0, 3673.0, 3673.0, 3219.0, 7.44, 6.23, -2.45, 0.02, -0.03, -0.02
3081.0, 3581.0, 3675.0, 3678.0, 3220.0, 7.48, 6.25, -2.58, -0.01, -0.02, -0.02
3071.0, 3579.0, 3667.0, 3668.0, 3220.0, 7.5, 6.29, -2.52, 0.0, -0.04, -0.01
3066.0, 3580.0, 3667.0, 3668.0, 3215.0, 7.5, 6.21, -2.52, -0.0, -0.02, -0.02
3071.0, 3582.0, 3669.0, 3667.0, 3217.0, 7.44, 6.31, -2.48, 0.02, -0.04, -0.0
3071.0, 3583.0, 3674.0, 3676.0, 3219.0, 7.54, 6.29, -2.48, 0.01, -0.03, -0.01
3071.0, 3583.0, 3674.0, 3670.0, 3219.0, 7.5, 6.22, -2.43, 0.0, -0.05, -0.01
3071.0, 3583.0, 3674.0, 3674.0, 3216.0, 7.51, 6.24, -2.46, 0.01, -0.04, -0.0
3071.0, 3582.0, 3671.0, 3673.0, 3219.0, 7.46, 6.29, -2.49, -0.0, -0.04, -0.0
3071.0, 3583.0, 3674.0, 3681.0, 3217.0, 7.47, 6.24, -2.49, 0.01, -0.04, 0.0
3071.0, 3569.0, 3675.0, 3691.0, 3217.0, 7.48, 6.16, -2.49, 0.0, -0.03, -0.0
3071.0, 3581.0, 3680.0, 3670.0, 3234.0, 7.51, 6.26, -2.49, 0.02, -0.05, -0.01
3070.0, 3583.0, 3678.0, 3667.0, 3219.0, 7.54, 6.23, -2.43, -0.0, -0.03, -0.01
3071.0, 3582.0, 3671.0, 3673.0, 3222.0, 7.51, 6.23, -2.47, 0.01, -0.05, 0.0
3083.0, 3583.0, 3676.0, 3696.0, 3221.0, 7.46, 6.25, -2.44, 0.01, -0.02, -0.01
3071.0, 3583.0, 3673.0, 3653.0, 3219.0, 7.55, 6.22, -2.47, 0.01, -0.04, -0.01
3071.0, 3581.0, 3669.0, 3668.0, 3222.0, 7.45, 6.31, -2.54, 0.01, -0.03, -0.01
3070.0, 3579.0, 3673.0, 3671.0, 3217.0, 7.53, 6.21, -2.43, 0.02, -0.02, -0.01
3071.0, 3579.0, 3675.0, 3681.0, 3219.0, 7.49, 6.21, -2.41, 0.01, -0.03, -0.01
3071.0, 3583.0, 3677.0, 3678.0, 3218.0, 7.49, 6.31, -2.4, -0.01, -0.06, -0.01
3071.0, 3583.0, 3673.0, 3674.0, 3219.0, 7.49, 6.25, -2.48, 0.01, -0.06, 0.0
3071.0, 3581.0, 3669.0, 3670.0, 3220.0, 7.55, 6.29, -2.37, 0.01, -0.04, -0.0
3071.0, 3581.0, 3676.0, 3675.0, 3218.0, 7.49, 6.24, -2.51, 0.01, -0.03, -0.01
3071.0, 3561.0, 3669.0, 3666.0, 3219.0, 7.5, 6.2, -2.47, 0.01, -0.03, -0.0
3071.0, 3622.0, 3669.0, 3677.0, 3222.0, 7.55, 6.19, -2.49, 0.01, -0.02, -0.01
3071.0, 3580.0, 3671.0, 3671.0, 3220.0, 7.54, 6.27, -2.44, 0.0, -0.06, -0.0
3071.0, 3583.0, 3669.0, 3670.0, 3217.0, 7.46, 6.22, -2.44, 0.01, -0.03, -0.01
3063.0, 3579.0, 3670.0, 3673.0, 3217.0, 7.52, 6.19, -2.36, 0.01, -0.04, -0.01
3069.0, 3579.0, 3670.0, 3674.0, 3217.0, 7.58, 6.26, -2.36, 0.0, -0.05, -0.01
3083.0, 3583.0, 3671.0, 3678.0, 3217.0, 7.51, 6.24, -2.42, 0.02, -0.04, -0.01
3071.0, 3583.0, 3671.0, 3670.0, 3218.0, 7.45, 6.27, -2.46, 0.01, -0.02, -0.02
3071.0, 3580.0, 3668.0, 3669.0, 3220.0, 7.53, 6.23, -2.48, 0.0, -0.03, -0.01
3070.0, 3579.0, 3674.0, 3664.0, 3218.0, 7.58, 6.29, -2.42, 0.0, -0.05, -0.0
3071.0, 3581.0, 3666.0, 3670.0, 3217.0, 7.46, 6.16, -2.37, 0.01, -0.04, -0.0
3071.0, 3583.0, 3669.0, 3674.0, 3218.0, 7.51, 6.22, -2.51, 0.03, -0.04, -0.01
3088.0, 3578.0, 3670.0, 3678.0, 3238.0, 7.53, 6.24, -2.45, 0.0, -0.04, -0.01
3069.0, 3563.0, 3668.0, 3667.0, 3218.0, 7.53, 6.3, -2.53, 0.01, -0.04, -0.01
3069.0, 3579.0, 3665.0, 3677.0, 3216.0, 7.49, 6.18, -2.58, 0.0, -0.03, -0.01
3063.0, 3575.0, 3673.0, 3643.0, 3218.0, 7.46, 6.26, -2.46, 0.0, -0.04, -0.01
3069.0, 3582.0, 3674.0, 3667.0, 3219.0, 7.52, 6.31, -2.36, 0.0, -0.03, -0.01
3071.0, 3582.0, 3670.0, 3666.0, 3219.0, 7.51, 6.22, -2.42, -0.01, -0.03, -0.02
3071.0, 3580.0, 3670.0, 3666.0, 3219.0, 7.47, 6.26, -2.55, 0.01, -0.04, -0.01
