3724.0, 3316.0, 3408.0, 3255.0, 3404.0, 9.88, 0.94, -2.1, 0.03, 0.05, -0.03
3712.0, 3316.0, 3411.0, 3261.0, 3398.0, 9.98, 0.8, -1.99, -0.02, 0.11, 0.0
3719.0, 3315.0, 3411.0, 3253.0, 3397.0, 9.85, 0.85, -1.76, 0.01, -0.02, 0.02
3718.0, 3314.0, 3411.0, 3259.0, 3396.0, 9.62, 1.11, -2.12, 0.01, -0.02, -0.03
3721.0, 3318.0, 3411.0, 3259.0, 3393.0, 9.62, 1.21, -2.22, -0.03, -0.02, -0.04
3717.0, 3314.0, 3409.0, 3255.0, 3392.0, 9.92, 1.26, -1.91, 0.05, 0.1, -0.04
3712.0, 3313.0, 3409.0, 3245.0, 3413.0, 9.96, 1.1, -1.57, 0.05, 0.13, 0.04
3723.0, 3318.0, 3408.0, 3260.0, 3389.0, 10.18, 0.93, -1.6, 0.1, 0.06, 0.02
3726.0, 3314.0, 3408.0, 3260.0, 3389.0, 10.12, 0.99, -1.46, 0.11, -0.03, -0.05
3717.0, 3317.0, 3408.0, 3255.0, 3390.0, 9.89, 1.06, -1.57, 0.11, -0.02, -0.05
3719.0, 3318.0, 3408.0, 3258.0, 3391.0, 9.8, 0.89, -1.79, 0.06, -0.03, -0.03
3721.0, 3317.0, 3407.0, 3262.0, 3389.0, 9.96, 0.75, -1.93, 0.01, -0.0, -0.07
3741.0, 3302.0, 3405.0, 3249.0, 3376.0, 9.84, 0.98, -1.91, -0.03, 0.05, -0.05
3725.0, 3318.0, 3408.0, 3250.0, 3389.0, 9.94, 1.2, -1.57, -0.01, 0.08, -0.03
3719.0, 3317.0, 3408.0, 3259.0, 3383.0, 9.98, 1.07, -1.39, -0.0, 0.04, 0.05
3727.0, 3321.0, 3408.0, 3254.0, 3386.0, 10.12, 1.02, -1.68, 0.01, -0.01, 0.04
3719.0, 3312.0, 3413.0, 3258.0, 3385.0, 9.9, 1.14, -1.37, 0.02, -0.04, -0.01
3715.0, 3316.0, 3408.0, 3253.0, 3381.0, 9.92, 1.01, -1.39, 0.03, -0.04, -0.07
3729.0, 3318.0, 3408.0, 3255.0, 3403.0, 9.87, 1.17, -1.38, 0.02, -0.07, 0.01
3716.0, 3317.0, 3411.0, 3253.0, 3382.0, 9.74, 1.07, -1.7, 0.04, -0.11, 0.06
3717.0, 3317.0, 3408.0, 3255.0, 3380.0, 9.79, 0.71, -1.72, 0.04, -0.06, 0.02
3715.0, 3315.0, 3408.0, 3257.0, 3377.0, 10.26, 1.17, -1.93, 0.01, 0.05, -0.11
3719.0, 3322.0, 3408.0, 3259.0, 3381.0, 9.89, 1.31, -1.2, 0.0, 0.01, -0.08
3717.0, 3315.0, 3408.0, 3257.0, 3377.0, 9.8, 1.28, -1.11, 0.04, 0.03, 0.03
3722.0, 3319.0, 3407.0, 3255.0, 3376.0, 10.03, 0.72, -1.47, 0.02, -0.08, 0.13
3757.0, 3330.0, 3415.0, 3259.0, 3376.0, 10.18, 0.53, -1.64, -0.06, 0.04, 0.08
3713.0, 3314.0, 3408.0, 3254.0, 3346.0, 10.01, 0.97, -1.49, -0.03, -0.04, 0.0
3718.0, 3314.0, 3410.0, 3253.0, 3379.0, 9.79, 1.07, -1.34, 0.01, 0.03, -0.03
3719.0, 3318.0, 3413.0, 3256.0, 3376.0, 9.84, 0.83, -1.39, -0.01, -0.04, -0.04
3719.0, 3319.0, 3408.0, 3255.0, 3376.0, 9.79, 1.18, -1.61, 0.05, -0.02, -0.02
3717.0, 3314.0, 3409.0, 3257.0, 3376.0, 10.14, 1.08, -1.6, 0.0, 0.06, -0.01
3718.0, 3318.0, 3408.0, 3257.0, 3376.0, 10.13, 1.11, -1.2, 0.01, -0.02, 0.0
3718.0, 3318.0, 3408.0, 3254.0, 3375.0, 9.88, 0.95, -0.98, 0.05, 0.04, 0.01
3715.0, 3317.0, 3408.0, 3254.0, 3376.0, 10.01, 0.86, -1.03, -0.01, -0.02, 0.06
3713.0, 3318.0, 3407.0, 3254.0, 3376.0, 9.97, 0.82, -1.19, 0.04, -0.08, 0.03
3715.0, 3317.0, 3408.0, 3255.0, 3375.0, 10.07, 0.83, -1.27, 0.01, -0.04, 0.01
3721.0, 3299.0, 3408.0, 3254.0, 3376.0, 10.02, 0.85, -1.36, 0.02, -0.07, 0.0
3713.0, 3317.0, 3408.0, 3249.0, 3371.0, 9.79, 0.75, -1.28, 0.02, -0.05, -0.0
3711.0, 3317.0, 3405.0, 3254.0, 3371.0, 9.85, 0.88, -1.31, -0.02, -0.04, -0.01
3716.0, 3319.0, 3408.0, 3251.0, 3376.0, 10.08, 0.95, -1.35, 0.0, -0.01, 0.01
3718.0, 3319.0, 3408.0, 3249.0, 3375.0, 10.02, 1.11, -1.17, 0.01, -0.05, 0.02
3715.0, 3321.0, 3408.0, 3253.0, 3371.0, 9.68, 0.87, -1.02, 0.03, -0.04, 0.02
3742.0, 3316.0, 3394.0, 3261.0, 3369.0, 9.83, 0.49, -1.61, 0.01, -0.11, 0.06
3713.0, 3318.0, 3408.0, 3252.0, 3373.0, 10.0, 0.73, -1.57, -0.02, 0.05, -0.03
3716.0, 3319.0, 3410.0, 3251.0, 3367.0, 10.12, 0.8, -1.18, -0.06, 0.15, -0.04
3715.0, 3322.0, 3410.0, 3258.0, 3373.0, 9.81, 0.71, -0.82, -0.08, 0.18, 0.05
3718.0, 3312.0, 3409.0, 3251.0, 3373.0, 10.3, 0.65, -0.67, -0.1, -0.01, 0.09
3718.0, 3315.0, 3408.0, 3253.0, 3369.0, 10.32, 0.69, -0.85, -0.07, -0.13, -0.02
3714.0, 3317.0, 3411.0, 3251.0, 3366.0, 9.83, 0.85, -0.9, 0.01, -0.13, -0.12
3714.0, 3317.0, 3407.0, 3255.0, 3365.0, 9.76, 1.11, -1.16, 0.03, -0.09, -0.12
