3239.0, 3211.0, 3428.0, 3212.0, 2863.0, 5.18, 2.82, 7.56, -0.05, -0.09, 0.08
3239.0, 3209.0, 3425.0, 3202.0, 2859.0, 5.07, 3.3, 7.9, 0.11, -0.0, 0.18
3245.0, 3222.0, 3441.0, 3200.0, 2864.0, 4.94, 3.85, 8.09, 0.57, 0.09, 0.16
3248.0, 3238.0, 3472.0, 3184.0, 2857.0, 4.45, 5.65, 9.73, 1.58, 0.34, 0.33
3249.0, 3295.0, 3428.0, 3169.0, 2851.0, 4.32, 6.62, 10.42, 2.94, 0.14, 0.6
3258.0, 3402.0, 3389.0, 3146.0, 2842.0, 3.61, 7.36, 11.07, 3.74, -0.41, 1.67
3277.0, 3494.0, 3385.0, 3134.0, 2835.0, 4.12, 7.38, 8.73, 4.25, -0.55, 2.06
3297.0, 3550.0, 3356.0, 3125.0, 2834.0, 5.15, 5.53, 7.24, 3.86, -0.59, 2.22
3324.0, 3634.0, 3319.0, 3119.0, 2832.0, 6.2, 4.2, 4.51, 3.79, -0.67, 2.4
3363.0, 3662.0, 3393.0, 3119.0, 2831.0, 6.66, 1.34, 2.4, 3.9, -0.88, 1.9
3394.0, 3703.0, 3376.0, 3111.0, 2829.0, 7.52, 0.66, 0.07, 3.41, -0.13, 1.08
3442.0, 3707.0, 3327.0, 3106.0, 2829.0, 8.58, -0.2, -0.75, 3.17, -0.28, 0.72
3472.0, 3699.0, 3330.0, 3105.0, 2829.0, 8.52, 0.43, -1.93, 2.91, 0.43, -0.31
3489.0, 3696.0, 3309.0, 3105.0, 2832.0, 9.45, 1.53, -1.33, 1.82, 0.32, 0.15
3504.0, 3693.0, 3295.0, 3097.0, 2832.0, 10.76, -0.17, -0.75, 1.08, -0.22, 0.38
3530.0, 3696.0, 3300.0, 3088.0, 2832.0, 11.87, -1.26, -1.26, 0.73, -0.44, 0.08
3549.0, 3701.0, 3297.0, 3087.0, 2832.0, 11.1, -0.2, -2.59, 0.37, -0.52, -0.14
3558.0, 3695.0, 3297.0, 3085.0, 2832.0, 10.13, 0.23, -3.41, 0.44, -0.11, -0.53
3550.0, 3687.0, 3283.0, 3066.0, 2820.0, 9.38, 1.54, -3.6, 0.33, 0.13, -0.46
3537.0, 3685.0, 3231.0, 3069.0, 2823.0, 9.35, 2.22, -3.26, 0.08, 0.04, -0.22
3529.0, 3697.0, 3241.0, 3063.0, 2823.0, 9.52, 1.99, -2.97, -0.06, -0.03, -0.06
3538.0, 3668.0, 3213.0, 3088.0, 2819.0, 9.48, 2.6, -3.09, -0.1, 0.04, -0.02
3541.0, 3670.0, 3214.0, 3070.0, 2823.0, 9.6, 2.51, -3.35, -0.13, -0.07, 0.09
3538.0, 3667.0, 3217.0, 3070.0, 2822.0, 9.38, 2.45, -3.09, -0.1, 0.03, 0.05
3539.0, 3667.0, 3264.0, 3071.0, 2824.0, 9.36, 2.33, -3.35, -0.03, -0.04, 0.08
3539.0, 3664.0, 3286.0, 3067.0, 2822.0, 9.18, 2.34, -3.31, -0.03, -0.1, 0.11
3536.0, 3663.0, 3265.0, 3071.0, 2823.0, 9.1, 2.42, -3.57, -0.0, -0.02, -0.02
3539.0, 3662.0, 3238.0, 3071.0, 2825.0, 9.16, 2.38, -3.54, 0.02, 0.02, -0.02
3538.0, 3658.0, 3219.0, 3071.0, 2821.0, 9.44, 2.28, -3.13, 0.1, 0.03, -0.01
3536.0, 3659.0, 3212.0, 3071.0, 2823.0, 9.34, 2.34, -3.23, 0.1, 0.04, 0.02
3536.0, 3652.0, 3216.0, 3081.0, 2822.0, 9.38, 1.94, -3.12, 0.1, 0.11, 0.01
3535.0, 3654.0, 3220.0, 3071.0, 2826.0, 9.43, 2.07, -2.93, 0.06, 0.05, 0.1
3537.0, 3655.0, 3215.0, 3079.0, 2822.0, 9.5, 1.93, -2.7, 0.02, 0.18, 0.1
3541.0, 3663.0, 3213.0, 3071.0, 2819.0, 9.68, 1.86, -2.69, 0.04, 0.08, 0.09
3537.0, 3649.0, 3210.0, 3079.0, 2817.0, 9.74, 1.81, -2.46, -0.02, 0.01, 0.11
3536.0, 3650.0, 3210.0, 3071.0, 2823.0, 9.64, 1.77, -2.68, 0.06, 0.06, 0.07
3539.0, 3651.0, 3215.0, 3083.0, 2818.0, 9.59, 1.63, -2.76, 0.03, -0.0, 0.05
3536.0, 3646.0, 3213.0, 3085.0, 2821.0, 9.43, 1.65, -2.66, 0.05, 0.09, 0.04
3536.0, 3645.0, 3211.0, 3082.0, 2821.0, 9.7, 1.6, -2.49, 0.01, 0.08, 0.04
3538.0, 3646.0, 3211.0, 3082.0, 2819.0, 9.87, 1.49, -2.3, 0.01, 0.0, 0.07
3536.0, 3648.0, 3211.0, 3071.0, 2820.0, 9.84, 1.54, -2.15, 0.03, 0.02, 0.05
3536.0, 3643.0, 3191.0, 3071.0, 2821.0, 9.77, 1.45, -2.44, 0.02, -0.04, 0.08
3565.0, 3645.0, 3214.0, 3085.0, 2821.0, 9.66, 1.37, -2.19, 0.03, 0.02, 0.07
3536.0, 3645.0, 3207.0, 3071.0, 2820.0, 9.95, 1.21, -2.15, -0.08, -0.04, 0.12
3536.0, 3642.0, 3207.0, 3071.0, 2820.0, 10.18, 1.45, -2.02, -0.17, -0.21, 0.21
3533.0, 3642.0, 3203.0, 3071.0, 2821.0, 10.42, 2.0, -1.38, -0.43, -0.89, 0.49
3522.0, 3635.0, 3201.0, 3071.0, 2822.0, 10.89, 0.91, -2.43, 0.09, -1.55, 0.59
3495.0, 3621.0, 3201.0, 3069.0, 2820.0, 9.1, 0.04, -4.89, 0.36, -1.67, 0.15
3487.0, 3621.0, 3197.0, 3067.0, 2823.0, 7.02, -2.58, -9.46, -0.18, -1.19, 0.1
3479.0, 3622.0, 3198.0, 3069.0, 2822.0, 7.75, 0.38, -4.78, -1.21, 0.45, 0.0
3478.0, 3613.0, 3200.0, 3063.0, 2819.0, 9.64, 5.06, 1.05, 0.51, -0.22, 0.14
3477.0, 3615.0, 3201.0, 3066.0, 2818.0, 7.72, -0.31, -6.64, 0.74, -0.9, 0.19
3473.0, 3612.0, 3195.0, 3059.0, 2821.0, 6.96, -3.31, -9.96, -0.43, 0.19, 0.05
3477.0, 3611.0, 3194.0, 3066.0, 2819.0, 9.47, 2.4, -1.91, -0.41, 0.82, -0.28
