2672.0, 2650.0, 3350.0, 3081.0, 2811.0, 6.48, 4.47, 5.93, -0.04, -0.06, -0.05
2665.0, 2647.0, 3350.0, 3083.0, 2810.0, 6.38, 4.76, 5.85, 0.01, -0.05, -0.05
2673.0, 2649.0, 3350.0, 3085.0, 2815.0, 6.53, 4.55, 6.08, 0.0, -0.04, -0.07
2672.0, 2651.0, 3346.0, 3085.0, 2811.0, 6.47, 4.77, 5.8, -0.01, -0.04, -0.02
2673.0, 2653.0, 3348.0, 3083.0, 2812.0, 6.33, 4.68, 5.93, -0.01, -0.03, -0.02
2676.0, 2652.0, 3347.0, 3085.0, 2814.0, 6.48, 4.51, 5.94, -0.03, -0.03, -0.01
2672.0, 2649.0, 3354.0, 3090.0, 2814.0, 6.56, 4.43, 6.07, -0.04, -0.06, -0.06
2673.0, 2650.0, 3363.0, 3101.0, 2815.0, 6.52, 4.82, 6.04, 0.05, -0.09, -0.07
2678.0, 2655.0, 3399.0, 3143.0, 2819.0, 6.78, 5.01, 6.3, 0.03, -0.23, -0.06
2679.0, 2662.0, 3477.0, 3218.0, 2826.0, 7.18, 6.02, 6.21, 0.08, -0.44, 0.33
2689.0, 2678.0, 3598.0, 3327.0, 2849.0, 7.69, 6.66, 4.78, 0.51, 0.03, 0.67
2705.0, 2702.0, 3747.0, 3414.0, 2870.0, 8.14, 5.87, 6.09, 0.48, -0.04, 1.56
2731.0, 2704.0, 3773.0, 3453.0, 2881.0, 7.44, 6.22, 5.74, 0.02, 0.74, 2.14
2721.0, 2720.0, 3815.0, 3481.0, 2923.0, 7.22, 3.89, 5.6, -0.04, 1.44, 2.37
2729.0, 2724.0, 3809.0, 3488.0, 2945.0, 6.85, 2.14, 5.93, -0.48, 1.04, 2.44
2734.0, 2731.0, 3820.0, 3503.0, 2960.0, 5.64, 0.96, 6.45, -0.01, 1.73, 2.21
2731.0, 2725.0, 3846.0, 3510.0, 2977.0, 4.66, -0.7, 6.72, -0.28, 2.02, 1.86
2736.0, 2733.0, 3782.0, 3499.0, 2985.0, 3.32, -0.71, 7.58, -0.7, 1.78, 1.49
2729.0, 2732.0, 3792.0, 3499.0, 2992.0, 2.01, -2.07, 8.24, -0.79, 1.66, 1.11
2745.0, 2736.0, 3839.0, 3520.0, 3003.0, 1.05, -2.37, 8.14, -0.93, 1.34, 0.92
2745.0, 2737.0, 3794.0, 3515.0, 3013.0, -0.15, -3.49, 8.51, -0.39, 1.27, 0.89
2753.0, 2751.0, 3807.0, 3520.0, 3024.0, -0.14, -4.22, 7.71, -0.18, 1.14, 0.81
2752.0, 2751.0, 3811.0, 3537.0, 3029.0, -0.47, -3.94, 7.89, -0.16, 1.07, 0.58
2759.0, 2752.0, 3818.0, 3529.0, 3040.0, -1.46, -4.0, 8.46, -0.04, 1.4, 0.42
2758.0, 2750.0, 3807.0, 3533.0, 3046.0, -2.86, -3.65, 9.06, -0.15, 1.2, 0.18
2759.0, 2753.0, 3799.0, 3526.0, 3042.0, -4.0, -3.49, 9.94, -0.13, 0.75, 0.05
2755.0, 2747.0, 3793.0, 3510.0, 3039.0, -3.9, -3.31, 9.39, -0.08, -0.06, -0.08
2748.0, 2748.0, 3780.0, 3522.0, 3046.0, -3.11, -3.12, 8.89, 0.23, -0.14, 0.11
2752.0, 2745.0, 3791.0, 3507.0, 3037.0, -2.77, -3.17, 8.67, 0.14, -0.14, 0.02
2755.0, 2743.0, 3782.0, 3504.0, 3037.0, -2.89, -3.06, 8.79, -0.05, -0.12, -0.15
2750.0, 2738.0, 3785.0, 3504.0, 3035.0, -2.66, -2.85, 8.54, 0.11, -0.11, -0.07
2755.0, 2741.0, 3782.0, 3503.0, 3035.0, -2.49, -2.67, 8.58, 0.08, -0.15, 0.01
2752.0, 2738.0, 3777.0, 3502.0, 3034.0, -2.57, -2.97, 8.85, -0.05, 0.01, -0.02
2753.0, 2738.0, 3790.0, 3498.0, 3035.0, -2.37, -3.06, 8.52, -0.02, -0.12, -0.0
2752.0, 2739.0, 3781.0, 3498.0, 3033.0, -2.44, -3.05, 8.57, 0.05, -0.06, -0.01
2753.0, 2738.0, 3779.0, 3498.0, 3033.0, -2.63, -2.74, 8.78, -0.02, -0.07, -0.02
2749.0, 2736.0, 3775.0, 3494.0, 3031.0, -2.68, -2.9, 8.83, -0.0, -0.01, 0.03
2752.0, 2739.0, 3785.0, 3498.0, 3033.0, -2.59, -3.13, 8.6, 0.03, -0.05, 0.03
2752.0, 2740.0, 3788.0, 3479.0, 3031.0, -2.71, -2.95, 8.65, 0.03, -0.1, 0.0
2750.0, 2737.0, 3773.0, 3491.0, 3031.0, -2.62, -2.81, 8.7, -0.04, -0.11, -0.06
2747.0, 2738.0, 3774.0, 3494.0, 3035.0, -2.49, -2.89, 8.58, 0.06, -0.03, 0.01
2752.0, 2740.0, 3775.0, 3492.0, 3030.0, -2.48, -2.97, 8.8, 0.03, -0.03, 0.01
2751.0, 2737.0, 3780.0, 3490.0, 3031.0, -2.61, -2.84, 8.74, 0.05, -0.02, 0.01
2752.0, 2738.0, 3773.0, 3489.0, 3030.0, -2.56, -2.89, 8.68, 0.05, -0.06, -0.02
2746.0, 2736.0, 3777.0, 3493.0, 3029.0, -2.69, -2.73, 8.83, 0.01, -0.01, -0.02
2752.0, 2736.0, 3770.0, 3491.0, 3031.0, -2.55, -2.81, 8.6, 0.06, 0.0, 0.05
2750.0, 2736.0, 3764.0, 3490.0, 3030.0, -2.73, -2.96, 8.67, 0.02, -0.08, -0.03
2752.0, 2737.0, 3769.0, 3494.0, 3029.0, -2.6, -2.98, 8.65, 0.01, -0.06, -0.04
2746.0, 2736.0, 3766.0, 3488.0, 3029.0, -2.54, -2.92, 8.74, 0.07, -0.04, -0.0
2752.0, 2736.0, 3764.0, 3486.0, 3031.0, -2.62, -2.77, 8.63, 0.02, -0.07, -0.05
2748.0, 2736.0, 3763.0, 3486.0, 3027.0, -2.49, -2.84, 8.72, 0.08, -0.08, -0.01
