3248.0, 3108.0, 3247.0, 3103.0, 2784.0, 0.02, 4.02, 8.81, 0.06, -0.01, 0.04
3247.0, 3110.0, 3247.0, 3104.0, 2786.0, 0.05, 3.99, 8.83, 0.04, -0.02, 0.03
3255.0, 3120.0, 3253.0, 3114.0, 2797.0, 0.03, 4.05, 8.75, 0.07, 0.0, 0.04
3253.0, 3120.0, 3251.0, 3114.0, 2798.0, 0.04, 4.03, 8.79, 0.04, -0.02, 0.03
3255.0, 3120.0, 3251.0, 3117.0, 2797.0, 0.03, 4.02, 8.76, 0.03, -0.03, 0.01
3254.0, 3120.0, 3253.0, 3114.0, 2797.0, 0.09, 4.09, 8.78, 0.01, -0.04, -0.02
3254.0, 3120.0, 3253.0, 3113.0, 2796.0, -0.05, 4.07, 8.81, -0.03, -0.05, -0.03
3255.0, 3122.0, 3254.0, 3115.0, 2798.0, -0.1, 3.94, 9.06, -0.04, -0.06, -0.04
3254.0, 3142.0, 3263.0, 3136.0, 2806.0, 0.28, 4.25, 10.52, -0.08, -0.35, 0.25
3266.0, 3185.0, 3314.0, 3305.0, 2887.0, 0.52, 4.36, 11.55, -1.61, -2.01, 0.68
3274.0, 3204.0, 3358.0, 3539.0, 3120.0, 1.7, 2.93, 11.99, -0.52, -1.94, 0.24
3305.0, 3205.0, 3363.0, 3632.0, 3218.0, 2.25, 3.34, 10.87, -0.06, -2.0, 0.66
3312.0, 3197.0, 3343.0, 3627.0, 3249.0, 2.7, 2.86, 9.06, 0.38, -2.06, 0.46
3337.0, 3195.0, 3324.0, 3604.0, 3251.0, 4.13, 2.11, 7.34, -0.02, -2.06, 0.69
3333.0, 3184.0, 3301.0, 3583.0, 3245.0, 5.41, 2.21, 6.2, 0.24, -1.7, 0.32
3339.0, 3169.0, 3283.0, 3579.0, 3248.0, 5.8, 2.35, 5.71, 0.34, -1.49, 0.37
3333.0, 3157.0, 3269.0, 3571.0, 3244.0, 6.96, 2.62, 4.96, 0.3, -1.45, 0.26
3316.0, 3142.0, 3259.0, 3553.0, 3232.0, 7.1, 2.1, 4.39, 0.29, -1.17, 0.24
3282.0, 3126.0, 3244.0, 3469.0, 3207.0, 8.08, 2.16, 4.37, 0.2, -0.82, 0.48
3272.0, 3120.0, 3232.0, 3534.0, 3200.0, 8.32, 2.6, 3.77, 0.36, -0.93, 0.12
3268.0, 3120.0, 3233.0, 3535.0, 3194.0, 8.59, 2.53, 3.29, 0.22, -0.69, 0.11
3261.0, 3120.0, 3231.0, 3525.0, 3191.0, 8.93, 2.44, 3.13, 0.08, -0.76, 0.11
3270.0, 3127.0, 3239.0, 3532.0, 3200.0, 9.11, 2.43, 3.22, 0.08, -0.66, 0.11
3269.0, 3126.0, 3238.0, 3534.0, 3198.0, 9.32, 2.37, 2.92, 0.03, -0.76, 0.17
3269.0, 3104.0, 3215.0, 3523.0, 3178.0, 9.45, 2.1, 2.24, -0.07, -0.69, 0.09
3263.0, 3121.0, 3239.0, 3525.0, 3197.0, 9.36, 1.99, 1.73, -0.08, -0.61, 0.02
3267.0, 3120.0, 3253.0, 3521.0, 3191.0, 9.84, 1.99, 1.29, -0.04, -0.61, 0.06
3264.0, 3121.0, 3236.0, 3520.0, 3191.0, 9.59, 2.14, 1.38, 0.13, -0.47, 0.06
3255.0, 3121.0, 3238.0, 3520.0, 3190.0, 9.34, 2.12, 1.15, 0.12, -0.1, -0.13
3253.0, 3122.0, 3255.0, 3521.0, 3187.0, 9.79, 2.7, 0.72, 0.23, -0.25, -0.04
3248.0, 3124.0, 3312.0, 3520.0, 3187.0, 9.31, 2.43, 1.07, 0.13, -0.3, -0.01
3235.0, 3109.0, 3227.0, 3505.0, 3172.0, 9.94, 1.56, 0.5, -0.01, -0.06, -0.14
3248.0, 3121.0, 3248.0, 3516.0, 3184.0, 9.61, 2.07, 0.64, -0.15, -0.11, -0.04
3247.0, 3120.0, 3243.0, 3517.0, 3182.0, 9.5, 2.3, 0.67, -0.22, 0.12, -0.11
3246.0, 3119.0, 3233.0, 3542.0, 3184.0, 9.79, 2.75, 1.01, -0.12, 0.07, -0.01
3243.0, 3117.0, 3233.0, 3568.0, 3195.0, 9.76, 2.59, 1.33, -0.13, -0.12, 0.03
3245.0, 3117.0, 3233.0, 3578.0, 3202.0, 9.77, 2.41, 0.96, -0.34, -0.21, 0.15
3241.0, 3112.0, 3232.0, 3572.0, 3200.0, 9.54, 2.01, 1.19, -0.33, -0.18, 0.06
3231.0, 3101.0, 3219.0, 3568.0, 3189.0, 10.13, 2.2, 0.8, -0.02, -0.22, -0.07
3231.0, 3099.0, 3222.0, 3567.0, 3190.0, 9.74, 2.21, 0.72, -0.03, -0.11, -0.03
3229.0, 3101.0, 3222.0, 3578.0, 3190.0, 10.04, 2.18, 0.4, 0.04, -0.15, -0.05
3217.0, 3095.0, 3221.0, 3571.0, 3195.0, 9.46, 2.07, 0.7, -0.07, -0.02, -0.02
3230.0, 3094.0, 3223.0, 3575.0, 3201.0, 9.96, 2.18, 0.78, -0.01, -0.07, -0.08
3223.0, 3095.0, 3219.0, 3577.0, 3200.0, 9.73, 2.17, 0.67, -0.06, -0.14, -0.03
3229.0, 3093.0, 3220.0, 3578.0, 3202.0, 9.79, 2.17, 0.47, -0.11, -0.07, -0.11
3178.0, 3093.0, 3223.0, 3569.0, 3200.0, 9.54, 2.41, 0.69, -0.13, -0.12, -0.03
3223.0, 3091.0, 3222.0, 3553.0, 3203.0, 9.89, 2.71, 0.86, -0.03, -0.07, -0.04
3222.0, 3088.0, 3218.0, 3575.0, 3200.0, 9.92, 2.47, 0.79, -0.08, -0.2, 0.05
3223.0, 3088.0, 3225.0, 3577.0, 3207.0, 9.76, 2.26, 0.52, 0.01, -0.14, -0.01
3226.0, 3091.0, 3221.0, 3583.0, 3216.0, 9.73, 1.93, 0.34, -0.08, -0.14, -0.03
3222.0, 3088.0, 3224.0, 3612.0, 3214.0, 9.67, 2.38, 0.42, -0.04, -0.04, -0.11
3223.0, 3091.0, 3222.0, 3577.0, 3216.0, 9.74, 2.32, 0.53, -0.09, -0.12, -0.02
3223.0, 3089.0, 3223.0, 3577.0, 3216.0, 9.82, 2.48, 0.16, -0.06, -0.08, -0.06
3220.0, 3088.0, 3217.0, 3575.0, 3216.0, 9.72, 2.31, 0.26, -0.05, -0.03, -0.03
3221.0, 3088.0, 3221.0, 3575.0, 3213.0, 9.74, 2.28, 0.61, 0.01, -0.06, -0.04
3218.0, 3071.0, 3231.0, 3572.0, 3214.0, 9.76, 2.45, 0.65, -0.04, 0.04, -0.08
