3056.0, 3024.0, 3383.0, 3298.0, 2867.0, 0.37, 2.49, 9.4, 0.01, -0.03, -0.01
3056.0, 3023.0, 3383.0, 3293.0, 2866.0, 0.34, 2.5, 9.41, 0.0, -0.03, -0.01
3051.0, 3024.0, 3379.0, 3297.0, 2868.0, 0.35, 2.45, 9.5, -0.0, -0.04, -0.01
3055.0, 3024.0, 3381.0, 3297.0, 2865.0, 0.35, 2.46, 9.36, 0.02, -0.04, -0.01
3056.0, 3024.0, 3377.0, 3295.0, 2864.0, 0.35, 2.42, 9.41, -0.01, -0.05, -0.01
3053.0, 3021.0, 3379.0, 3295.0, 2864.0, 0.42, 2.43, 9.56, 0.05, -0.05, -0.02
3055.0, 3024.0, 3376.0, 3281.0, 2864.0, 0.62, 2.1, 10.25, 0.17, 0.06, -0.08
3053.0, 3026.0, 3356.0, 3242.0, 2855.0, 2.19, 2.17, 12.1, 1.81, 0.49, -0.81
3066.0, 3036.0, 3319.0, 3158.0, 2831.0, -3.24, 7.85, 12.19, 4.36, -0.1, -1.66
3135.0, 3043.0, 3281.0, 3120.0, 2823.0, -4.64, 10.15, 10.05, 3.05, -2.71, 1.25
3283.0, 3047.0, 3278.0, 3107.0, 2816.0, -2.77, 10.05, 6.61, 2.54, -3.4, 2.52
3449.0, 3034.0, 3264.0, 3094.0, 2811.0, 19.11, 11.15, -1.91, 3.43, -0.73, 4.37
3534.0, 3019.0, 3239.0, 3071.0, 2803.0, 3.09, 5.07, 1.77, 2.81, -2.21, 4.01
3611.0, 3006.0, 3211.0, 3058.0, 2803.0, 5.49, 2.4, 0.22, 2.21, -1.54, 3.65
3621.0, 3000.0, 3184.0, 3050.0, 2800.0, 6.58, 1.57, -0.54, 2.49, -0.48, 2.37
3629.0, 2994.0, 3171.0, 3042.0, 2800.0, 8.25, -0.34, -0.65, 2.27, -0.43, 2.18
3629.0, 3003.0, 3153.0, 3031.0, 2800.0, 10.48, -4.78, -1.74, 1.87, -0.5, 1.27
3618.0, 3007.0, 3149.0, 3026.0, 2798.0, 11.11, -4.17, -3.02, 0.58, -0.07, -0.34
3614.0, 3007.0, 3147.0, 3029.0, 2799.0, 10.23, 0.14, -1.64, -0.07, 0.14, -0.53
3600.0, 3003.0, 3143.0, 3026.0, 2797.0, 10.42, 0.97, -2.42, -0.06, -0.03, -0.14
3600.0, 3007.0, 3145.0, 3024.0, 2795.0, 10.0, 1.02, -1.75, -0.18, -0.05, -0.04
3583.0, 3006.0, 3146.0, 3024.0, 2795.0, 9.9, 1.05, -1.98, -0.02, -0.16, -0.09
3583.0, 3005.0, 3139.0, 3024.0, 2794.0, 9.49, 1.23, -2.51, -0.1, -0.05, -0.19
3583.0, 3005.0, 3147.0, 3023.0, 2795.0, 9.73, 1.41, -2.31, -0.03, -0.03, -0.03
3578.0, 3005.0, 3147.0, 3024.0, 2793.0, 9.87, 1.01, -2.28, -0.06, -0.04, 0.04
3575.0, 3005.0, 3152.0, 3024.0, 2793.0, 9.82, 1.31, -2.2, -0.03, -0.11, -0.03
3572.0, 3005.0, 3149.0, 3024.0, 2794.0, 9.94, 1.41, -2.5, -0.02, -0.07, -0.05
3573.0, 3017.0, 3149.0, 3024.0, 2793.0, 9.87, 1.36, -2.45, 0.03, -0.1, -0.04
3574.0, 3005.0, 3147.0, 3024.0, 2791.0, 9.5, 1.55, -2.4, 0.02, -0.08, -0.05
3571.0, 3003.0, 3149.0, 3024.0, 2791.0, 9.67, 1.4, -2.54, 0.07, -0.0, -0.01
3568.0, 3003.0, 3150.0, 3024.0, 2790.0, 9.74, 1.23, -2.46, 0.0, 0.04, -0.08
3568.0, 3005.0, 3147.0, 3024.0, 2787.0, 9.97, 1.36, -2.09, 0.01, -0.02, -0.01
3568.0, 3002.0, 3152.0, 3024.0, 2790.0, 9.79, 1.49, -2.57, 0.01, -0.05, -0.06
3577.0, 3015.0, 3162.0, 3010.0, 2783.0, 9.74, 1.51, -2.27, -0.03, -0.05, -0.03
3563.0, 3003.0, 3162.0, 3024.0, 2786.0, 9.73, 1.28, -2.41, 0.03, -0.08, -0.01
3565.0, 3007.0, 3159.0, 3023.0, 2790.0, 9.56, 1.26, -2.45, -0.06, -0.0, -0.03
3559.0, 3003.0, 3156.0, 3024.0, 2788.0, 9.8, 1.49, -2.26, -0.03, -0.04, -0.01
3562.0, 3003.0, 3153.0, 3024.0, 2787.0, 9.81, 1.52, -2.59, -0.02, -0.04, -0.01
3563.0, 3009.0, 3153.0, 3023.0, 2788.0, 9.77, 1.49, -2.41, -0.02, -0.03, -0.01
3562.0, 3005.0, 3155.0, 3024.0, 2794.0, 9.71, 1.51, -2.3, 0.06, -0.01, -0.1
3558.0, 3003.0, 3155.0, 3024.0, 2789.0, 9.68, 1.62, -2.18, 0.09, -0.01, -0.18
3555.0, 2994.0, 3169.0, 3008.0, 2781.0, 9.71, 1.55, -2.52, 0.03, -0.07, -0.03
3554.0, 2981.0, 3157.0, 3024.0, 2789.0, 9.67, 1.62, -2.51, -0.03, -0.01, -0.0
3557.0, 3007.0, 3158.0, 3024.0, 2790.0, 9.81, 1.62, -2.4, -0.05, 0.06, -0.02
3556.0, 3006.0, 3159.0, 3023.0, 2780.0, 9.64, 1.69, -2.28, -0.03, 0.01, 0.03
3551.0, 3007.0, 3162.0, 3024.0, 2789.0, 9.77, 1.66, -2.14, 0.0, 0.02, 0.0
3553.0, 3005.0, 3162.0, 3024.0, 2789.0, 9.83, 1.48, -2.43, 0.02, -0.04, 0.01
3552.0, 3004.0, 3165.0, 3024.0, 2784.0, 9.84, 1.54, -2.21, -0.02, 0.01, -0.01
3552.0, 3006.0, 3163.0, 3025.0, 2787.0, 9.72, 1.64, -2.15, 0.03, -0.02, -0.03
3551.0, 3007.0, 3167.0, 3024.0, 2786.0, 9.85, 1.6, -2.06, 0.04, 0.0, -0.02
