3659.0, 3711.0, 3855.0, 3471.0, 3235.0, 8.77, -0.56, 4.61, 0.06, -0.05, 0.02
3660.0, 3705.0, 3856.0, 3462.0, 3232.0, 8.7, -0.54, 4.43, 0.02, -0.06, 0.0
3654.0, 3722.0, 3853.0, 3471.0, 3234.0, 8.76, -0.57, 4.26, -0.05, -0.01, 0.03
3655.0, 3727.0, 3850.0, 3463.0, 3233.0, 8.97, -0.71, 4.55, -0.04, 0.06, -0.01
3640.0, 3727.0, 3856.0, 3470.0, 3235.0, 8.88, -0.51, 4.63, -0.04, 0.04, -0.05
3654.0, 3728.0, 3854.0, 3471.0, 3231.0, 8.95, -0.38, 4.49, 0.03, 0.02, -0.05
3650.0, 3723.0, 3853.0, 3466.0, 3226.0, 9.05, -0.52, 4.63, 0.05, -0.01, 0.01
3655.0, 3722.0, 3842.0, 3469.0, 3225.0, 8.83, -0.68, 4.58, 0.01, -0.05, 0.0
3651.0, 3726.0, 3846.0, 3498.0, 3222.0, 8.95, -0.51, 4.56, 0.06, -0.05, 0.0
3651.0, 3786.0, 3855.0, 3467.0, 3225.0, 8.84, -0.65, 4.47, 0.06, -0.06, 0.01
3639.0, 3745.0, 3817.0, 3467.0, 3214.0, 8.89, -0.54, 4.4, 0.02, -0.01, 0.02
3653.0, 3722.0, 3851.0, 3457.0, 3220.0, 8.8, -0.56, 4.75, -0.02, 0.01, 0.03
3650.0, 3721.0, 3847.0, 3461.0, 3221.0, 8.78, -0.66, 4.73, 0.01, 0.01, -0.02
3654.0, 3726.0, 3847.0, 3461.0, 3219.0, 8.86, -0.57, 4.63, 0.01, -0.01, -0.03
3649.0, 3723.0, 3842.0, 3472.0, 3219.0, 8.75, -0.46, 4.71, 0.0, -0.04, -0.01
3649.0, 3721.0, 3850.0, 3459.0, 3221.0, 8.86, -0.49, 4.57, 0.02, -0.02, -0.01
3652.0, 3719.0, 3831.0, 3467.0, 3229.0, 8.88, -0.54, 4.6, 0.0, -0.04, 0.03
3632.0, 3715.0, 3843.0, 3463.0, 3221.0, 8.81, -0.58, 4.68, 0.06, 0.0, 0.01
3651.0, 3713.0, 3841.0, 3462.0, 3217.0, 8.75, -0.65, 4.94, 0.01, -0.04, 0.0
3657.0, 3717.0, 3839.0, 3449.0, 3216.0, 8.67, -0.66, 4.69, 0.0, -0.04, -0.0
3649.0, 3723.0, 3841.0, 3465.0, 3216.0, 8.86, -0.66, 4.54, -0.02, -0.03, -0.0
3649.0, 3721.0, 3840.0, 3467.0, 3217.0, 8.73, -0.45, 4.66, 0.02, -0.02, -0.02
3653.0, 3724.0, 3839.0, 3457.0, 3218.0, 8.72, -0.37, 4.64, 0.05, -0.0, -0.03
3655.0, 3714.0, 3841.0, 3460.0, 3216.0, 8.81, -0.49, 4.82, 0.01, 0.01, 0.03
3650.0, 3720.0, 3839.0, 3465.0, 3216.0, 8.76, -0.63, 4.86, -0.01, 0.02, 0.04
3649.0, 3721.0, 3843.0, 3463.0, 3216.0, 8.83, -0.7, 4.56, -0.03, 0.02, -0.01
3656.0, 3723.0, 3841.0, 3461.0, 3216.0, 8.89, -0.6, 4.82, -0.03, -0.01, -0.03
3649.0, 3711.0, 3844.0, 3457.0, 3216.0, 8.71, -0.46, 4.8, 0.02, -0.02, -0.05
3648.0, 3712.0, 3830.0, 3455.0, 3210.0, 8.79, -0.45, 4.91, 0.05, -0.05, -0.01
3649.0, 3716.0, 3839.0, 3458.0, 3213.0, 8.89, -0.63, 4.83, 0.04, -0.09, 0.01
3664.0, 3714.0, 3840.0, 3459.0, 3211.0, 8.74, -0.53, 4.79, 0.03, -0.03, 0.02
3653.0, 3712.0, 3840.0, 3458.0, 3211.0, 8.65, -0.63, 4.83, 0.02, -0.04, 0.03
3655.0, 3712.0, 3840.0, 3458.0, 3208.0, 8.71, -0.6, 4.78, 0.03, -0.02, 0.02
3649.0, 3706.0, 3842.0, 3460.0, 3207.0, 8.67, -0.7, 4.91, -0.01, -0.01, 0.01
3652.0, 3714.0, 3840.0, 3456.0, 3207.0, 8.71, -0.74, 4.94, -0.02, -0.04, -0.02
3619.0, 3715.0, 3831.0, 3459.0, 3207.0, 8.78, -0.66, 4.95, 0.01, -0.04, -0.06
3650.0, 3716.0, 3840.0, 3456.0, 3207.0, 8.83, -0.53, 4.88, 0.01, -0.05, -0.06
3649.0, 3717.0, 3838.0, 3463.0, 3210.0, 8.61, -0.47, 4.9, 0.01, -0.05, -0.05
3647.0, 3720.0, 3840.0, 3458.0, 3209.0, 8.68, -0.73, 4.87, 0.02, -0.06, -0.03
3649.0, 3712.0, 3837.0, 3430.0, 3207.0, 8.88, -0.55, 4.56, 0.1, -0.06, -0.09
3651.0, 3716.0, 3835.0, 3457.0, 3206.0, 8.74, -0.38, 5.07, -0.03, -0.03, 0.07
3650.0, 3722.0, 3835.0, 3457.0, 3205.0, 9.01, -0.95, 4.52, 0.07, -0.1, -0.03
3650.0, 3713.0, 3845.0, 3457.0, 3205.0, 8.74, -0.33, 4.94, 0.08, -0.13, -0.1
3649.0, 3713.0, 3837.0, 3461.0, 3207.0, 8.53, -0.08, 4.84, 0.05, -0.16, -0.05
3654.0, 3713.0, 3837.0, 3458.0, 3213.0, 8.68, -0.15, 4.56, -0.07, -0.01, 0.04
3653.0, 3713.0, 3835.0, 3460.0, 3205.0, 9.07, -0.74, 4.67, -0.11, 0.03, 0.06
3648.0, 3714.0, 3840.0, 3451.0, 3207.0, 8.82, -0.52, 4.84, 0.03, -0.06, 0.01
3654.0, 3715.0, 3835.0, 3455.0, 3205.0, 8.64, -0.48, 4.69, 0.13, -0.15, 0.01
3652.0, 3713.0, 3841.0, 3456.0, 3205.0, 8.7, -0.51, 4.6, 0.08, -0.16, -0.01
3661.0, 3719.0, 3831.0, 3457.0, 3201.0, 8.71, -0.52, 4.59, -0.04, -0.14, -0.03
