3683.0, 3790.0, 3907.0, 3921.0, 3317.0, 8.58, 0.72, 4.71, -0.01, -0.14, -0.04
3696.0, 3842.0, 3903.0, 3925.0, 3319.0, 8.83, 0.87, 4.64, 0.06, -0.1, -0.09
3698.0, 3790.0, 3907.0, 3921.0, 3319.0, 9.02, 0.96, 4.68, 0.09, -0.22, -0.05
3698.0, 3792.0, 3906.0, 3921.0, 3324.0, 9.02, 0.98, 4.28, 0.03, -0.29, -0.03
3696.0, 3791.0, 3915.0, 3926.0, 3323.0, 9.05, 1.12, 4.2, 0.07, -0.22, -0.04
3698.0, 3784.0, 3914.0, 3920.0, 3325.0, 9.13, 1.1, 3.95, 0.05, -0.2, -0.02
3696.0, 3792.0, 3904.0, 3952.0, 3322.0, 9.13, 1.14, 4.07, 0.06, -0.15, 0.01
3702.0, 3792.0, 3902.0, 3925.0, 3317.0, 9.05, 0.96, 3.92, -0.0, 0.0, 0.02
3702.0, 3792.0, 3904.0, 3920.0, 3335.0, 9.3, 0.91, 4.19, 0.15, -0.07, 0.03
3702.0, 3791.0, 3905.0, 3921.0, 3317.0, 9.02, 1.23, 4.36, 0.07, -0.13, -0.05
3702.0, 3790.0, 3904.0, 3920.0, 3317.0, 8.98, 1.31, 3.89, 0.03, -0.17, -0.07
3705.0, 3787.0, 3899.0, 3921.0, 3313.0, 9.23, 1.23, 3.64, 0.06, -0.14, -0.02
3701.0, 3789.0, 3901.0, 3920.0, 3312.0, 9.21, 1.07, 3.64, 0.07, -0.08, -0.01
3696.0, 3783.0, 3905.0, 3921.0, 3312.0, 9.24, 1.14, 3.78, -0.04, -0.08, 0.0
3714.0, 3792.0, 3901.0, 3920.0, 3312.0, 9.05, 1.11, 3.81, -0.02, -0.03, -0.0
3716.0, 3787.0, 3906.0, 3920.0, 3312.0, 9.32, 1.08, 3.73, -0.03, -0.06, -0.05
3713.0, 3791.0, 3908.0, 3921.0, 3312.0, 9.16, 1.25, 3.74, 0.0, -0.06, -0.04
3721.0, 3783.0, 3901.0, 3926.0, 3312.0, 9.2, 1.2, 3.68, -0.0, -0.06, -0.0
3714.0, 3783.0, 3902.0, 3920.0, 3311.0, 9.31, 1.17, 3.51, 0.07, -0.04, -0.03
3715.0, 3785.0, 3903.0, 3922.0, 3311.0, 9.29, 1.07, 3.67, 0.04, -0.03, -0.03
3669.0, 3791.0, 3901.0, 3920.0, 3295.0, 9.08, 1.22, 3.63, 0.02, -0.01, -0.02
3730.0, 3783.0, 3903.0, 3930.0, 3317.0, 9.11, 1.14, 3.64, -0.07, -0.02, -0.03
3728.0, 3833.0, 3903.0, 3930.0, 3316.0, 9.3, 1.06, 3.73, 0.02, 0.05, -0.13
3734.0, 3819.0, 3904.0, 3922.0, 3313.0, 9.29, 1.43, 3.95, 0.07, 0.05, -0.05
3729.0, 3825.0, 3904.0, 3926.0, 3313.0, 9.29, 1.41, 4.03, 0.01, -0.01, 0.01
3729.0, 3825.0, 3899.0, 3922.0, 3313.0, 9.38, 1.28, 3.97, 0.05, -0.05, 0.03
3728.0, 3814.0, 3902.0, 3921.0, 3313.0, 9.17, 1.19, 3.84, 0.08, -0.06, 0.01
3728.0, 3824.0, 3899.0, 3923.0, 3312.0, 9.14, 1.26, 3.66, 0.07, -0.03, 0.03
3727.0, 3799.0, 3898.0, 3914.0, 3311.0, 9.11, 1.37, 3.79, 0.02, -0.05, 0.02
3729.0, 3804.0, 3899.0, 3920.0, 3312.0, 8.98, 1.29, 3.85, 0.01, -0.05, -0.01
3729.0, 3838.0, 3895.0, 3920.0, 3312.0, 9.12, 1.24, 3.72, 0.02, -0.06, -0.06
3732.0, 3813.0, 3895.0, 3920.0, 3310.0, 9.28, 1.37, 3.65, 0.0, -0.0, -0.07
3731.0, 3819.0, 3895.0, 3920.0, 3307.0, 9.36, 1.46, 3.87, 0.01, 0.02, -0.05
3734.0, 3847.0, 3895.0, 3920.0, 3310.0, 9.41, 1.3, 4.04, -0.01, -0.04, -0.0
3738.0, 3812.0, 3893.0, 3922.0, 3303.0, 9.31, 1.23, 3.97, 0.01, -0.07, -0.0
3736.0, 3815.0, 3893.0, 3918.0, 3305.0, 9.35, 1.35, 3.97, 0.04, -0.11, -0.01
3735.0, 3841.0, 3889.0, 3917.0, 3306.0, 9.14, 1.37, 3.77, 0.04, -0.14, 0.01
3730.0, 3812.0, 3888.0, 3910.0, 3296.0, 8.97, 1.43, 3.51, 0.02, -0.12, 0.04
3734.0, 3823.0, 3897.0, 3907.0, 3292.0, 9.08, 1.16, 3.56, -0.03, -0.07, 0.05
3735.0, 3820.0, 3897.0, 3914.0, 3293.0, 9.01, 0.93, 3.71, -0.06, -0.05, 0.02
3735.0, 3792.0, 3889.0, 3914.0, 3295.0, 9.18, 1.09, 3.54, -0.1, -0.01, -0.04
3739.0, 3792.0, 3889.0, 3919.0, 3295.0, 9.3, 1.22, 3.44, -0.06, -0.0, -0.04
3743.0, 3795.0, 3888.0, 3914.0, 3297.0, 9.38, 1.36, 3.42, 0.0, 0.0, -0.01
3737.0, 3799.0, 3834.0, 3910.0, 3302.0, 9.39, 1.23, 3.7, 0.05, -0.05, 0.03
3734.0, 3791.0, 3888.0, 3909.0, 3293.0, 9.34, 1.26, 3.67, 0.11, -0.06, 0.02
3740.0, 3786.0, 3887.0, 3919.0, 3296.0, 9.13, 1.26, 3.67, 0.11, -0.07, 0.02
3727.0, 3785.0, 3887.0, 3910.0, 3295.0, 9.16, 1.15, 3.84, 0.12, -0.07, 0.03
3735.0, 3790.0, 3888.0, 3907.0, 3294.0, 9.09, 1.34, 3.82, 0.09, -0.09, 0.05
3738.0, 3787.0, 3888.0, 3914.0, 3307.0, 9.32, 1.22, 3.61, 0.06, -0.1, 0.07
3728.0, 3792.0, 3889.0, 3917.0, 3318.0, 9.22, 1.07, 3.61, 0.02, -0.03, 0.04
