3837.0, 3888.0, 4018.0, 3908.0, 3559.0, 9.91, 1.21, 0.44, 0.02, -0.07, -0.01
3842.0, 3888.0, 4015.0, 3923.0, 3557.0, 9.88, 1.28, 0.43, 0.03, -0.02, 0.01
3849.0, 3890.0, 4020.0, 3925.0, 3567.0, 10.16, 1.14, 0.4, 0.03, -0.01, 0.0
3852.0, 3892.0, 4023.0, 3923.0, 3562.0, 10.07, 1.2, 0.46, 0.03, -0.06, 0.0
3846.0, 3888.0, 4017.0, 3923.0, 3561.0, 9.77, 1.29, 0.35, 0.03, -0.05, -0.02
3842.0, 3884.0, 4015.0, 3923.0, 3559.0, 9.99, 1.22, 0.22, 0.06, 0.01, -0.02
3843.0, 3886.0, 4016.0, 3922.0, 3559.0, 10.03, 1.23, 0.4, 0.03, -0.03, -0.01
3843.0, 3890.0, 4018.0, 3929.0, 3557.0, 9.88, 1.4, 0.53, 0.01, -0.07, -0.01
3841.0, 3886.0, 4008.0, 3925.0, 3553.0, 9.9, 1.3, 0.51, 0.02, -0.01, -0.03
3840.0, 3887.0, 4017.0, 3925.0, 3554.0, 10.18, 1.24, 0.29, 0.05, 0.01, -0.02
3859.0, 3885.0, 4016.0, 3929.0, 3557.0, 9.99, 1.25, 0.55, -0.01, -0.1, -0.0
3842.0, 3888.0, 4000.0, 3923.0, 3555.0, 9.89, 1.27, 0.44, 0.01, -0.05, 0.0
3841.0, 3883.0, 3997.0, 3924.0, 3557.0, 10.0, 1.31, 0.39, 0.07, 0.03, -0.01
3840.0, 3879.0, 3989.0, 3922.0, 3554.0, 10.16, 1.14, 0.42, 0.02, -0.06, 0.04
3842.0, 3887.0, 3966.0, 3920.0, 3554.0, 9.89, 1.31, 0.47, -0.02, -0.03, 0.07
3842.0, 3885.0, 3955.0, 3920.0, 3552.0, 10.33, 1.3, 0.28, 0.03, 0.09, 0.02
3838.0, 3888.0, 3958.0, 3919.0, 3551.0, 10.1, 0.99, 0.5, 0.06, -0.04, -0.01
3841.0, 3885.0, 3955.0, 3917.0, 3551.0, 9.82, 1.13, 0.53, 0.02, -0.06, -0.0
3827.0, 3875.0, 3951.0, 3911.0, 3542.0, 10.01, 1.09, 0.41, 0.05, 0.01, -0.01
3824.0, 3878.0, 3905.0, 3907.0, 3543.0, 10.16, 1.15, 0.44, 0.02, -0.04, 0.01
3834.0, 3876.0, 3955.0, 3914.0, 3542.0, 9.76, 1.09, 0.59, 0.04, -0.03, 0.0
3833.0, 3882.0, 3961.0, 3911.0, 3545.0, 10.05, 1.15, 0.57, 0.06, -0.01, -0.01
3829.0, 3878.0, 3975.0, 3915.0, 3538.0, 10.07, 1.17, 0.43, 0.03, -0.03, -0.02
3828.0, 3877.0, 3987.0, 3920.0, 3542.0, 9.82, 1.3, 0.48, 0.02, -0.07, 0.01
3834.0, 3882.0, 3984.0, 3919.0, 3546.0, 9.79, 1.11, 0.36, 0.03, 0.02, -0.0
3834.0, 3882.0, 3981.0, 3925.0, 3546.0, 10.1, 1.14, 0.48, 0.05, 0.08, -0.0
3831.0, 3877.0, 3987.0, 3909.0, 3542.0, 10.32, 1.1, 0.8, -0.02, -0.08, -0.02
3831.0, 3875.0, 3987.0, 3915.0, 3547.0, 9.7, 1.21, 0.73, 0.01, -0.08, -0.03
3830.0, 3879.0, 3998.0, 3917.0, 3547.0, 9.93, 1.02, 0.37, 0.02, -0.05, -0.03
3833.0, 3885.0, 4001.0, 3915.0, 3541.0, 10.0, 1.19, 0.37, 0.03, -0.01, -0.06
3829.0, 3875.0, 3984.0, 3924.0, 3545.0, 9.94, 1.28, 0.79, 0.02, -0.04, 0.01
3829.0, 3875.0, 3968.0, 3915.0, 3541.0, 10.02, 1.22, 0.57, 0.08, 0.01, -0.03
3826.0, 3875.0, 3957.0, 3918.0, 3539.0, 10.0, 0.94, 0.63, 0.01, -0.05, -0.03
3831.0, 3873.0, 3954.0, 3915.0, 3542.0, 9.93, 1.12, 0.55, 0.03, 0.03, -0.03
3830.0, 3872.0, 3953.0, 3920.0, 3543.0, 9.97, 1.09, 0.58, 0.01, -0.01, -0.02
3829.0, 3874.0, 3952.0, 3920.0, 3541.0, 9.88, 1.17, 0.51, 0.02, -0.05, -0.0
3825.0, 3868.0, 3927.0, 3914.0, 3538.0, 10.02, 1.37, 0.52, 0.02, 0.05, -0.04
3825.0, 3873.0, 3951.0, 3917.0, 3541.0, 10.04, 1.16, 0.55, -0.02, -0.04, -0.0
3869.0, 3845.0, 3947.0, 3907.0, 3533.0, 9.75, 1.24, 0.68, 0.0, -0.02, 0.03
3824.0, 3876.0, 3952.0, 3918.0, 3542.0, 10.13, 1.19, 0.63, 0.0, 0.02, -0.01
3829.0, 3868.0, 3952.0, 3920.0, 3540.0, 10.14, 1.1, 0.62, 0.02, -0.02, 0.02
3841.0, 3871.0, 3952.0, 3920.0, 3540.0, 9.69, 1.3, 0.88, 0.04, -0.0, 0.03
3824.0, 3873.0, 3953.0, 3926.0, 3541.0, 9.9, 1.21, 0.71, 0.09, 0.01, 0.0
3825.0, 3873.0, 3952.0, 3914.0, 3539.0, 10.08, 1.07, 0.51, 0.03, -0.05, 0.01
3825.0, 3873.0, 3952.0, 3923.0, 3538.0, 9.93, 1.02, 0.73, 0.01, -0.05, -0.01
3839.0, 3871.0, 3945.0, 3920.0, 3537.0, 9.99, 1.04, 0.56, 0.08, 0.03, -0.04
3825.0, 3867.0, 3964.0, 3933.0, 3541.0, 9.89, 1.16, 0.63, 0.07, 0.01, -0.02
3825.0, 3872.0, 3950.0, 3920.0, 3536.0, 9.89, 1.23, 1.01, -0.03, 0.0, 0.0
3824.0, 3869.0, 3952.0, 3921.0, 3537.0, 9.94, 1.2, 0.94, 0.01, -0.02, 0.0
3827.0, 3871.0, 3952.0, 3918.0, 3536.0, 10.06, 1.12, 0.68, 0.05, -0.06, -0.02
3827.0, 3861.0, 3962.0, 3920.0, 3535.0, 10.04, 1.17, 0.66, 0.02, -0.08, -0.03
3824.0, 3867.0, 3991.0, 3967.0, 3535.0, 9.98, 1.31, 0.62, 0.07, -0.02, -0.02
3824.0, 3875.0, 3969.0, 3917.0, 3536.0, 9.95, 1.22, 0.82, -0.01, -0.07, -0.01
3827.0, 3869.0, 3968.0, 3920.0, 3534.0, 9.78, 1.16, 0.82, 0.0, -0.1, -0.01
