2720.0, 2790.0, 3723.0, 3533.0, 2797.0, 9.84, -1.15, 0.28, -1.27, 1.53, 1.19
2750.0, 2817.0, 3767.0, 3555.0, 2818.0, 9.85, -3.31, 2.03, -0.04, 2.16, -0.25
2759.0, 2819.0, 3773.0, 3565.0, 2825.0, 7.71, -2.84, 5.45, 0.49, 2.61, -0.47
2778.0, 2818.0, 3776.0, 3574.0, 2841.0, 5.94, 0.56, 6.08, 2.9, 2.79, -1.67
2786.0, 2832.0, 3771.0, 3556.0, 2871.0, 6.79, 0.03, 4.22, 3.31, 3.03, -2.36
2794.0, 2833.0, 3770.0, 3549.0, 2891.0, 5.7, 1.62, 2.57, 4.37, 2.94, -1.53
2795.0, 2835.0, 3761.0, 3542.0, 2896.0, 2.87, 5.45, 3.28, 4.37, 1.52, -0.68
2794.0, 2832.0, 3755.0, 3536.0, 2896.0, 2.09, 9.21, 0.94, 4.37, 0.98, -0.07
2789.0, 2830.0, 3753.0, 3559.0, 2883.0, 3.4, 10.28, -2.09, 4.37, 1.21, 0.83
2803.0, 2827.0, 3745.0, 3529.0, 2875.0, 5.03, 9.33, -3.77, 4.37, 0.35, 1.86
2783.0, 2821.0, 3742.0, 3535.0, 2857.0, 6.04, 8.21, -4.54, 2.86, -1.72, 2.59
2778.0, 2816.0, 3741.0, 3531.0, 2848.0, 7.92, 6.15, -5.33, 1.47, -1.22, 1.49
2785.0, 2814.0, 3731.0, 3520.0, 2853.0, 7.16, 5.26, -5.52, 0.45, -0.5, 0.61
2772.0, 2809.0, 3729.0, 3507.0, 2842.0, 6.85, 5.63, -5.68, -0.1, -0.26, 0.12
2770.0, 2810.0, 3739.0, 3520.0, 2845.0, 6.29, 6.19, -6.27, -0.03, -0.06, 0.01
2768.0, 2810.0, 3727.0, 3505.0, 2841.0, 6.44, 5.37, -6.31, 0.22, -0.06, 0.07
2772.0, 2809.0, 3727.0, 3513.0, 2842.0, 6.68, 4.42, -6.43, 0.02, -0.11, 0.0
2769.0, 2810.0, 3719.0, 3504.0, 2842.0, 6.56, 4.84, -6.24, -0.11, -0.09, 0.06
2770.0, 2810.0, 3721.0, 3514.0, 2839.0, 6.28, 5.18, -6.09, 0.05, -0.0, 0.0
2770.0, 2807.0, 3727.0, 3510.0, 2841.0, 6.33, 4.96, -6.31, 0.06, -0.04, 0.07
2739.0, 2821.0, 3715.0, 3493.0, 2851.0, 6.29, 4.87, -5.98, -0.14, -0.12, 0.12
2769.0, 2805.0, 3715.0, 3523.0, 2835.0, 6.54, 4.88, -6.02, -0.04, -0.08, 0.11
2771.0, 2805.0, 3717.0, 3523.0, 2837.0, 6.54, 4.62, -6.2, -0.13, -0.18, 0.14
2768.0, 2805.0, 3725.0, 3499.0, 2838.0, 6.49, 5.15, -6.12, -0.16, -0.07, 0.08
2768.0, 2801.0, 3713.0, 3499.0, 2832.0, 6.85, 4.81, -6.52, 0.0, -0.11, 0.12
2769.0, 2821.0, 3715.0, 3534.0, 2836.0, 6.64, 4.37, -6.37, -0.07, -0.06, -0.01
2768.0, 2806.0, 3717.0, 3499.0, 2837.0, 6.58, 5.05, -6.24, -0.12, -0.03, 0.02
2768.0, 2803.0, 3712.0, 3497.0, 2834.0, 6.52, 4.79, -6.01, -0.04, -0.07, 0.07
2769.0, 2803.0, 3711.0, 3488.0, 2835.0, 6.37, 4.83, -5.92, -0.01, -0.08, 0.06
2768.0, 2800.0, 3714.0, 3498.0, 2833.0, 6.51, 4.68, -6.25, -0.02, -0.03, 0.0
2768.0, 2800.0, 3712.0, 3487.0, 2832.0, 6.5, 4.75, -6.17, -0.11, -0.06, 0.02
2767.0, 2802.0, 3711.0, 3488.0, 2835.0, 6.64, 5.14, -6.19, -0.01, -0.03, 0.02
2768.0, 2801.0, 3712.0, 3489.0, 2836.0, 6.77, 4.87, -6.06, -0.09, -0.06, 0.05
2765.0, 2800.0, 3728.0, 3495.0, 2834.0, 6.62, 4.87, -5.85, -0.02, -0.1, 0.03
2768.0, 2800.0, 3709.0, 3491.0, 2836.0, 6.6, 4.83, -6.08, -0.07, -0.08, 0.04
2765.0, 2800.0, 3710.0, 3482.0, 2838.0, 6.43, 5.23, -5.87, -0.07, -0.06, 0.04
2767.0, 2789.0, 3707.0, 3491.0, 2833.0, 6.64, 4.78, -5.8, -0.13, -0.08, 0.06
2766.0, 2800.0, 3707.0, 3494.0, 2832.0, 6.7, 4.69, -6.17, -0.0, -0.02, -0.01
2768.0, 2800.0, 3698.0, 3491.0, 2832.0, 6.65, 4.96, -5.94, -0.05, -0.08, 0.04
2763.0, 2799.0, 3702.0, 3488.0, 2832.0, 6.62, 4.73, -5.87, -0.01, -0.12, 0.06
2765.0, 2800.0, 3705.0, 3479.0, 2817.0, 6.53, 4.89, -6.01, -0.02, -0.09, 0.02
2766.0, 2800.0, 3701.0, 3481.0, 2832.0, 6.53, 4.97, -5.9, -0.05, -0.07, 0.03
2767.0, 2798.0, 3702.0, 3492.0, 2832.0, 6.62, 4.99, -5.99, 0.05, 0.01, 0.0
2764.0, 2800.0, 3701.0, 3486.0, 2832.0, 6.57, 4.74, -6.09, 0.03, -0.08, 0.04
2765.0, 2800.0, 3713.0, 3483.0, 2832.0, 6.52, 4.82, -5.87, -0.07, -0.09, 0.07
2761.0, 2799.0, 3702.0, 3482.0, 2832.0, 6.54, 4.83, -6.14, 0.04, 0.0, -0.01
2765.0, 2798.0, 3702.0, 3488.0, 2832.0, 6.69, 4.71, -5.98, -0.06, -0.04, 0.04
2766.0, 2800.0, 3699.0, 3481.0, 2847.0, 6.85, 4.89, -6.09, 0.01, -0.02, 0.02
2766.0, 2799.0, 3707.0, 3473.0, 2832.0, 6.66, 4.94, -6.15, 0.02, 0.02, 0.01
