3418.0, 3031.0, 3307.0, 3703.0, 3242.0, -0.55, 9.67, 0.1, -0.18, -0.07, 0.16
3413.0, 3031.0, 3280.0, 3701.0, 3243.0, -0.96, 9.4, -0.44, -0.1, 0.33, 0.13
3411.0, 3034.0, 3282.0, 3699.0, 3242.0, -0.87, 9.57, 0.44, 0.05, -0.02, 0.17
3411.0, 3031.0, 3290.0, 3702.0, 3243.0, -2.04, 9.13, 0.36, 0.08, -0.02, 0.11
3424.0, 3024.0, 3354.0, 3728.0, 3231.0, -0.37, 9.8, -0.98, 0.06, -0.12, 0.19
3408.0, 3030.0, 3282.0, 3710.0, 3239.0, 0.03, 9.97, -0.28, 0.13, 0.28, 0.25
3407.0, 3034.0, 3281.0, 3680.0, 3241.0, 0.11, 9.22, -0.77, -0.03, 0.06, 0.05
3408.0, 3033.0, 3326.0, 3703.0, 3244.0, 0.0, 9.94, -0.07, -0.12, 0.09, -0.12
3407.0, 3031.0, 3344.0, 3681.0, 3238.0, 0.02, 9.47, -0.72, -0.0, 0.08, -0.02
3405.0, 3035.0, 3328.0, 3698.0, 3241.0, -0.37, 9.93, -0.24, -0.12, 0.04, -0.15
3411.0, 3045.0, 3318.0, 3705.0, 3248.0, -0.52, 9.98, -0.11, -0.0, 0.08, -0.03
3410.0, 3043.0, 3318.0, 3702.0, 3248.0, -0.5, 9.91, -0.05, -0.03, -0.06, -0.03
3408.0, 3043.0, 3318.0, 3702.0, 3248.0, -0.18, 9.74, -0.19, -0.01, 0.0, -0.01
3403.0, 3030.0, 3311.0, 3692.0, 3239.0, -0.11, 9.6, -0.32, -0.05, -0.05, -0.04
3401.0, 3031.0, 3309.0, 3583.0, 3234.0, -0.37, 10.0, 0.04, -0.07, 0.01, -0.05
3397.0, 3031.0, 3308.0, 3696.0, 3241.0, -0.51, 9.59, -0.18, -0.01, -0.0, -0.05
3389.0, 3041.0, 3307.0, 3696.0, 3237.0, -0.5, 10.07, 0.0, -0.08, -0.12, -0.01
3399.0, 3035.0, 3307.0, 3661.0, 3238.0, -0.06, 9.43, -0.23, 0.01, 0.12, -0.02
3399.0, 3035.0, 3302.0, 3694.0, 3234.0, -0.11, 9.79, -0.26, 0.05, -0.04, 0.03
3402.0, 3037.0, 3309.0, 3696.0, 3232.0, -0.15, 9.81, -0.03, 0.06, 0.2, -0.03
3401.0, 3037.0, 3299.0, 3557.0, 3235.0, -0.44, 9.64, -0.28, 0.02, 0.06, -0.07
3399.0, 3039.0, 3296.0, 3690.0, 3238.0, -0.12, 10.13, -0.52, 0.02, 0.18, -0.07
3399.0, 3039.0, 3294.0, 3684.0, 3232.0, 0.43, 9.79, -1.27, -0.08, 0.23, -0.09
3398.0, 3038.0, 3294.0, 3696.0, 3233.0, -0.69, 10.28, -0.45, -0.35, 0.35, -0.19
3399.0, 3037.0, 3293.0, 3687.0, 3237.0, -1.45, 9.77, 0.75, -0.42, 0.28, -0.12
3395.0, 3039.0, 3283.0, 3685.0, 3234.0, -1.16, 9.49, 1.08, -0.24, 0.15, 0.01
3397.0, 3040.0, 3292.0, 3684.0, 3241.0, -0.8, 9.31, 1.07, -0.17, 0.04, -0.02
3397.0, 3047.0, 3309.0, 3684.0, 3231.0, -0.82, 9.48, 1.0, -0.11, -0.07, -0.07
3399.0, 3037.0, 3297.0, 3690.0, 3235.0, -0.4, 9.46, 0.8, 0.03, -0.0, -0.03
3397.0, 3040.0, 3351.0, 3692.0, 3239.0, -0.32, 9.38, 0.62, 0.12, -0.01, -0.01
3398.0, 3040.0, 3338.0, 3685.0, 3233.0, -0.66, 9.71, 0.07, 0.02, 0.11, -0.13
3405.0, 3050.0, 3328.0, 3693.0, 3242.0, -1.19, 9.76, 0.78, 0.03, 0.07, -0.09
3406.0, 3051.0, 3319.0, 3694.0, 3246.0, -0.97, 9.88, 0.83, 0.08, -0.05, 0.0
3406.0, 3050.0, 3318.0, 3695.0, 3247.0, -0.89, 9.47, 0.58, 0.04, -0.08, -0.05
3359.0, 3051.0, 3329.0, 3690.0, 3243.0, -1.14, 10.0, 0.57, -0.01, -0.11, -0.09
3406.0, 3051.0, 3310.0, 3691.0, 3242.0, -1.04, 9.79, 0.75, 0.04, -0.12, 0.05
3402.0, 3053.0, 3310.0, 3440.0, 3247.0, -0.9, 9.52, 0.71, 0.01, -0.17, 0.01
3405.0, 3051.0, 3310.0, 3690.0, 3243.0, -0.69, 9.65, 0.46, 0.13, -0.1, 0.07
3402.0, 3051.0, 3311.0, 3689.0, 3242.0, -0.54, 9.71, 0.18, 0.07, -0.08, 0.01
3401.0, 3051.0, 3311.0, 3693.0, 3242.0, -0.44, 9.65, 0.28, 0.09, 0.02, 0.02
3403.0, 3053.0, 3311.0, 3648.0, 3243.0, -0.64, 9.59, 0.47, 0.02, 0.07, -0.07
3402.0, 3051.0, 3310.0, 3692.0, 3241.0, -0.85, 9.85, 0.2, 0.14, 0.08, 0.03
3401.0, 3051.0, 3310.0, 3689.0, 3241.0, -0.66, 9.82, -0.1, 0.07, 0.03, 0.0
3402.0, 3050.0, 3309.0, 3690.0, 3245.0, -0.69, 9.82, 0.3, 0.06, 0.06, 0.05
3405.0, 3053.0, 3311.0, 3690.0, 3241.0, -0.89, 9.71, 0.33, -0.01, -0.03, -0.03
3403.0, 3053.0, 3308.0, 3689.0, 3239.0, -0.82, 9.88, 0.24, -0.01, -0.06, -0.0
3399.0, 3050.0, 3309.0, 3687.0, 3241.0, -0.58, 9.76, 0.13, -0.04, -0.12, 0.02
3393.0, 3041.0, 3330.0, 3680.0, 3230.0, -0.49, 9.49, 0.14, -0.07, -0.07, -0.03
3394.0, 3040.0, 3302.0, 3675.0, 3230.0, -0.59, 9.83, 0.19, -0.02, -0.04, -0.01
3393.0, 3040.0, 3301.0, 3447.0, 3236.0, -0.65, 9.62, 0.41, -0.01, 0.06, 0.0
3386.0, 3037.0, 3312.0, 3696.0, 3231.0, -0.83, 9.71, 0.54, -0.03, -0.02, -0.01
