3504.0, 3125.0, 3751.0, 3632.0, 3151.0, 9.08, 4.05, 3.31, -2.73, -1.16, -0.13
3504.0, 3125.0, 3824.0, 3605.0, 3152.0, 9.24, 2.33, 2.75, -0.07, -0.75, -0.33
3504.0, 3122.0, 3769.0, 3630.0, 3152.0, 8.57, 3.67, 1.29, 0.24, -0.75, -0.25
3505.0, 3122.0, 3779.0, 3623.0, 3155.0, 8.97, 2.38, -0.35, 1.77, 0.47, -0.88
3505.0, 3126.0, 3669.0, 3621.0, 3152.0, 8.47, 4.51, -1.01, 2.02, 0.56, -0.64
3506.0, 3127.0, 3713.0, 3622.0, 3152.0, 9.93, 2.16, -1.64, 3.68, 1.67, -0.98
3510.0, 3130.0, 3739.0, 3621.0, 3151.0, 8.4, 5.88, -2.36, 4.37, 2.6, -0.98
3507.0, 3137.0, 3811.0, 3649.0, 3153.0, 7.91, 5.89, -1.56, 4.37, 2.84, -0.44
3504.0, 3142.0, 3931.0, 3631.0, 3154.0, 7.47, 7.17, -1.13, 4.37, 2.15, -0.17
3505.0, 3147.0, 3906.0, 3629.0, 3154.0, 7.5, 6.82, -1.75, 1.87, 0.77, -0.3
3504.0, 3152.0, 3686.0, 3631.0, 3155.0, 7.09, 7.57, -1.08, 0.16, 0.29, -0.42
3503.0, 3125.0, 3747.0, 3627.0, 3155.0, 7.64, 7.14, -0.68, -1.55, -0.58, -0.04
3502.0, 3151.0, 3675.0, 3628.0, 3155.0, 6.84, 8.61, -0.04, -1.84, -0.4, 0.2
3504.0, 3149.0, 3748.0, 3627.0, 3152.0, 7.74, 5.1, -0.59, -4.37, -1.66, 1.03
3505.0, 3142.0, 3665.0, 3628.0, 3152.0, 7.86, 4.26, 0.6, -4.37, -1.23, 0.76
3504.0, 3142.0, 3696.0, 3632.0, 3152.0, 8.69, 2.55, 0.51, -4.37, -1.34, 1.17
3502.0, 3137.0, 3750.0, 3627.0, 3152.0, 10.46, -0.21, 2.85, -4.37, -0.35, 0.28
3502.0, 3137.0, 3826.0, 3633.0, 3152.0, 10.36, 0.91, 6.24, -1.97, 0.03, -1.12
3501.0, 3136.0, 3763.0, 3632.0, 3152.0, 11.26, 2.05, 6.9, -0.82, -1.15, -1.62
3504.0, 3131.0, 3684.0, 3632.0, 3152.0, 9.65, 6.44, 2.73, 0.14, -2.11, -0.98
3490.0, 3125.0, 3667.0, 3628.0, 3152.0, 9.35, 5.23, -1.48, 1.94, -1.43, -0.82
3511.0, 3136.0, 3760.0, 3633.0, 3151.0, 8.62, 5.56, -4.4, 4.37, 0.39, -0.68
3536.0, 3137.0, 4016.0, 3639.0, 3152.0, 9.27, 4.71, -5.42, 4.37, 1.98, -0.72
3520.0, 3138.0, 3673.0, 3638.0, 3152.0, 8.75, 3.09, -3.31, 4.21, 2.74, -0.63
3519.0, 3142.0, 3673.0, 3633.0, 3152.0, 6.33, 6.05, -1.09, 2.12, 2.25, -0.51
3508.0, 3143.0, 3691.0, 3632.0, 3151.0, 6.44, 4.06, -0.24, -0.14, 1.2, -0.18
3506.0, 3141.0, 3665.0, 3632.0, 3151.0, 6.1, 4.5, 0.85, -1.69, 0.14, -0.1
3521.0, 3136.0, 3680.0, 3629.0, 3142.0, 7.61, 4.12, 0.64, -3.3, -1.29, 0.22
3507.0, 3135.0, 3699.0, 3623.0, 3151.0, 7.59, 5.76, 1.43, -3.58, -1.7, 0.49
3506.0, 3123.0, 3664.0, 3625.0, 3146.0, 9.98, 2.25, 1.5, -4.37, -1.91, 0.99
3511.0, 3131.0, 3664.0, 3616.0, 3151.0, 11.55, -0.9, 2.48, -4.37, -1.52, 0.34
3491.0, 3120.0, 3666.0, 3616.0, 3150.0, 9.56, 2.27, 3.19, -1.04, -0.37, -0.78
3504.0, 3127.0, 3664.0, 3629.0, 3150.0, 9.45, 2.58, 1.22, 2.5, 0.54, -1.68
3506.0, 3125.0, 3664.0, 3625.0, 3147.0, 8.61, 4.6, -0.9, 3.34, 0.32, -1.59
3504.0, 3125.0, 3664.0, 3621.0, 3149.0, 7.97, 6.12, -3.43, 4.11, 1.35, -1.6
3505.0, 3131.0, 3677.0, 3606.0, 3147.0, 7.85, 7.38, -3.3, 2.67, 0.96, -0.82
3505.0, 3136.0, 3820.0, 3615.0, 3149.0, 8.55, 5.62, -3.3, 1.71, 0.9, -0.46
3507.0, 3162.0, 3805.0, 3626.0, 3135.0, 8.09, 6.16, -2.71, 1.85, 1.15, -0.7
3506.0, 3136.0, 3765.0, 3621.0, 3149.0, 7.68, 7.22, -1.76, 1.23, 0.89, -0.57
3504.0, 3135.0, 3919.0, 3625.0, 3143.0, 7.54, 9.32, 0.4, -0.9, -0.03, 0.32
3504.0, 3131.0, 3760.0, 3619.0, 3146.0, 8.22, 7.66, -0.15, -3.76, -1.62, 1.11
3510.0, 3129.0, 3735.0, 3623.0, 3149.0, 7.76, 7.22, -1.04, -4.37, -2.52, 1.83
3510.0, 3127.0, 3671.0, 3620.0, 3147.0, 10.0, 1.41, 0.15, -4.37, -2.04, 1.9
3505.0, 3125.0, 3765.0, 3631.0, 3147.0, 9.02, 4.33, 2.25, -1.5, -0.62, 0.99
3503.0, 3133.0, 3840.0, 3623.0, 3144.0, 9.48, 3.29, 1.0, -0.11, -0.65, 0.87
3506.0, 3127.0, 3665.0, 3621.0, 3144.0, 9.48, 1.82, -0.37, 1.98, 0.48, -0.27
3505.0, 3126.0, 3819.0, 3626.0, 3147.0, 8.44, 3.81, -2.13, 3.81, 1.23, -0.57
3510.0, 3145.0, 3781.0, 3630.0, 3155.0, 8.65, 2.88, -2.58, 3.83, 1.61, -0.56
3504.0, 3136.0, 3856.0, 3622.0, 3147.0, 8.6, 2.65, -1.79, 3.08, 1.59, -0.81
3504.0, 3142.0, 3805.0, 3620.0, 3147.0, 8.12, 4.47, -0.58, 2.56, 1.46, -0.98
3504.0, 3142.0, 3667.0, 3622.0, 3149.0, 7.96, 5.93, 0.23, 0.88, 0.41, -0.64
