3275.0, 3267.0, 3419.0, 3222.0, 2821.0, 1.32, 1.33, 9.61, 0.06, -0.04, -0.04
3282.0, 3278.0, 3427.0, 3230.0, 2832.0, 1.34, 1.49, 9.58, 0.08, -0.05, -0.07
3280.0, 3277.0, 3427.0, 3226.0, 2831.0, 1.5, 1.31, 9.57, 0.13, -0.06, -0.09
3277.0, 3279.0, 3427.0, 3218.0, 2832.0, 1.43, 1.37, 9.62, 0.19, -0.02, -0.14
3269.0, 3280.0, 3437.0, 3214.0, 2832.0, 1.64, 1.02, 10.58, 0.62, 0.18, -0.35
3259.0, 3309.0, 3421.0, 3216.0, 2834.0, 3.03, 2.43, 12.19, 3.73, -1.03, -1.02
3262.0, 3376.0, 3434.0, 3396.0, 2959.0, 2.35, 8.09, 11.74, 1.91, -4.37, 0.16
3249.0, 3392.0, 3463.0, 3451.0, 3005.0, 7.15, 8.82, 7.43, 2.13, -2.5, 0.61
3229.0, 3396.0, 3479.0, 3421.0, 2969.0, 6.22, 10.54, 5.23, 2.96, -2.01, 1.34
3216.0, 3423.0, 3511.0, 3402.0, 2939.0, 4.1, 9.88, 5.27, 2.72, -1.15, 1.91
3218.0, 3441.0, 3554.0, 3402.0, 2932.0, 5.14, 6.83, 2.31, 2.98, -0.82, 2.68
3243.0, 3460.0, 3811.0, 3408.0, 2921.0, 5.41, 4.72, 1.13, 2.44, -0.33, 2.63
3262.0, 3487.0, 3829.0, 3439.0, 2913.0, 5.95, 2.93, 0.1, 2.37, -0.07, 2.39
3295.0, 3510.0, 3650.0, 3471.0, 2921.0, 6.3, 0.67, -0.51, 2.0, -0.13, 1.92
3329.0, 3525.0, 3761.0, 3489.0, 2928.0, 6.99, -0.36, -0.11, 1.61, 0.26, 1.24
3376.0, 3552.0, 3676.0, 3518.0, 2951.0, 7.13, -0.45, 0.02, 1.4, 0.07, 0.99
3409.0, 3574.0, 3890.0, 3537.0, 2973.0, 7.99, -1.05, 1.65, 1.1, -0.17, 0.77
3435.0, 3583.0, 3805.0, 3553.0, 2989.0, 10.09, -1.32, 0.16, 0.75, 0.19, -0.13
3426.0, 3573.0, 3686.0, 3549.0, 2981.0, 11.37, -1.74, 0.46, 0.34, -0.02, -0.2
3424.0, 3568.0, 3760.0, 3546.0, 2986.0, 11.08, -0.34, 0.17, 0.01, 0.12, -0.01
3413.0, 3559.0, 3685.0, 3539.0, 2986.0, 10.85, -0.26, -0.19, 0.15, 0.09, -0.14
3408.0, 3550.0, 3783.0, 3536.0, 2981.0, 10.48, -0.24, -0.02, 0.05, 0.07, 0.03
3406.0, 3547.0, 3691.0, 3536.0, 2981.0, 10.09, -0.3, 0.01, 0.04, 0.02, 0.12
3399.0, 3543.0, 3681.0, 3534.0, 2979.0, 9.91, -0.09, -0.19, 0.16, -0.07, -0.0
3402.0, 3543.0, 3910.0, 3535.0, 2981.0, 9.99, -0.5, -0.25, 0.17, -0.05, -0.05
3396.0, 3536.0, 3910.0, 3535.0, 2982.0, 9.9, -0.28, -0.16, 0.09, -0.06, -0.03
3394.0, 3536.0, 3663.0, 3533.0, 2982.0, 9.89, -0.26, 0.08, 0.17, -0.02, -0.22
3392.0, 3536.0, 3661.0, 3533.0, 2982.0, 9.94, 0.13, -0.09, 0.1, -0.1, -0.03
3393.0, 3537.0, 3661.0, 3549.0, 2990.0, 10.05, 0.01, -0.24, 0.12, -0.07, -0.07
3391.0, 3536.0, 3665.0, 3548.0, 2992.0, 10.06, -0.05, -0.13, 0.09, -0.0, -0.08
3392.0, 3535.0, 3663.0, 3556.0, 2998.0, 10.29, 0.0, -0.1, 0.07, 0.03, -0.01
3391.0, 3526.0, 3659.0, 3556.0, 2999.0, 10.24, -0.0, -0.09, 0.07, 0.01, 0.03
3391.0, 3533.0, 3657.0, 3548.0, 2996.0, 10.18, -0.13, 0.01, 0.05, -0.04, 0.02
3392.0, 3530.0, 3659.0, 3541.0, 2993.0, 9.98, -0.22, -0.14, 0.02, -0.06, 0.0
3387.0, 3531.0, 3659.0, 3537.0, 2998.0, 9.93, -0.37, -0.03, -0.04, -0.1, 0.02
3390.0, 3531.0, 3643.0, 3541.0, 2992.0, 10.09, -0.43, 0.34, -0.11, -0.1, -0.04
3389.0, 3526.0, 3663.0, 3538.0, 2991.0, 9.78, -0.65, 0.68, -0.23, -0.3, -0.14
3392.0, 3525.0, 3678.0, 3530.0, 2988.0, 9.22, -1.38, 0.9, -0.55, -0.33, -0.48
3361.0, 3488.0, 3659.0, 3509.0, 2973.0, 9.35, -1.16, 0.27, -1.13, -0.0, -1.26
3324.0, 3379.0, 3622.0, 3471.0, 2935.0, 8.21, 0.62, 0.86, -1.81, 0.13, -1.79
3285.0, 3296.0, 3565.0, 3408.0, 2890.0, 7.41, 2.71, 0.66, -1.96, 0.16, -1.86
3241.0, 3258.0, 3463.0, 3357.0, 2876.0, 5.81, 3.87, 2.21, -2.46, 0.34, -2.23
3212.0, 3247.0, 3427.0, 3337.0, 2853.0, 5.84, 4.86, 2.3, -2.98, 0.34, -2.29
3191.0, 3251.0, 3410.0, 3322.0, 2847.0, 5.39, 6.46, 2.35, -2.21, 0.83, -2.8
3184.0, 3248.0, 3565.0, 3310.0, 2850.0, 4.83, 7.88, 3.14, -2.66, 1.9, -1.86
3169.0, 3232.0, 3504.0, 3282.0, 2843.0, 7.5, 5.25, 6.72, -3.43, 1.86, -1.21
3143.0, 3208.0, 3392.0, 3235.0, 2831.0, 4.49, 9.48, 8.57, -2.37, 2.96, -2.06
3107.0, 3174.0, 3402.0, 3187.0, 2818.0, 2.91, 6.38, 11.31, -2.07, 1.48, -0.55
3071.0, 3152.0, 3302.0, 3158.0, 2815.0, 1.47, 7.37, 16.57, 1.52, 0.18, -0.27
3082.0, 3233.0, 3328.0, 3187.0, 2817.0, 3.8, 11.41, 14.26, 3.01, -2.06, 2.38
3225.0, 3446.0, 3525.0, 3395.0, 2878.0, 5.39, 11.66, 7.4, 3.81, -2.15, 3.86
3312.0, 3497.0, 3835.0, 3497.0, 2961.0, 6.08, 3.11, 2.87, 2.73, -1.23, 3.38
3319.0, 3518.0, 3658.0, 3536.0, 2977.0, 5.55, 1.24, 1.33, 2.14, -0.52, 2.15
3318.0, 3520.0, 3659.0, 3550.0, 2975.0, 6.61, 5.08, 1.9, 1.01, -0.26, 1.87
3316.0, 3520.0, 3655.0, 3549.0, 2973.0, 7.93, 4.93, 3.95, 0.99, -0.87, 1.78
3318.0, 3519.0, 3657.0, 3552.0, 2978.0, 7.3, 3.32, 2.11, 1.19, -0.68, 1.21
3318.0, 3510.0, 3648.0, 3549.0, 2976.0, 8.07, 2.14, 1.3, 0.97, -0.37, 0.82
3313.0, 3507.0, 3645.0, 3539.0, 2975.0, 8.57, 1.08, 1.66, 0.65, -0.4, 0.62
