3666.0, 3758.0, 3898.0, 3458.0, 3525.0, 9.08, 4.16, -1.09, 0.01, -0.08, 0.01
3677.0, 3758.0, 3911.0, 3465.0, 3536.0, 9.15, 4.1, -1.24, 0.01, -0.06, -0.01
3677.0, 3750.0, 3907.0, 3463.0, 3534.0, 9.04, 4.26, -1.13, 0.01, -0.08, 0.0
3663.0, 3736.0, 3892.0, 3451.0, 3520.0, 9.07, 4.18, -1.28, 0.01, -0.06, 0.0
3664.0, 3744.0, 3891.0, 3456.0, 3523.0, 9.07, 4.16, -1.32, -0.0, -0.05, 0.0
3664.0, 3745.0, 3897.0, 3461.0, 3525.0, 9.17, 4.11, -1.23, 0.02, -0.06, -0.0
3664.0, 3747.0, 3895.0, 3456.0, 3524.0, 9.11, 4.1, -1.19, -0.0, -0.04, -0.01
3669.0, 3746.0, 3905.0, 3458.0, 3520.0, 9.12, 4.15, -1.43, 0.02, -0.05, -0.0
3664.0, 3745.0, 3893.0, 3459.0, 3521.0, 9.14, 4.09, -1.29, 0.02, -0.03, 0.0
3664.0, 3743.0, 3895.0, 3461.0, 3521.0, 9.17, 4.1, -1.3, 0.0, -0.03, -0.0
3664.0, 3739.0, 3891.0, 3458.0, 3523.0, 9.18, 4.19, -1.13, 0.02, -0.03, -0.0
3680.0, 3741.0, 3894.0, 3459.0, 3526.0, 9.12, 4.11, -1.19, 0.02, -0.04, -0.01
3664.0, 3743.0, 3894.0, 3458.0, 3525.0, 9.1, 4.1, -1.3, 0.01, -0.03, -0.01
3667.0, 3745.0, 3897.0, 3457.0, 3523.0, 9.08, 4.19, -1.31, 0.02, -0.04, -0.0
3665.0, 3743.0, 3892.0, 3456.0, 3523.0, 9.17, 4.07, -1.28, 0.02, -0.03, 0.0
3661.0, 3740.0, 3894.0, 3459.0, 3523.0, 9.12, 4.1, -1.21, 0.01, -0.03, -0.0
3665.0, 3742.0, 3891.0, 3472.0, 3520.0, 9.14, 4.08, -1.18, 0.0, -0.03, -0.0
3664.0, 3741.0, 3895.0, 3458.0, 3520.0, 9.14, 4.15, -1.34, 0.01, -0.03, -0.01
3665.0, 3740.0, 3892.0, 3462.0, 3519.0, 9.11, 4.02, -1.16, 0.01, -0.03, -0.01
3696.0, 3739.0, 3893.0, 3457.0, 3523.0, 9.12, 4.1, -1.24, -0.0, -0.03, -0.01
3664.0, 3743.0, 3897.0, 3457.0, 3521.0, 9.1, 4.09, -1.15, 0.01, -0.04, -0.01
3664.0, 3743.0, 3893.0, 3456.0, 3523.0, 9.18, 4.05, -1.15, 0.01, -0.05, -0.01
3666.0, 3739.0, 3898.0, 3457.0, 3523.0, 9.22, 4.13, -1.27, -0.01, -0.06, -0.01
3665.0, 3741.0, 3887.0, 3456.0, 3524.0, 9.09, 4.14, -1.22, 0.03, -0.05, -0.01
3670.0, 3744.0, 3894.0, 3457.0, 3522.0, 9.08, 4.1, -1.27, 0.0, -0.03, -0.0
3666.0, 3741.0, 3871.0, 3454.0, 3525.0, 9.16, 4.08, -1.28, 0.01, -0.03, 0.0
3667.0, 3741.0, 3894.0, 3455.0, 3523.0, 9.13, 4.04, -1.21, 0.01, -0.04, -0.0
3664.0, 3741.0, 3894.0, 3458.0, 3521.0, 9.13, 4.07, -1.22, -0.01, -0.02, -0.01
3665.0, 3738.0, 3895.0, 3456.0, 3525.0, 9.13, 4.15, -1.14, 0.01, -0.03, -0.01
3665.0, 3740.0, 3891.0, 3456.0, 3521.0, 9.21, 4.08, -1.22, 0.01, -0.02, -0.01
3666.0, 3738.0, 3894.0, 3456.0, 3522.0, 9.1, 4.13, -1.14, 0.01, -0.02, -0.01
3664.0, 3742.0, 3888.0, 3461.0, 3522.0, 9.19, 4.08, -1.18, 0.02, -0.03, -0.01
3666.0, 3739.0, 3894.0, 3456.0, 3520.0, 9.17, 4.06, -1.22, 0.01, -0.03, -0.0
3667.0, 3743.0, 3886.0, 3453.0, 3522.0, 9.17, 4.14, -1.19, 0.02, -0.03, -0.02
3667.0, 3741.0, 3898.0, 3456.0, 3521.0, 9.06, 4.14, -1.14, 0.02, -0.02, -0.02
3669.0, 3737.0, 3894.0, 3459.0, 3523.0, 9.09, 4.18, -1.23, 0.02, -0.02, 0.0
3666.0, 3735.0, 3891.0, 3454.0, 3525.0, 9.08, 4.05, -1.09, 0.02, -0.02, 0.01
3664.0, 3738.0, 3894.0, 3457.0, 3521.0, 9.14, 4.07, -1.23, 0.02, -0.01, -0.02
3666.0, 3739.0, 3896.0, 3456.0, 3523.0, 9.17, 4.15, -1.22, 0.02, 0.01, -0.02
3666.0, 3738.0, 3899.0, 3457.0, 3521.0, 9.15, 4.19, -1.01, 0.03, -0.01, 0.01
3680.0, 3755.0, 3904.0, 3463.0, 3535.0, 9.1, 4.19, -1.24, 0.07, -0.03, 0.0
3665.0, 3747.0, 3891.0, 3459.0, 3527.0, 8.93, 4.18, -1.42, 0.07, 0.02, 0.01
3666.0, 3733.0, 3888.0, 3459.0, 3520.0, 9.11, 3.9, -1.1, 0.07, 0.05, 0.0
3665.0, 3739.0, 3904.0, 3464.0, 3522.0, 9.07, 4.13, -0.76, 0.1, 0.08, 0.01
3664.0, 3725.0, 3904.0, 3456.0, 3520.0, 9.18, 4.0, -0.91, 0.08, 0.02, -0.01
3666.0, 3738.0, 3891.0, 3461.0, 3520.0, 9.17, 4.07, -0.85, 0.06, 0.02, -0.02
3667.0, 3738.0, 3899.0, 3459.0, 3526.0, 9.24, 4.07, -0.69, -0.01, -0.01, -0.01
3664.0, 3741.0, 3899.0, 3456.0, 3520.0, 9.2, 4.21, -0.53, -0.02, -0.03, -0.01
3664.0, 3734.0, 3891.0, 3459.0, 3522.0, 9.35, 3.98, -0.67, -0.03, -0.12, -0.0
3665.0, 3735.0, 3894.0, 3458.0, 3523.0, 9.32, 3.99, -0.89, 0.0, -0.2, -0.0
3669.0, 3759.0, 3890.0, 3458.0, 3521.0, 9.09, 3.87, -1.26, 0.03, -0.19, -0.03
