3664.0, 3751.0, 3888.0, 3430.0, 3515.0, 9.12, 3.87, -1.46, -0.01, -0.06, -0.01
3675.0, 3756.0, 3898.0, 3453.0, 3522.0, 9.16, 3.87, -1.61, -0.01, -0.06, -0.03
3668.0, 3751.0, 3888.0, 3453.0, 3521.0, 9.15, 3.75, -1.33, -0.03, -0.09, -0.06
3669.0, 3747.0, 3888.0, 3452.0, 3520.0, 9.1, 4.11, -1.65, -0.01, -0.1, -0.09
3668.0, 3753.0, 3890.0, 3451.0, 3520.0, 8.95, 4.34, -1.74, -0.01, -0.03, -0.06
3668.0, 3751.0, 3889.0, 3454.0, 3519.0, 8.87, 4.49, -1.71, -0.03, 0.05, -0.01
3638.0, 3749.0, 3888.0, 3441.0, 3525.0, 9.05, 4.36, -1.35, -0.03, 0.08, 0.05
3669.0, 3751.0, 3888.0, 3451.0, 3519.0, 9.36, 4.11, -1.2, 0.02, -0.02, 0.08
3681.0, 3745.0, 3899.0, 3440.0, 3517.0, 9.17, 3.78, -1.22, 0.03, -0.07, 0.05
3666.0, 3750.0, 3899.0, 3455.0, 3511.0, 9.22, 3.8, -1.38, 0.01, -0.07, 0.0
3665.0, 3754.0, 3901.0, 3460.0, 3519.0, 9.14, 3.89, -1.55, 0.01, -0.06, -0.01
3669.0, 3753.0, 3891.0, 3450.0, 3518.0, 9.15, 4.0, -1.65, 0.04, -0.05, -0.03
3668.0, 3750.0, 3891.0, 3439.0, 3520.0, 9.08, 4.16, -1.44, 0.04, -0.05, -0.03
3669.0, 3750.0, 3888.0, 3454.0, 3520.0, 9.11, 4.17, -1.4, 0.03, -0.06, -0.0
3643.0, 3750.0, 3888.0, 3453.0, 3520.0, 9.18, 4.04, -1.43, 0.02, -0.07, 0.0
3663.0, 3747.0, 3887.0, 3440.0, 3515.0, 9.13, 3.94, -1.6, 0.0, -0.08, -0.01
3657.0, 3750.0, 3879.0, 3456.0, 3519.0, 9.07, 3.97, -1.55, -0.0, -0.07, -0.01
3671.0, 3751.0, 3891.0, 3454.0, 3520.0, 9.11, 4.09, -1.61, 0.01, -0.08, -0.02
3668.0, 3749.0, 3890.0, 3454.0, 3520.0, 9.07, 4.05, -1.69, 0.0, -0.08, -0.02
3667.0, 3746.0, 3886.0, 3438.0, 3521.0, 9.13, 4.08, -1.62, 0.01, -0.06, -0.02
3666.0, 3746.0, 3889.0, 3435.0, 3520.0, 9.09, 4.13, -1.55, 0.0, -0.06, 0.0
3665.0, 3749.0, 3888.0, 3453.0, 3511.0, 9.03, 3.95, -1.61, 0.01, -0.06, 0.0
3671.0, 3737.0, 3890.0, 3451.0, 3519.0, 9.13, 3.91, -1.8, 0.01, -0.07, -0.01
3679.0, 3758.0, 3895.0, 3458.0, 3527.0, 9.02, 4.07, -1.64, -0.01, -0.02, -0.01
3677.0, 3757.0, 3902.0, 3457.0, 3526.0, 9.07, 4.11, -1.7, 0.01, -0.03, -0.01
3675.0, 3758.0, 3894.0, 3459.0, 3528.0, 9.09, 4.03, -1.59, 0.01, -0.04, -0.0
3677.0, 3758.0, 3894.0, 3457.0, 3527.0, 9.16, 3.98, -1.62, 0.01, -0.04, -0.0
3665.0, 3753.0, 3888.0, 3449.0, 3519.0, 9.08, 4.0, -1.56, 0.01, -0.05, -0.02
3666.0, 3745.0, 3890.0, 3447.0, 3518.0, 9.03, 4.15, -1.67, 0.01, -0.03, -0.01
3670.0, 3749.0, 3899.0, 3455.0, 3519.0, 9.14, 4.14, -1.61, -0.0, -0.01, -0.0
3665.0, 3748.0, 3903.0, 3449.0, 3521.0, 9.17, 3.99, -1.49, 0.0, -0.04, -0.0
3666.0, 3747.0, 3888.0, 3450.0, 3522.0, 9.15, 3.95, -1.58, 0.02, -0.07, -0.01
3666.0, 3751.0, 3889.0, 3457.0, 3517.0, 9.09, 3.97, -1.66, 0.01, -0.08, -0.03
3664.0, 3747.0, 3888.0, 3455.0, 3519.0, 9.06, 4.15, -1.78, 0.01, -0.05, -0.03
3664.0, 3755.0, 3895.0, 3459.0, 3527.0, 9.0, 4.23, -1.8, 0.02, -0.02, -0.01
3664.0, 3750.0, 3888.0, 3447.0, 3520.0, 9.07, 4.15, -1.67, 0.02, -0.03, 0.01
3665.0, 3749.0, 3888.0, 3447.0, 3521.0, 9.11, 3.92, -1.6, 0.01, -0.05, 0.0
3678.0, 3757.0, 3898.0, 3455.0, 3526.0, 9.15, 3.99, -1.68, 0.01, -0.07, -0.02
3671.0, 3757.0, 3894.0, 3457.0, 3525.0, 8.98, 4.15, -1.81, 0.0, -0.04, -0.02
3666.0, 3743.0, 3887.0, 3451.0, 3518.0, 8.99, 4.09, -1.73, 0.01, -0.02, -0.0
3678.0, 3757.0, 3903.0, 3456.0, 3524.0, 9.1, 4.06, -1.65, 0.0, -0.01, 0.0
3671.0, 3753.0, 3894.0, 3456.0, 3525.0, 9.1, 4.07, -1.64, 0.01, -0.02, -0.01
3671.0, 3756.0, 3889.0, 3455.0, 3533.0, 9.05, 4.13, -1.62, 0.01, -0.01, -0.01
3674.0, 3757.0, 3898.0, 3457.0, 3526.0, 9.11, 4.1, -1.48, -0.0, -0.01, -0.0
3664.0, 3763.0, 3891.0, 3457.0, 3523.0, 9.19, 3.96, -1.61, 0.02, -0.06, 0.01
3671.0, 3751.0, 3892.0, 3455.0, 3522.0, 9.04, 3.99, -1.74, 0.02, -0.04, -0.02
3670.0, 3753.0, 3891.0, 3451.0, 3521.0, 9.01, 4.05, -1.65, 0.0, -0.03, -0.03
3669.0, 3753.0, 3893.0, 3454.0, 3534.0, 9.08, 4.15, -1.5, 0.02, -0.06, -0.0
3666.0, 3747.0, 3893.0, 3454.0, 3518.0, 9.11, 3.98, -1.69, 0.01, -0.08, -0.0
3679.0, 3743.0, 3888.0, 3455.0, 3518.0, 9.01, 4.0, -1.81, 0.0, -0.05, -0.03
3664.0, 3743.0, 3885.0, 3451.0, 3516.0, 9.0, 4.22, -1.6, -0.0, -0.01, -0.03
