3779.0, 3837.0, 3937.0, 3956.0, 3542.0, 9.42, 3.88, -0.56, 0.0, -0.03, 0.01
3777.0, 3840.0, 3939.0, 3933.0, 3539.0, 9.46, 3.66, -0.73, 0.02, -0.02, -0.0
3783.0, 3838.0, 3936.0, 3953.0, 3545.0, 9.28, 3.68, -0.65, 0.01, -0.0, 0.0
3776.0, 3830.0, 3932.0, 3952.0, 3541.0, 9.44, 3.63, -0.57, -0.0, -0.0, 0.01
3774.0, 3824.0, 3932.0, 3952.0, 3538.0, 9.39, 3.68, -0.5, 0.01, -0.03, -0.0
3776.0, 3819.0, 3959.0, 3952.0, 3545.0, 9.3, 3.79, -0.46, 0.02, -0.04, -0.01
3770.0, 3821.0, 3936.0, 3952.0, 3537.0, 9.45, 3.68, -0.66, 0.01, -0.03, -0.01
3770.0, 3819.0, 3915.0, 3954.0, 3539.0, 9.33, 3.78, -0.57, 0.0, -0.05, -0.01
3770.0, 3819.0, 3927.0, 3949.0, 3541.0, 9.32, 3.59, -0.72, 0.01, -0.01, -0.0
3763.0, 3815.0, 3923.0, 3951.0, 3536.0, 9.37, 3.69, -0.66, -0.02, -0.0, -0.03
3761.0, 3797.0, 3948.0, 3950.0, 3537.0, 9.39, 3.7, -0.7, -0.0, -0.03, -0.03
3810.0, 3817.0, 3940.0, 3946.0, 3537.0, 9.28, 3.67, -0.48, 0.01, -0.03, -0.01
3762.0, 3815.0, 3933.0, 3946.0, 3536.0, 9.37, 3.76, -0.86, 0.02, -0.03, -0.01
3774.0, 3823.0, 3931.0, 3959.0, 3543.0, 9.37, 3.62, -0.7, 0.0, -0.05, -0.0
3772.0, 3818.0, 3932.0, 3953.0, 3543.0, 9.4, 3.69, -0.62, -0.02, 0.01, -0.04
3771.0, 3824.0, 3932.0, 3952.0, 3541.0, 9.38, 3.74, -0.44, 0.01, -0.04, -0.0
3767.0, 3820.0, 3926.0, 3957.0, 3540.0, 9.31, 3.83, -0.49, 0.01, -0.02, -0.0
3767.0, 3821.0, 3935.0, 3952.0, 3540.0, 9.42, 3.72, -0.61, -0.01, -0.03, -0.02
3769.0, 3815.0, 3926.0, 3955.0, 3541.0, 9.38, 3.77, -0.57, 0.03, -0.04, -0.01
3766.0, 3815.0, 3932.0, 3952.0, 3538.0, 9.32, 3.68, -0.47, 0.0, -0.02, -0.01
3763.0, 3812.0, 3926.0, 3952.0, 3537.0, 9.44, 3.79, -0.6, 0.0, -0.02, -0.0
3763.0, 3814.0, 3927.0, 3950.0, 3537.0, 9.42, 3.68, -0.49, 0.03, -0.05, 0.0
3767.0, 3813.0, 3921.0, 3952.0, 3536.0, 9.35, 3.62, -0.45, 0.05, -0.04, 0.03
3761.0, 3814.0, 3921.0, 3951.0, 3536.0, 9.39, 3.72, -0.55, 0.04, -0.06, -0.0
3761.0, 3806.0, 3929.0, 3951.0, 3535.0, 9.39, 3.56, -0.76, 0.02, -0.02, 0.0
3760.0, 3812.0, 3921.0, 3947.0, 3536.0, 9.32, 3.64, -0.52, 0.01, -0.02, -0.01
3765.0, 3815.0, 3921.0, 3943.0, 3536.0, 9.41, 3.76, -0.5, 0.02, -0.02, -0.01
3766.0, 3811.0, 3926.0, 3950.0, 3536.0, 9.4, 3.63, -0.62, 0.02, -0.02, -0.02
3757.0, 3803.0, 3913.0, 3941.0, 3527.0, 9.33, 3.73, -0.6, -0.01, -0.04, -0.0
3760.0, 3802.0, 3920.0, 3942.0, 3529.0, 9.25, 3.65, -0.55, -0.01, -0.02, 0.0
3799.0, 3763.0, 3898.0, 3921.0, 3535.0, 9.47, 3.72, -0.5, 0.0, -0.06, -0.0
3758.0, 3802.0, 3919.0, 3943.0, 3568.0, 9.4, 3.62, -0.48, -0.0, -0.06, 0.01
3756.0, 3801.0, 3918.0, 3942.0, 3526.0, 9.34, 3.65, -0.61, 0.01, -0.04, -0.0
3759.0, 3803.0, 3920.0, 3987.0, 3553.0, 9.41, 3.54, -0.56, -0.0, -0.05, 0.0
3759.0, 3804.0, 3918.0, 3943.0, 3529.0, 9.35, 3.57, -0.63, 0.01, -0.02, -0.0
3757.0, 3803.0, 3915.0, 3937.0, 3529.0, 9.38, 3.65, -0.56, 0.01, -0.03, -0.01
3759.0, 3801.0, 3920.0, 3943.0, 3530.0, 9.42, 3.6, -0.53, 0.01, -0.03, 0.0
3760.0, 3799.0, 3920.0, 3943.0, 3530.0, 9.42, 3.59, -0.58, 0.01, -0.03, -0.0
3755.0, 3798.0, 3920.0, 3936.0, 3536.0, 9.36, 3.55, -0.67, 0.0, -0.04, 0.0
3758.0, 3803.0, 3920.0, 3951.0, 3531.0, 9.41, 3.66, -0.53, 0.01, -0.02, -0.0
3757.0, 3802.0, 3919.0, 3942.0, 3526.0, 9.45, 3.5, -0.6, 0.01, -0.04, 0.0
3760.0, 3803.0, 3917.0, 3942.0, 3529.0, 9.4, 3.72, -0.58, 0.01, -0.04, -0.01
3758.0, 3798.0, 3920.0, 3937.0, 3525.0, 9.4, 3.58, -0.57, 0.01, -0.03, 0.0
3759.0, 3803.0, 3919.0, 3943.0, 3525.0, 9.4, 3.56, -0.55, 0.0, -0.02, -0.01
3751.0, 3799.0, 3915.0, 3950.0, 3527.0, 9.38, 3.62, -0.5, 0.02, -0.04, 0.0
3757.0, 3797.0, 3919.0, 3943.0, 3521.0, 9.34, 3.53, -0.42, 0.01, -0.03, -0.01
3758.0, 3801.0, 3920.0, 3940.0, 3521.0, 9.38, 3.53, -0.56, 0.02, -0.03, -0.01
3774.0, 3779.0, 3917.0, 3907.0, 3503.0, 9.39, 3.57, -0.48, 0.01, -0.03, -0.01
3758.0, 3797.0, 3918.0, 3941.0, 3526.0, 9.45, 3.63, -0.46, 0.02, -0.04, -0.02
3754.0, 3795.0, 3921.0, 3940.0, 3527.0, 9.33, 3.63, -0.53, 0.01, -0.02, -0.0
