3152.0, 3059.0, 3280.0, 3583.0, 3152.0, 10.89, 3.98, -3.06, 1.04, 0.03, -0.29
3152.0, 3058.0, 3280.0, 3599.0, 3158.0, 10.38, 3.68, -2.07, 1.44, -0.06, -0.06
3151.0, 3057.0, 3271.0, 3583.0, 3157.0, 9.83, 2.76, -2.13, 1.54, 0.03, 0.05
3151.0, 3061.0, 3269.0, 3597.0, 3159.0, 9.86, 1.75, -2.34, 1.41, 0.05, 0.2
3143.0, 3061.0, 3264.0, 3583.0, 3155.0, 9.35, 1.42, -1.85, 1.15, 0.15, 0.34
3151.0, 3057.0, 3266.0, 3583.0, 3154.0, 9.04, 1.49, -2.14, 0.94, 0.6, 0.44
3148.0, 3058.0, 3271.0, 3583.0, 3155.0, 9.51, 0.3, -0.7, 0.6, 1.06, 0.79
3149.0, 3062.0, 3276.0, 3583.0, 3156.0, 9.86, 0.39, 0.78, 0.6, 1.13, 0.59
3142.0, 3063.0, 3274.0, 3583.0, 3156.0, 9.93, 0.2, 2.09, 0.49, 0.83, 0.4
3146.0, 3063.0, 3267.0, 3582.0, 3152.0, 10.55, -1.24, 2.03, 0.97, 0.56, 0.12
3146.0, 3050.0, 3276.0, 3583.0, 3153.0, 10.74, -3.41, 1.94, 2.58, 0.76, -1.59
3140.0, 3070.0, 3301.0, 3613.0, 3149.0, 9.15, -0.0, 2.23, 4.37, 1.9, -3.4
3150.0, 3070.0, 3344.0, 3583.0, 3152.0, 8.28, 4.69, 2.08, 4.37, 1.85, -2.81
3146.0, 3071.0, 3280.0, 3580.0, 3151.0, 6.2, 6.1, 0.71, 4.37, 3.01, -3.56
3142.0, 3091.0, 3266.0, 3583.0, 3151.0, 2.78, 10.54, -3.52, 4.37, 4.37, -4.24
3131.0, 3094.0, 3280.0, 3583.0, 3150.0, 4.08, 10.39, -0.92, 2.86, 0.34, 0.49
3125.0, 3099.0, 3279.0, 3598.0, 3150.0, 3.94, 9.11, -2.91, 0.44, 0.53, 0.33
3121.0, 3101.0, 3319.0, 3583.0, 3147.0, 5.13, 6.64, -4.04, -0.47, -0.48, 0.75
3121.0, 3095.0, 3310.0, 3582.0, 3146.0, 5.24, 7.51, -3.6, -1.01, -0.5, 0.65
3123.0, 3091.0, 3280.0, 3582.0, 3145.0, 4.71, 8.7, -3.5, -3.25, -1.66, 1.92
3129.0, 3088.0, 3629.0, 3577.0, 3143.0, 5.77, 8.14, -3.02, -4.37, -2.42, 2.59
3136.0, 3083.0, 3280.0, 3568.0, 3143.0, 8.0, 4.89, -2.67, -4.37, -2.16, 2.35
3142.0, 3071.0, 3281.0, 3575.0, 3143.0, 7.47, 5.44, -3.21, -4.37, -3.26, 3.82
3152.0, 3081.0, 3301.0, 3571.0, 3137.0, 7.25, 5.96, -5.61, -4.37, -2.68, 4.37
3150.0, 3087.0, 3317.0, 3568.0, 3148.0, 12.37, -7.28, -4.48, -4.37, -0.17, 2.72
3143.0, 3066.0, 3270.0, 3575.0, 3143.0, 9.85, 0.18, -0.62, -1.34, 0.24, 0.3
3142.0, 3059.0, 3266.0, 3568.0, 3145.0, 9.84, 1.8, -1.78, 0.27, -0.14, 0.12
3147.0, 3062.0, 3258.0, 3568.0, 3145.0, 10.07, 2.02, -2.23, -0.81, -0.04, 0.11
3144.0, 3059.0, 3285.0, 3565.0, 3146.0, 10.07, 1.27, -2.1, -0.46, -0.06, -0.12
3142.0, 3059.0, 3267.0, 3574.0, 3142.0, 9.75, 2.3, -2.4, 0.56, -0.19, -0.18
3143.0, 3058.0, 3216.0, 3566.0, 3143.0, 10.2, 0.79, -2.42, 0.99, -0.0, -0.35
3139.0, 3063.0, 3332.0, 3570.0, 3141.0, 10.12, -0.23, -0.75, 3.09, 0.02, -1.51
3137.0, 3040.0, 3339.0, 3571.0, 3147.0, 9.77, 0.9, -3.77, 4.37, 1.13, -3.68
3138.0, 3068.0, 3300.0, 3575.0, 3141.0, 9.45, 3.01, -7.02, 4.37, 2.6, -4.37
3135.0, 3082.0, 3280.0, 3583.0, 3138.0, 6.74, 5.09, -3.73, 4.37, 2.78, -4.01
3129.0, 3088.0, 3274.0, 3583.0, 3138.0, 5.82, 7.71, -2.91, 4.37, 2.18, -2.06
3124.0, 3089.0, 3277.0, 3583.0, 3140.0, 5.88, 7.53, -5.02, 2.51, 0.9, -1.35
3121.0, 3103.0, 3275.0, 3583.0, 3136.0, 6.07, 5.8, -4.84, 0.9, 0.41, -0.73
3119.0, 3090.0, 3277.0, 3583.0, 3137.0, 6.08, 7.47, -4.19, 0.52, 0.6, -0.57
3120.0, 3089.0, 3274.0, 3583.0, 3140.0, 5.68, 8.92, -3.33, 0.21, 0.34, -0.49
3123.0, 3086.0, 3545.0, 3574.0, 3137.0, 4.01, 10.47, -4.22, -3.87, -1.87, 2.35
3133.0, 3071.0, 3280.0, 3573.0, 3141.0, 4.53, 6.58, -4.7, -4.37, -3.3, 4.37
3143.0, 3070.0, 3280.0, 3575.0, 3136.0, 7.89, 3.97, -0.78, -4.37, -1.16, 4.09
3142.0, 3066.0, 3265.0, 3573.0, 3136.0, 10.4, -2.87, -0.24, -4.37, -0.7, 4.37
3142.0, 3065.0, 3263.0, 3568.0, 3137.0, 10.87, -3.72, 3.73, -2.46, 1.03, 0.45
3142.0, 3065.0, 3265.0, 3568.0, 3136.0, 10.46, -1.04, 3.67, -1.61, 0.4, 0.1
3148.0, 3061.0, 3264.0, 3558.0, 3136.0, 10.42, -0.37, 2.02, -1.88, 0.28, -0.04
3146.0, 3058.0, 3276.0, 3567.0, 3138.0, 9.86, 0.43, 1.62, -1.74, 0.0, -0.32
3161.0, 3059.0, 3276.0, 3564.0, 3134.0, 9.61, 0.85, 0.01, -1.13, -0.21, -0.29
3147.0, 3056.0, 3280.0, 3568.0, 3135.0, 9.5, 0.96, -0.58, -0.75, -0.23, -0.24
