2551.0, 2600.0, 3250.0, 3159.0, 2796.0, 9.68, 2.65, -0.78, 0.04, -0.04, -0.01
2559.0, 2597.0, 3249.0, 3155.0, 2794.0, 9.71, 2.6, -0.9, -0.03, -0.0, 0.0
2559.0, 2601.0, 3253.0, 3159.0, 2790.0, 9.7, 2.76, -0.7, 0.04, -0.05, -0.02
2559.0, 2598.0, 3254.0, 3158.0, 2794.0, 9.68, 2.65, -0.57, 0.0, -0.07, -0.0
2559.0, 2599.0, 3229.0, 3159.0, 2795.0, 9.68, 2.64, -0.91, -0.0, -0.03, -0.0
2559.0, 2601.0, 3251.0, 3157.0, 2796.0, 9.74, 2.67, -0.9, 0.03, -0.06, -0.02
2559.0, 2602.0, 3261.0, 3158.0, 2794.0, 9.67, 2.75, -0.79, 0.01, -0.07, -0.01
2559.0, 2598.0, 3232.0, 3157.0, 2795.0, 9.72, 2.57, -0.74, 0.01, 0.01, -0.0
2559.0, 2602.0, 3248.0, 3159.0, 2794.0, 9.78, 2.73, -0.73, 0.04, -0.04, -0.02
2591.0, 2608.0, 3253.0, 3152.0, 2795.0, 9.64, 2.62, -0.14, 0.56, -0.53, 0.09
2642.0, 2662.0, 3313.0, 3226.0, 2802.0, 9.73, 3.07, -0.43, 0.84, -0.94, 0.02
2695.0, 2754.0, 3630.0, 3475.0, 2826.0, 9.96, 2.69, -2.63, 0.7, -1.12, 0.19
2763.0, 2827.0, 3661.0, 3525.0, 2896.0, 9.21, 1.72, -2.99, 0.7, -1.27, 0.37
2825.0, 2887.0, 3734.0, 3579.0, 2971.0, 9.01, 1.47, -3.55, 0.23, -0.54, 0.51
2865.0, 2928.0, 3769.0, 3616.0, 3020.0, 9.45, 1.03, -3.9, 0.88, -1.32, 0.29
2905.0, 2960.0, 3778.0, 3612.0, 3098.0, 8.18, 0.88, -6.66, 0.59, -0.83, 0.48
2940.0, 2992.0, 3814.0, 3629.0, 3141.0, 8.84, 0.9, -4.91, -0.41, -0.1, -0.07
2945.0, 3008.0, 3829.0, 3637.0, 3175.0, 9.35, 1.26, -6.69, -0.43, -0.61, 0.76
2992.0, 3034.0, 3888.0, 3667.0, 3191.0, 8.26, 0.56, -3.65, -0.05, -0.25, 0.48
2980.0, 3026.0, 3840.0, 3648.0, 3213.0, 9.2, 0.66, -5.23, -0.16, 0.26, 0.21
3003.0, 3046.0, 3867.0, 3664.0, 3221.0, 9.84, 0.34, -6.39, 0.11, -0.41, 0.21
2994.0, 3038.0, 3866.0, 3662.0, 3206.0, 8.69, 0.74, -5.49, -0.31, 0.25, 0.09
2992.0, 3037.0, 3861.0, 3664.0, 3190.0, 8.87, 0.77, -4.81, 0.04, 0.13, -0.06
2989.0, 3036.0, 3877.0, 3666.0, 3184.0, 9.17, 0.75, -5.02, 0.21, 0.0, -0.13
2981.0, 3030.0, 3879.0, 3665.0, 3180.0, 9.18, 1.02, -4.77, 0.11, -0.12, -0.03
2974.0, 3024.0, 3859.0, 3661.0, 3173.0, 9.06, 0.8, -4.63, 0.03, -0.02, -0.05
2955.0, 3020.0, 3859.0, 3656.0, 3168.0, 8.87, 1.07, -4.82, 0.01, -0.05, 0.01
2960.0, 3013.0, 3856.0, 3648.0, 3165.0, 9.01, 0.81, -4.86, 0.04, 0.04, -0.02
2958.0, 3009.0, 3843.0, 3648.0, 3162.0, 9.09, 0.77, -4.91, 0.01, -0.03, -0.01
2955.0, 3008.0, 3846.0, 3645.0, 3161.0, 9.08, 0.65, -4.54, -0.01, -0.01, 0.02
2953.0, 3006.0, 3847.0, 3654.0, 3154.0, 9.19, 0.86, -4.89, -0.06, -0.03, 0.06
2950.0, 3002.0, 3850.0, 3643.0, 3152.0, 9.12, 0.46, -4.64, 0.04, -0.04, -0.01
2947.0, 3002.0, 3843.0, 3628.0, 3152.0, 8.81, 0.92, -4.54, -0.05, 0.02, 0.03
2946.0, 2999.0, 3839.0, 3649.0, 3150.0, 9.09, 1.08, -4.72, 0.12, 0.08, -0.09
2944.0, 2999.0, 3861.0, 3649.0, 3147.0, 9.1, 0.77, -4.82, 0.0, -0.04, -0.0
2944.0, 2994.0, 3841.0, 3653.0, 3145.0, 8.92, 0.88, -4.57, 0.07, -0.01, -0.02
2949.0, 2995.0, 3839.0, 3640.0, 3146.0, 9.13, 0.77, -4.76, 0.08, 0.06, -0.03
2938.0, 2995.0, 3836.0, 3638.0, 3142.0, 9.05, 0.83, -4.48, 0.03, -0.05, 0.02
2939.0, 2992.0, 3833.0, 3637.0, 3142.0, 9.05, 0.71, -4.43, 0.06, 0.01, -0.03
2937.0, 2992.0, 3831.0, 3643.0, 3141.0, 9.1, 0.9, -4.6, 0.01, -0.04, -0.01
2932.0, 2991.0, 3827.0, 3635.0, 3136.0, 8.97, 0.71, -4.46, 0.03, 0.01, -0.04
2934.0, 2990.0, 3827.0, 3636.0, 3136.0, 9.11, 0.85, -4.49, 0.04, 0.01, -0.04
2931.0, 2991.0, 3827.0, 3637.0, 3135.0, 9.15, 0.74, -4.46, 0.02, -0.06, -0.0
2929.0, 2987.0, 3824.0, 3633.0, 3133.0, 9.02, 0.92, -4.49, 0.08, 0.01, -0.03
2928.0, 2986.0, 3827.0, 3635.0, 3132.0, 9.06, 0.72, -4.65, 0.02, -0.04, -0.02
2928.0, 2986.0, 3824.0, 3634.0, 3130.0, 9.12, 0.65, -4.52, 0.08, 0.05, -0.06
2928.0, 2983.0, 3824.0, 3633.0, 3127.0, 9.14, 0.86, -4.53, 0.03, -0.09, -0.03
2928.0, 2984.0, 3824.0, 3635.0, 3126.0, 9.05, 0.75, -4.47, 0.06, -0.03, -0.04
2927.0, 2990.0, 3824.0, 3633.0, 3127.0, 9.22, 0.85, -4.47, 0.07, 0.04, -0.04
2927.0, 2983.0, 3824.0, 3634.0, 3127.0, 9.2, 0.64, -4.3, 0.11, -0.1, -0.07
