3207.0, 3018.0, 3264.0, 2996.0, 2775.0, 9.53, 1.85, 2.62, 0.06, -0.04, -0.01
3194.0, 3010.0, 3257.0, 2993.0, 2800.0, 9.56, 1.81, 2.67, -0.05, -0.04, 0.02
3183.0, 3011.0, 3265.0, 3001.0, 2778.0, 9.46, 1.58, 2.62, 0.02, -0.0, -0.01
3179.0, 3008.0, 3261.0, 2993.0, 2774.0, 9.59, 1.74, 2.66, 0.04, -0.04, -0.01
3178.0, 3008.0, 3264.0, 2998.0, 2777.0, 9.55, 1.73, 2.49, 0.04, -0.03, 0.01
3165.0, 3008.0, 3262.0, 2994.0, 2775.0, 9.5, 1.73, 2.53, 0.01, -0.02, -0.02
3154.0, 3007.0, 3263.0, 2992.0, 2774.0, 9.48, 1.78, 2.57, 0.02, -0.04, -0.0
3152.0, 3005.0, 3263.0, 2993.0, 2779.0, 9.47, 1.84, 2.54, -0.04, -0.04, 0.01
3146.0, 3007.0, 3262.0, 2993.0, 2778.0, 9.43, 1.61, 2.55, -0.0, -0.02, -0.0
3142.0, 3005.0, 3261.0, 2997.0, 2775.0, 9.53, 1.81, 2.55, -0.02, -0.03, 0.01
3131.0, 3003.0, 3260.0, 2992.0, 2777.0, 9.45, 1.82, 2.7, -0.02, -0.03, -0.0
3122.0, 3003.0, 3260.0, 2997.0, 2778.0, 9.52, 1.87, 2.54, -0.04, -0.07, 0.01
3117.0, 3002.0, 3261.0, 2992.0, 2775.0, 9.56, 2.06, 2.62, 0.02, -0.15, 0.16
3110.0, 3041.0, 3319.0, 3010.0, 2774.0, 9.21, 2.15, 2.75, -0.13, -1.14, 1.0
3253.0, 3508.0, 3583.0, 3154.0, 2769.0, 9.61, 0.86, 0.8, -0.17, -0.63, 0.7
3408.0, 3695.0, 3764.0, 3558.0, 2827.0, 10.08, 0.02, 2.17, -0.27, -0.13, 0.22
3515.0, 3749.0, 3808.0, 3663.0, 2927.0, 9.69, 0.26, 1.88, -0.13, 0.09, 0.01
3570.0, 3775.0, 3822.0, 3695.0, 3005.0, 9.71, 0.6, 1.54, -0.22, 0.3, -0.09
3621.0, 3764.0, 3819.0, 3730.0, 3062.0, 9.89, 0.7, 2.09, -0.11, 0.16, -0.05
3635.0, 3759.0, 3810.0, 3703.0, 3106.0, 9.86, 0.57, 1.93, -0.01, 0.23, -0.12
3657.0, 3760.0, 3814.0, 3713.0, 3135.0, 9.51, 0.67, 2.27, -0.07, 0.17, -0.04
3658.0, 3749.0, 3802.0, 3701.0, 3136.0, 9.8, 0.64, 2.06, -0.1, -0.03, 0.0
3634.0, 3718.0, 3782.0, 3692.0, 3133.0, 9.77, 0.64, 2.28, -0.1, 0.04, 0.01
3649.0, 3729.0, 3787.0, 3681.0, 3127.0, 9.62, 0.68, 2.19, -0.17, 0.04, -0.0
3651.0, 3724.0, 3780.0, 3680.0, 3123.0, 9.83, 0.62, 2.29, -0.12, 0.07, 0.03
3657.0, 3724.0, 3773.0, 3679.0, 3120.0, 9.86, 0.51, 2.24, -0.14, 0.08, -0.03
3650.0, 3702.0, 3775.0, 3668.0, 3136.0, 9.63, 0.79, 2.67, 0.01, 0.05, -0.02
3645.0, 3717.0, 3774.0, 3674.0, 3137.0, 9.59, 0.63, 2.85, -0.14, 0.05, 0.01
3648.0, 3710.0, 3772.0, 3667.0, 3137.0, 9.75, 0.6, 2.68, -0.03, -0.01, -0.02
3641.0, 3706.0, 3751.0, 3666.0, 3136.0, 9.66, 0.71, 2.65, 0.01, -0.05, 0.01
3643.0, 3698.0, 3777.0, 3664.0, 3136.0, 9.66, 0.79, 2.56, 0.0, -0.03, -0.02
3638.0, 3703.0, 3763.0, 3664.0, 3134.0, 9.67, 0.66, 2.51, -0.01, -0.05, 0.01
3666.0, 3737.0, 3736.0, 3664.0, 3141.0, 9.63, 0.51, 2.61, -0.05, -0.07, 0.03
3632.0, 3699.0, 3760.0, 3660.0, 3136.0, 9.68, 0.54, 2.58, -0.01, -0.05, 0.02
3634.0, 3696.0, 3760.0, 3663.0, 3136.0, 9.64, 0.53, 2.63, -0.02, -0.07, 0.01
3631.0, 3695.0, 3760.0, 3658.0, 3143.0, 9.76, 0.38, 2.42, 0.01, -0.07, -0.01
3628.0, 3693.0, 3762.0, 3663.0, 3138.0, 9.68, 0.62, 2.65, 0.0, -0.09, -0.01
3629.0, 3691.0, 3760.0, 3659.0, 3142.0, 9.76, 0.4, 2.35, -0.04, -0.06, -0.01
3627.0, 3695.0, 3760.0, 3658.0, 3143.0, 9.67, 0.47, 2.36, 0.03, -0.04, -0.03
3622.0, 3709.0, 3737.0, 3638.0, 3138.0, 9.69, 0.46, 2.4, -0.02, -0.04, -0.03
3619.0, 3691.0, 3760.0, 3655.0, 3147.0, 9.76, 0.65, 2.53, 0.01, -0.03, -0.04
3629.0, 3687.0, 3760.0, 3653.0, 3147.0, 9.65, 0.62, 2.52, 0.01, -0.04, -0.02
3619.0, 3687.0, 3758.0, 3650.0, 3147.0, 9.58, 0.53, 2.55, 0.02, -0.02, -0.03
3620.0, 3684.0, 3759.0, 3651.0, 3149.0, 9.69, 0.46, 2.37, 0.0, 0.0, -0.05
3615.0, 3679.0, 3761.0, 3658.0, 3153.0, 9.63, 0.59, 2.45, 0.0, 0.03, -0.06
3616.0, 3682.0, 3755.0, 3658.0, 3147.0, 9.59, 0.65, 2.49, 0.02, 0.04, -0.08
3611.0, 3679.0, 3760.0, 3653.0, 3147.0, 9.53, 0.8, 2.7, 0.01, 0.05, -0.06
3614.0, 3677.0, 3756.0, 3655.0, 3146.0, 9.62, 0.7, 2.8, 0.02, 0.0, -0.05
3613.0, 3681.0, 3755.0, 3651.0, 3146.0, 9.59, 0.78, 2.72, 0.0, 0.02, -0.04
3603.0, 3675.0, 3758.0, 3654.0, 3150.0, 9.49, 0.81, 2.64, 0.09, 0.08, -0.1
3607.0, 3678.0, 3757.0, 3651.0, 3149.0, 9.65, 0.75, 2.72, -0.03, 0.02, -0.07
3609.0, 3677.0, 3758.0, 3649.0, 3151.0, 9.51, 0.87, 2.81, -0.02, 0.06, -0.09
3606.0, 3675.0, 3758.0, 3648.0, 3149.0, 9.5, 0.93, 2.78, -0.04, 0.03, -0.07
3605.0, 3671.0, 3749.0, 3651.0, 3152.0, 9.49, 0.99, 2.8, 0.01, 0.06, -0.08
3600.0, 3681.0, 3755.0, 3650.0, 3152.0, 9.55, 0.85, 3.04, -0.05, 0.05, -0.07
3600.0, 3671.0, 3751.0, 3651.0, 3152.0, 9.51, 1.15, 3.32, -0.01, 0.03, -0.05
3600.0, 3670.0, 3751.0, 3653.0, 3152.0, 9.42, 1.14, 3.17, -0.01, -0.01, -0.02
3600.0, 3670.0, 3739.0, 3651.0, 3152.0, 9.15, 1.36, 3.07, -0.02, -0.06, 0.02
