2593.0, 2619.0, 3245.0, 3147.0, 2771.0, 9.44, 3.4, -0.73, -0.03, 0.03, -0.01
2590.0, 2614.0, 3243.0, 3150.0, 2774.0, 9.52, 3.29, -0.68, 0.05, -0.05, -0.01
2593.0, 2614.0, 3245.0, 3150.0, 2777.0, 9.51, 3.21, -0.67, 0.01, 0.01, -0.01
2590.0, 2614.0, 3242.0, 3149.0, 2768.0, 9.58, 3.36, -0.67, 0.01, -0.07, -0.01
2592.0, 2614.0, 3239.0, 3150.0, 2774.0, 9.51, 3.27, -0.74, 0.03, -0.07, -0.02
2591.0, 2615.0, 3242.0, 3151.0, 2771.0, 9.46, 3.35, -0.8, -0.01, -0.03, 0.0
2591.0, 2618.0, 3246.0, 3150.0, 2774.0, 9.51, 3.35, -0.74, 0.05, -0.05, -0.02
2591.0, 2616.0, 3245.0, 3152.0, 2770.0, 9.51, 3.25, -0.72, 0.02, -0.03, 0.0
2595.0, 2619.0, 3245.0, 3152.0, 2775.0, 9.57, 3.29, -0.62, -0.01, -0.03, -0.01
2591.0, 2617.0, 3245.0, 3152.0, 2776.0, 9.48, 3.22, -0.75, -0.0, -0.04, -0.03
2585.0, 2615.0, 3246.0, 3152.0, 2773.0, 9.7, 3.81, -0.24, 0.13, -0.22, 0.14
2595.0, 2624.0, 3251.0, 3214.0, 2780.0, 8.36, 5.12, 0.86, 1.13, -2.53, 0.8
2627.0, 2645.0, 3283.0, 3301.0, 2831.0, 9.67, 2.58, -3.08, 1.3, -1.1, 0.38
2667.0, 2676.0, 3317.0, 3336.0, 2912.0, 8.95, 2.73, -4.35, 0.53, -0.39, 0.8
2706.0, 2711.0, 3366.0, 3364.0, 2978.0, 9.27, 0.93, -4.18, 1.21, -0.41, 0.17
2729.0, 2736.0, 3372.0, 3367.0, 3003.0, 9.57, 1.1, -4.58, 2.24, 0.76, -0.7
2741.0, 2741.0, 3371.0, 3363.0, 3012.0, 9.06, 1.13, -3.49, 1.52, 1.16, -1.14
2739.0, 2741.0, 3367.0, 3362.0, 3018.0, 9.21, 1.54, -2.98, 1.7, 1.14, -1.1
2743.0, 2739.0, 3364.0, 3358.0, 3019.0, 9.32, 1.73, -2.12, 0.83, 0.49, -0.62
2737.0, 2735.0, 3347.0, 3353.0, 3012.0, 9.72, 2.22, -2.44, -0.17, 0.25, -0.19
2736.0, 2734.0, 3346.0, 3349.0, 3006.0, 9.82, 2.19, -2.21, -0.32, -0.15, -0.04
2734.0, 2730.0, 3344.0, 3351.0, 3001.0, 9.38, 2.54, -2.19, -0.16, 0.03, -0.05
2725.0, 2731.0, 3344.0, 3373.0, 2998.0, 9.33, 2.66, -2.15, 0.02, 0.09, -0.16
2727.0, 2738.0, 3344.0, 3349.0, 2992.0, 9.7, 2.49, -2.26, 0.06, -0.14, -0.04
2730.0, 2705.0, 3350.0, 3376.0, 2974.0, 9.47, 2.53, -2.06, 0.0, -0.09, 0.01
2725.0, 2721.0, 3353.0, 3350.0, 2985.0, 9.52, 2.55, -2.49, -0.06, 0.03, -0.03
2726.0, 2719.0, 3347.0, 3345.0, 2988.0, 9.55, 2.23, -2.38, -0.02, -0.17, 0.04
2725.0, 2719.0, 3347.0, 3351.0, 2987.0, 9.49, 2.4, -2.51, -0.04, -0.08, -0.0
2724.0, 2720.0, 3365.0, 3351.0, 2982.0, 9.61, 2.28, -2.39, 0.01, -0.16, 0.02
2724.0, 2720.0, 3347.0, 3365.0, 2983.0, 9.49, 2.39, -2.52, -0.1, 0.04, 0.0
2727.0, 2719.0, 3350.0, 3349.0, 2982.0, 9.65, 2.37, -2.43, 0.01, -0.09, 0.01
2722.0, 2719.0, 3344.0, 3348.0, 2980.0, 9.45, 2.33, -2.36, -0.07, 0.01, 0.03
2725.0, 2717.0, 3343.0, 3345.0, 2982.0, 9.79, 2.33, -2.44, 0.04, -0.12, -0.01
2723.0, 2716.0, 3346.0, 3351.0, 2979.0, 9.6, 2.19, -2.35, 0.02, -0.11, 0.01
2726.0, 2719.0, 3344.0, 3349.0, 2979.0, 9.64, 2.4, -2.46, -0.04, -0.03, -0.03
2725.0, 2718.0, 3348.0, 3347.0, 2977.0, 9.51, 2.27, -2.52, 0.05, -0.16, -0.02
2721.0, 2719.0, 3346.0, 3349.0, 2976.0, 9.34, 2.48, -2.59, -0.04, 0.01, -0.01
2721.0, 2718.0, 3344.0, 3347.0, 2975.0, 9.65, 2.36, -2.51, -0.01, -0.02, -0.02
2721.0, 2716.0, 3350.0, 3347.0, 2974.0, 9.58, 2.27, -2.31, -0.01, -0.16, 0.04
2721.0, 2719.0, 3345.0, 3349.0, 2978.0, 9.41, 2.52, -2.61, -0.06, 0.08, -0.01
2724.0, 2714.0, 3344.0, 3349.0, 2974.0, 9.63, 2.38, -2.55, 0.01, -0.1, -0.02
2720.0, 2717.0, 3344.0, 3345.0, 2975.0, 9.46, 2.46, -2.42, 0.01, -0.08, -0.01
2722.0, 2715.0, 3345.0, 3346.0, 2971.0, 9.54, 2.48, -2.45, -0.03, -0.03, 0.0
2731.0, 2720.0, 3344.0, 3348.0, 2971.0, 9.62, 2.38, -2.56, 0.04, -0.1, 0.01
2727.0, 2720.0, 3359.0, 3347.0, 2973.0, 9.43, 2.3, -2.51, 0.01, 0.03, -0.02
2721.0, 2717.0, 3346.0, 3351.0, 2973.0, 9.59, 2.37, -2.63, -0.01, -0.05, -0.0
2721.0, 2715.0, 3346.0, 3345.0, 2973.0, 9.58, 2.32, -2.45, 0.01, -0.09, -0.0
2720.0, 2717.0, 3346.0, 3347.0, 2973.0, 9.49, 2.41, -2.48, 0.0, -0.04, -0.01
2721.0, 2720.0, 3344.0, 3353.0, 2973.0, 9.53, 2.44, -2.55, 0.03, -0.08, -0.02
2721.0, 2715.0, 3349.0, 3346.0, 2971.0, 9.42, 2.42, -2.48, -0.01, -0.05, -0.0
