3675.0, 3790.0, 3931.0, 3487.0, 3555.0, 9.1, 4.33, -0.55, 0.02, -0.04, -0.0
3679.0, 3787.0, 3936.0, 3487.0, 3518.0, 9.09, 4.18, -0.63, 0.05, -0.05, 0.0
3677.0, 3792.0, 3929.0, 3485.0, 3519.0, 9.12, 4.18, -0.59, 0.02, -0.01, 0.01
3679.0, 3791.0, 3927.0, 3486.0, 3523.0, 9.28, 4.15, -0.6, 0.02, -0.02, 0.0
3666.0, 3839.0, 3934.0, 3485.0, 3520.0, 9.23, 4.03, -0.66, 0.02, -0.05, 0.0
3679.0, 3791.0, 3933.0, 3483.0, 3520.0, 9.09, 4.11, -0.6, -0.01, -0.03, -0.01
3677.0, 3785.0, 3927.0, 3493.0, 3520.0, 9.2, 4.25, -0.8, 0.03, -0.03, -0.02
3677.0, 3785.0, 3926.0, 3479.0, 3519.0, 9.13, 4.12, -0.52, 0.02, -0.04, 0.01
3680.0, 3780.0, 3934.0, 3491.0, 3520.0, 9.17, 4.09, -0.62, -0.01, -0.03, -0.01
3675.0, 3789.0, 3929.0, 3486.0, 3534.0, 9.2, 4.11, -0.52, -0.03, -0.05, 0.0
3682.0, 3780.0, 3931.0, 3491.0, 3518.0, 9.14, 3.94, -0.52, -0.04, -0.08, -0.03
3677.0, 3778.0, 3934.0, 3485.0, 3521.0, 9.14, 3.93, -0.4, -0.07, -0.1, -0.06
3678.0, 3791.0, 3930.0, 3489.0, 3520.0, 9.19, 3.88, -1.03, -0.05, -0.13, -0.12
3677.0, 3779.0, 3929.0, 3488.0, 3522.0, 9.12, 4.34, -1.03, -0.09, -0.04, -0.14
3678.0, 3776.0, 3933.0, 3487.0, 3518.0, 8.68, 4.96, -0.67, -0.11, 0.07, -0.07
3680.0, 3779.0, 3927.0, 3491.0, 3520.0, 8.92, 4.8, -0.24, -0.04, 0.03, 0.02
3681.0, 3776.0, 3926.0, 3488.0, 3515.0, 9.19, 4.5, -0.31, -0.0, -0.04, 0.06
3677.0, 3777.0, 3929.0, 3486.0, 3506.0, 9.11, 4.22, -0.34, 0.01, -0.04, 0.04
3674.0, 3776.0, 3933.0, 3486.0, 3518.0, 9.25, 4.0, -0.46, 0.01, -0.07, 0.02
3675.0, 3777.0, 3935.0, 3482.0, 3518.0, 9.12, 4.0, -0.58, 0.0, -0.04, -0.01
3671.0, 3777.0, 3936.0, 3486.0, 3517.0, 9.05, 4.2, -0.56, -0.01, -0.0, -0.04
3665.0, 3773.0, 3957.0, 3498.0, 3509.0, 9.07, 4.36, -0.43, 0.02, -0.05, -0.05
3674.0, 3775.0, 3926.0, 3483.0, 3517.0, 9.1, 4.47, -0.43, -0.0, -0.07, -0.04
3673.0, 3774.0, 3924.0, 3488.0, 3516.0, 9.07, 4.43, -0.62, -0.0, -0.06, -0.04
3675.0, 3777.0, 3950.0, 3485.0, 3516.0, 8.97, 4.33, -0.69, 0.01, -0.07, -0.01
3675.0, 3775.0, 3926.0, 3488.0, 3518.0, 9.03, 4.41, -0.51, -0.02, -0.02, -0.0
3674.0, 3776.0, 3926.0, 3485.0, 3518.0, 9.06, 4.3, -0.53, -0.01, -0.02, -0.02
3671.0, 3777.0, 3921.0, 3486.0, 3507.0, 9.04, 4.35, -0.45, -0.06, -0.03, -0.0
3670.0, 3778.0, 3923.0, 3479.0, 3519.0, 9.0, 4.44, -0.51, -0.06, -0.04, 0.01
3679.0, 3777.0, 3926.0, 3488.0, 3518.0, 9.14, 4.34, -0.34, -0.0, -0.02, -0.03
3673.0, 3781.0, 3934.0, 3479.0, 3519.0, 9.0, 4.23, -0.48, -0.05, -0.04, 0.01
3673.0, 3775.0, 3926.0, 3490.0, 3517.0, 9.08, 4.41, -0.27, -0.01, -0.05, -0.02
3673.0, 3749.0, 3918.0, 3485.0, 3519.0, 9.08, 4.3, -0.39, 0.02, -0.06, 0.03
3673.0, 3776.0, 3931.0, 3483.0, 3515.0, 9.08, 4.36, -0.49, 0.05, -0.05, -0.0
3679.0, 3769.0, 3929.0, 3484.0, 3515.0, 9.13, 4.17, -0.51, 0.03, -0.05, 0.02
3671.0, 3774.0, 3927.0, 3481.0, 3532.0, 9.13, 4.05, -0.31, 0.04, -0.05, -0.02
3679.0, 3770.0, 3929.0, 3486.0, 3520.0, 9.01, 4.36, -0.43, -0.04, -0.06, 0.01
3674.0, 3773.0, 3922.0, 3487.0, 3523.0, 8.99, 4.5, -0.62, 0.01, -0.05, 0.03
3677.0, 3766.0, 3930.0, 3503.0, 3517.0, 9.1, 4.08, -0.59, -0.0, -0.06, 0.02
3675.0, 3761.0, 3923.0, 3507.0, 3514.0, 9.08, 4.2, -0.52, -0.0, -0.06, 0.05
3671.0, 3758.0, 3927.0, 3499.0, 3517.0, 9.26, 4.19, -0.35, 0.05, -0.03, -0.02
3671.0, 3751.0, 3900.0, 3491.0, 3517.0, 9.22, 4.11, -0.52, 0.02, -0.1, 0.02
3675.0, 3744.0, 3946.0, 3490.0, 3515.0, 9.05, 4.18, -0.51, -0.05, -0.06, 0.05
3675.0, 3739.0, 3932.0, 3490.0, 3517.0, 9.15, 4.03, -0.6, -0.01, -0.04, -0.03
3671.0, 3730.0, 3922.0, 3489.0, 3520.0, 9.17, 4.25, -0.52, 0.01, -0.06, 0.01
3674.0, 3728.0, 3927.0, 3495.0, 3518.0, 9.2, 4.19, -0.54, -0.01, -0.08, 0.01
3673.0, 3726.0, 3925.0, 3504.0, 3535.0, 9.12, 4.19, -0.62, -0.0, -0.05, 0.04
3670.0, 3718.0, 3926.0, 3497.0, 3517.0, 9.26, 4.0, -0.65, -0.05, -0.08, 0.02
3678.0, 3712.0, 3920.0, 3487.0, 3520.0, 9.12, 4.35, -0.7, -0.05, -0.06, 0.05
3674.0, 3711.0, 3923.0, 3478.0, 3518.0, 9.11, 4.04, -0.65, -0.03, -0.04, -0.02
