3801.0, 3782.0, 3911.0, 3487.0, 3558.0, 9.85, 1.9, -0.45, -0.01, -0.05, 0.07
3790.0, 3727.0, 3910.0, 3481.0, 3559.0, 9.9, 1.6, -0.37, -0.01, -0.03, -0.03
3799.0, 3781.0, 3910.0, 3484.0, 3559.0, 9.76, 1.91, -0.7, 0.03, 0.01, -0.08
3747.0, 3774.0, 3910.0, 3485.0, 3558.0, 9.99, 2.21, -0.76, 0.05, 0.08, -0.13
3723.0, 3775.0, 3911.0, 3486.0, 3559.0, 9.75, 2.4, -0.0, -0.03, 0.06, -0.03
3728.0, 3775.0, 3915.0, 3491.0, 3556.0, 9.91, 2.41, 0.09, 0.03, -0.01, 0.04
3718.0, 3779.0, 3974.0, 3514.0, 3601.0, 9.87, 2.26, -0.05, 0.03, -0.04, 0.04
3724.0, 3781.0, 4032.0, 3547.0, 3557.0, 9.92, 1.87, -0.16, -0.02, -0.06, 0.06
3724.0, 3770.0, 4033.0, 3547.0, 3557.0, 9.88, 1.91, -0.64, 0.03, -0.03, -0.02
3707.0, 3774.0, 4032.0, 3537.0, 3557.0, 9.86, 2.07, -0.41, -0.01, 0.02, -0.05
3705.0, 3771.0, 4023.0, 3536.0, 3554.0, 9.8, 2.19, -0.15, -0.03, 0.06, -0.03
3712.0, 3778.0, 4022.0, 3535.0, 3551.0, 9.87, 2.17, 0.12, 0.02, -0.02, -0.02
3787.0, 3767.0, 4026.0, 3536.0, 3552.0, 9.78, 2.2, -0.13, 0.04, -0.08, -0.03
3707.0, 3771.0, 4030.0, 3534.0, 3552.0, 9.76, 2.12, -0.25, 0.06, -0.07, -0.03
3710.0, 3773.0, 4016.0, 3534.0, 3553.0, 9.89, 2.09, -0.13, 0.04, -0.04, 0.02
3703.0, 3773.0, 4011.0, 3522.0, 3552.0, 9.93, 2.01, 0.01, -0.0, -0.0, -0.01
3714.0, 3775.0, 4003.0, 3527.0, 3551.0, 9.86, 2.28, 0.03, 0.01, -0.05, -0.01
3761.0, 3766.0, 3934.0, 3490.0, 3549.0, 9.71, 2.21, -0.1, 0.01, -0.04, -0.02
3792.0, 3773.0, 3915.0, 3487.0, 3555.0, 9.84, 2.19, -0.22, -0.02, -0.03, 0.01
3790.0, 3771.0, 3894.0, 3488.0, 3553.0, 9.79, 2.06, -0.12, -0.01, -0.06, 0.01
3713.0, 3770.0, 3920.0, 3483.0, 3549.0, 9.86, 2.22, -0.33, 0.02, -0.01, 0.01
3709.0, 3773.0, 3918.0, 3489.0, 3565.0, 10.08, 1.76, -0.17, 0.01, -0.05, 0.01
3712.0, 3771.0, 3920.0, 3491.0, 3552.0, 9.9, 1.7, -0.26, 0.02, -0.11, 0.01
3730.0, 3770.0, 3949.0, 3500.0, 3552.0, 9.75, 2.4, -0.48, 0.08, -0.01, -0.1
3728.0, 3771.0, 3942.0, 3503.0, 3552.0, 9.61, 2.47, 0.03, 0.03, 0.0, -0.04
3725.0, 3775.0, 3952.0, 3504.0, 3551.0, 9.78, 2.08, 0.13, 0.01, -0.03, 0.05
3810.0, 3770.0, 3920.0, 3499.0, 3547.0, 10.06, 1.81, 0.04, -0.03, -0.06, 0.02
3723.0, 3775.0, 3933.0, 3504.0, 3547.0, 9.83, 1.98, -0.25, -0.03, -0.03, -0.04
3734.0, 3765.0, 3933.0, 3494.0, 3554.0, 10.14, 2.16, -0.74, 0.03, 0.03, -0.07
3745.0, 3763.0, 3913.0, 3485.0, 3546.0, 9.55, 2.37, 0.0, -0.04, -0.01, 0.05
3872.0, 3765.0, 3908.0, 3486.0, 3543.0, 9.87, 2.14, 0.11, 0.0, -0.02, 0.07
3728.0, 3766.0, 3906.0, 3486.0, 3548.0, 9.64, 1.92, 0.03, 0.03, -0.04, 0.03
3713.0, 3765.0, 3907.0, 3477.0, 3552.0, 9.74, 1.86, -0.12, 0.02, -0.06, -0.02
3702.0, 3765.0, 3909.0, 3483.0, 3549.0, 9.87, 1.87, -0.14, 0.0, -0.01, -0.05
3706.0, 3763.0, 3910.0, 3483.0, 3543.0, 9.87, 2.14, -0.02, 0.01, 0.01, -0.05
3706.0, 3753.0, 3914.0, 3481.0, 3547.0, 9.92, 2.22, 0.07, -0.02, -0.0, -0.04
3699.0, 3763.0, 3901.0, 3485.0, 3549.0, 9.88, 2.33, 0.13, -0.02, -0.04, -0.05
3701.0, 3761.0, 3904.0, 3482.0, 3540.0, 9.6, 2.15, 0.24, -0.04, -0.08, 0.06
3699.0, 3765.0, 3901.0, 3481.0, 3547.0, 9.84, 1.36, -0.03, -0.07, -0.1, 0.02
3735.0, 3765.0, 3920.0, 3484.0, 3542.0, 9.94, 1.94, -0.55, 0.0, -0.08, -0.24
3707.0, 3766.0, 3906.0, 3484.0, 3542.0, 9.73, 2.85, -0.13, -0.0, 0.03, -0.18
3703.0, 3764.0, 3925.0, 3488.0, 3545.0, 9.84, 2.61, 0.21, -0.0, 0.04, 0.02
3707.0, 3767.0, 3906.0, 3488.0, 3543.0, 9.96, 2.18, 0.14, 0.04, -0.05, 0.05
3707.0, 3760.0, 3906.0, 3483.0, 3547.0, 9.77, 2.14, 0.19, 0.08, -0.1, -0.05
3719.0, 3762.0, 3905.0, 3485.0, 3543.0, 9.61, 2.26, -0.09, 0.02, -0.07, -0.03
3703.0, 3760.0, 3908.0, 3477.0, 3538.0, 9.91, 2.33, -0.1, -0.04, -0.02, -0.03
3712.0, 3761.0, 3945.0, 3488.0, 3517.0, 9.84, 2.4, 0.16, -0.01, -0.02, -0.06
3729.0, 3760.0, 3905.0, 3479.0, 3538.0, 9.97, 2.46, 0.1, -0.04, -0.05, -0.0
3701.0, 3760.0, 3915.0, 3478.0, 3540.0, 9.87, 2.44, -0.13, -0.03, -0.06, 0.04
3698.0, 3759.0, 3904.0, 3489.0, 3541.0, 9.71, 2.55, -0.23, -0.01, -0.05, 0.03
