3749.0, 3856.0, 3947.0, 3957.0, 3568.0, 8.89, 4.35, -0.28, 0.04, -0.05, 0.02
3754.0, 3854.0, 3928.0, 3955.0, 3566.0, 9.11, 4.27, -0.49, 0.03, -0.02, 0.02
3745.0, 3849.0, 3946.0, 3954.0, 3568.0, 9.13, 4.24, -0.39, 0.02, -0.03, 0.02
3750.0, 3843.0, 3945.0, 3954.0, 3566.0, 9.11, 4.15, -0.43, 0.01, -0.03, 0.02
3745.0, 3840.0, 3942.0, 3953.0, 3567.0, 9.26, 4.21, -0.52, 0.02, -0.05, 0.01
3744.0, 3835.0, 3957.0, 3955.0, 3568.0, 9.14, 4.15, -0.62, 0.04, -0.06, 0.01
3746.0, 3835.0, 3943.0, 3959.0, 3569.0, 9.19, 4.17, -0.75, 0.01, 0.0, -0.01
3742.0, 3831.0, 3939.0, 3952.0, 3567.0, 9.21, 4.25, -0.51, 0.02, -0.02, -0.02
3744.0, 3827.0, 3942.0, 3952.0, 3562.0, 9.08, 4.29, -0.41, 0.02, -0.01, -0.03
3740.0, 3833.0, 3936.0, 3957.0, 3568.0, 9.16, 4.39, -0.37, 0.03, -0.0, -0.02
3733.0, 3830.0, 3939.0, 3952.0, 3564.0, 9.17, 4.24, -0.45, 0.03, -0.0, -0.01
3743.0, 3827.0, 3937.0, 3955.0, 3558.0, 9.17, 4.35, -0.29, 0.02, 0.02, -0.02
3744.0, 3835.0, 3937.0, 3952.0, 3561.0, 9.19, 4.17, -0.38, 0.03, -0.01, -0.01
3740.0, 3833.0, 3935.0, 3953.0, 3563.0, 9.1, 4.31, -0.27, 0.03, -0.02, -0.0
3739.0, 3824.0, 3935.0, 3951.0, 3565.0, 9.04, 4.2, -0.37, 0.02, -0.02, -0.02
3746.0, 3825.0, 3935.0, 3947.0, 3563.0, 9.13, 4.3, -0.32, 0.03, -0.06, 0.03
3747.0, 3822.0, 3937.0, 3934.0, 3564.0, 9.07, 4.14, -0.4, 0.03, -0.05, 0.01
3734.0, 3827.0, 3935.0, 3943.0, 3563.0, 9.17, 4.14, -0.44, -0.0, -0.03, -0.01
3737.0, 3824.0, 3934.0, 3952.0, 3559.0, 9.02, 4.25, -0.42, 0.03, -0.03, -0.01
3741.0, 3824.0, 3935.0, 3947.0, 3561.0, 9.1, 4.24, -0.33, -0.01, -0.0, -0.01
3735.0, 3824.0, 3936.0, 3946.0, 3557.0, 9.16, 4.34, -0.42, 0.02, -0.04, 0.0
3734.0, 3824.0, 3941.0, 3941.0, 3559.0, 9.11, 4.17, -0.43, 0.03, -0.03, 0.02
3760.0, 3823.0, 3935.0, 3950.0, 3559.0, 9.17, 4.09, -0.37, 0.0, -0.02, -0.01
3738.0, 3820.0, 3933.0, 3946.0, 3557.0, 9.17, 4.2, -0.39, 0.02, -0.04, -0.0
3728.0, 3833.0, 3940.0, 3939.0, 3555.0, 9.13, 4.23, -0.33, 0.02, -0.03, -0.0
3731.0, 3821.0, 3935.0, 3943.0, 3557.0, 9.15, 4.2, -0.37, 0.01, -0.02, -0.01
3745.0, 3823.0, 3933.0, 3952.0, 3557.0, 9.11, 4.23, -0.25, 0.03, -0.03, 0.0
3728.0, 3819.0, 3974.0, 3941.0, 3553.0, 9.17, 4.19, -0.34, 0.01, -0.02, -0.0
3748.0, 3817.0, 3933.0, 3947.0, 3536.0, 9.21, 4.19, -0.4, 0.03, -0.05, 0.01
3729.0, 3815.0, 3937.0, 3943.0, 3557.0, 9.18, 4.08, -0.33, 0.02, -0.05, 0.02
3728.0, 3824.0, 3929.0, 3945.0, 3557.0, 9.16, 4.14, -0.53, 0.0, -0.04, -0.0
3728.0, 3815.0, 3932.0, 3942.0, 3557.0, 9.18, 4.13, -0.38, 0.03, -0.05, 0.01
3728.0, 3818.0, 3933.0, 3943.0, 3552.0, 9.17, 4.15, -0.44, 0.0, -0.02, -0.01
3728.0, 3815.0, 3935.0, 3942.0, 3554.0, 9.2, 4.11, -0.4, 0.02, -0.02, 0.01
3730.0, 3812.0, 3942.0, 3939.0, 3555.0, 9.21, 4.14, -0.35, 0.01, -0.02, -0.01
3725.0, 3817.0, 3935.0, 3939.0, 3557.0, 9.22, 4.13, -0.39, 0.02, -0.04, 0.0
3729.0, 3811.0, 3931.0, 3939.0, 3554.0, 9.17, 4.16, -0.31, 0.02, -0.03, -0.0
3728.0, 3808.0, 3930.0, 3946.0, 3555.0, 9.17, 4.19, -0.38, 0.02, -0.02, -0.01
3728.0, 3814.0, 3931.0, 3939.0, 3553.0, 9.12, 4.11, -0.33, 0.01, -0.02, 0.0
3726.0, 3809.0, 3931.0, 3937.0, 3553.0, 9.13, 4.19, -0.35, 0.0, -0.01, -0.0
3727.0, 3814.0, 3934.0, 3937.0, 3551.0, 9.25, 4.05, -0.31, 0.03, -0.04, -0.01
3731.0, 3811.0, 3937.0, 3941.0, 3557.0, 9.17, 4.09, -0.37, 0.01, -0.03, 0.0
3725.0, 3818.0, 3930.0, 3930.0, 3555.0, 9.26, 4.13, -0.26, 0.02, -0.02, -0.01
3725.0, 3808.0, 3929.0, 3987.0, 3551.0, 9.21, 4.12, -0.23, 0.02, -0.04, 0.0
3728.0, 3799.0, 3926.0, 3937.0, 3553.0, 9.24, 4.06, -0.4, 0.02, -0.02, -0.02
3728.0, 3811.0, 3929.0, 3942.0, 3553.0, 9.22, 4.07, -0.4, 0.02, -0.02, -0.0
3728.0, 3810.0, 3934.0, 3936.0, 3550.0, 9.25, 4.06, -0.22, 0.03, -0.02, -0.01
3728.0, 3834.0, 3929.0, 3939.0, 3550.0, 9.23, 4.1, -0.23, 0.02, -0.05, -0.01
3727.0, 3812.0, 3920.0, 3955.0, 3600.0, 9.28, 4.02, -0.33, 0.0, -0.04, -0.01
3727.0, 3810.0, 3930.0, 3939.0, 3551.0, 9.27, 4.16, -0.27, 0.02, -0.07, -0.01
3723.0, 3814.0, 3927.0, 3939.0, 3545.0, 9.14, 4.09, -0.4, 0.0, -0.04, -0.01
