3370.0, 3672.0, 3824.0, 3545.0, 3229.0, 6.8, 7.41, 0.54, 0.12, -0.28, 0.04
3378.0, 3696.0, 3824.0, 3549.0, 3221.0, 6.87, 7.26, 0.21, 0.1, -0.09, 0.01
3376.0, 3696.0, 3824.0, 3546.0, 3221.0, 6.93, 7.25, 0.34, -0.06, -0.1, -0.03
3379.0, 3671.0, 3776.0, 3545.0, 3241.0, 6.82, 7.27, 0.23, -0.04, 0.01, -0.03
3378.0, 3674.0, 3738.0, 3542.0, 3222.0, 6.86, 7.3, 0.46, 0.03, -0.03, -0.0
3378.0, 3648.0, 3823.0, 3543.0, 3221.0, 6.92, 7.2, 0.48, -0.02, 0.01, -0.01
3376.0, 3639.0, 3823.0, 3543.0, 3222.0, 6.83, 7.33, 0.53, 0.03, -0.06, 0.02
3376.0, 3625.0, 3824.0, 3542.0, 3217.0, 6.89, 7.24, 0.49, 0.02, -0.01, 0.03
3389.0, 3627.0, 3824.0, 3553.0, 3237.0, 6.95, 7.05, 0.29, 0.02, -0.03, 0.01
3376.0, 3623.0, 3823.0, 3546.0, 3216.0, 6.96, 7.1, 0.31, 0.01, -0.02, -0.01
3376.0, 3616.0, 3824.0, 3545.0, 3220.0, 6.94, 7.13, 0.31, 0.03, -0.01, -0.02
3397.0, 3614.0, 3825.0, 3542.0, 3222.0, 6.92, 7.19, 0.49, -0.0, 0.0, -0.03
3377.0, 3608.0, 3813.0, 3552.0, 3232.0, 6.85, 7.32, 0.55, -0.02, 0.0, -0.02
3376.0, 3606.0, 3823.0, 3541.0, 3231.0, 6.88, 7.24, 0.62, 0.01, -0.02, 0.01
3381.0, 3600.0, 3817.0, 3543.0, 3221.0, 6.93, 7.07, 0.64, 0.0, -0.02, 0.0
3369.0, 3596.0, 3821.0, 3536.0, 3203.0, 6.93, 7.29, 0.51, -0.01, -0.07, -0.0
3376.0, 3602.0, 3819.0, 3541.0, 3221.0, 6.92, 7.13, 0.57, -0.02, -0.02, -0.01
3377.0, 3601.0, 3824.0, 3543.0, 3221.0, 6.98, 6.93, 0.52, 0.0, -0.07, -0.02
3364.0, 3578.0, 3813.0, 3542.0, 3221.0, 6.97, 7.25, 0.29, -0.0, -0.05, -0.04
3378.0, 3600.0, 3824.0, 3541.0, 3220.0, 6.88, 7.46, 0.26, 0.01, 0.08, 0.0
3376.0, 3583.0, 3824.0, 3541.0, 3220.0, 6.85, 7.24, 0.55, -0.02, 0.09, 0.01
3376.0, 3581.0, 3823.0, 3542.0, 3221.0, 6.95, 7.0, 0.86, -0.02, 0.03, 0.0
3376.0, 3583.0, 3823.0, 3543.0, 3219.0, 6.86, 7.06, 0.93, -0.02, 0.03, -0.03
3376.0, 3583.0, 3824.0, 3547.0, 3219.0, 6.98, 7.04, 0.68, 0.07, -0.0, -0.03
3387.0, 3583.0, 3831.0, 3552.0, 3237.0, 6.8, 7.29, 0.76, -0.05, -0.04, -0.06
3373.0, 3574.0, 3821.0, 3538.0, 3218.0, 6.8, 7.38, 0.72, 0.05, 0.01, -0.01
3376.0, 3577.0, 3824.0, 3542.0, 3218.0, 6.86, 7.25, 0.84, -0.01, -0.02, 0.01
3376.0, 3568.0, 3824.0, 3544.0, 3219.0, 6.83, 7.16, 0.65, 0.02, -0.02, 0.02
3375.0, 3571.0, 3823.0, 3538.0, 3218.0, 6.95, 7.13, 0.77, 0.02, -0.04, 0.02
3379.0, 3566.0, 3825.0, 3542.0, 3219.0, 6.94, 7.18, 0.99, -0.08, -0.01, 0.01
3376.0, 3567.0, 3823.0, 3539.0, 3218.0, 6.83, 7.1, 1.05, 0.01, -0.1, 0.01
3377.0, 3565.0, 3818.0, 3539.0, 3218.0, 6.94, 7.13, 0.61, -0.01, -0.09, -0.0
3376.0, 3567.0, 3819.0, 3541.0, 3221.0, 7.0, 7.12, 0.52, 0.02, -0.08, 0.01
3376.0, 3562.0, 3823.0, 3539.0, 3217.0, 6.95, 7.02, 0.88, -0.07, -0.08, -0.02
3390.0, 3562.0, 3821.0, 3545.0, 3219.0, 6.85, 7.09, 0.89, 0.0, -0.23, 0.03
3385.0, 3559.0, 3824.0, 3536.0, 3220.0, 6.88, 7.46, 0.37, 0.02, -0.05, -0.01
3387.0, 3558.0, 3819.0, 3540.0, 3218.0, 6.86, 7.46, 0.5, 0.03, -0.08, 0.05
3384.0, 3561.0, 3822.0, 3539.0, 3220.0, 6.96, 7.3, 0.43, 0.01, 0.01, 0.07
3389.0, 3557.0, 3815.0, 3537.0, 3219.0, 7.01, 7.09, 0.79, 0.03, 0.01, 0.11
3383.0, 3557.0, 3814.0, 3540.0, 3218.0, 7.06, 7.02, 0.76, 0.04, 0.01, 0.09
3385.0, 3555.0, 3813.0, 3536.0, 3219.0, 7.14, 6.85, 0.77, 0.04, -0.02, 0.09
3362.0, 3555.0, 3809.0, 3541.0, 3217.0, 7.18, 6.89, 0.75, 0.02, -0.08, 0.04
3381.0, 3555.0, 3815.0, 3538.0, 3226.0, 7.11, 7.13, 0.49, 0.08, -0.08, 0.07
3382.0, 3551.0, 3824.0, 3539.0, 3217.0, 7.06, 7.15, 0.61, 0.23, -0.07, 0.15
3382.0, 3552.0, 3850.0, 3537.0, 3216.0, 7.06, 7.66, 0.46, 0.09, -0.06, 0.27
3382.0, 3549.0, 3821.0, 3540.0, 3217.0, 7.53, 6.08, 1.01, 0.19, -0.05, 0.38
3376.0, 3545.0, 3811.0, 3536.0, 3214.0, 7.71, 5.88, 0.42, 0.21, -0.17, 0.12
3382.0, 3548.0, 3818.0, 3522.0, 3205.0, 7.94, 6.17, -0.46, 0.33, -0.01, 0.07
3398.0, 3545.0, 3823.0, 3539.0, 3217.0, 7.95, 5.96, 0.17, 0.22, 0.05, 0.03
