2559.0, 2499.0, 2633.0, 2430.0, 2671.0, 0.91, 8.37, 4.91, 0.01, -0.04, -0.01
2559.0, 2501.0, 2635.0, 2426.0, 2669.0, 0.87, 8.33, 5.03, 0.01, -0.03, -0.01
2559.0, 2496.0, 2640.0, 2429.0, 2671.0, 0.91, 8.33, 5.01, 0.01, -0.04, -0.01
2559.0, 2499.0, 2633.0, 2430.0, 2670.0, 0.87, 8.35, 5.07, 0.0, -0.04, -0.02
2559.0, 2501.0, 2636.0, 2430.0, 2670.0, 0.85, 8.31, 4.99, 0.01, -0.04, -0.02
2559.0, 2501.0, 2636.0, 2431.0, 2672.0, 0.86, 8.37, 5.01, 0.02, -0.04, -0.02
2559.0, 2501.0, 2635.0, 2432.0, 2671.0, 0.83, 8.38, 4.98, 0.01, -0.04, -0.01
2559.0, 2500.0, 2635.0, 2431.0, 2671.0, 0.85, 8.3, 4.96, 0.01, -0.04, -0.01
2559.0, 2496.0, 2634.0, 2427.0, 2671.0, 0.83, 8.34, 4.99, 0.01, -0.03, -0.0
2559.0, 2495.0, 2627.0, 2421.0, 2666.0, 0.89, 8.42, 5.11, 0.01, -0.04, -0.01
2559.0, 2503.0, 2625.0, 2422.0, 2670.0, 0.86, 8.3, 4.93, 0.01, -0.04, -0.01
2559.0, 2496.0, 2630.0, 2422.0, 2663.0, 0.88, 8.31, 5.19, 0.01, -0.04, -0.01
2559.0, 2497.0, 2631.0, 2430.0, 2669.0, 0.86, 8.47, 4.98, -0.11, -0.08, 0.02
2559.0, 2507.0, 2637.0, 2433.0, 2670.0, 0.63, 8.13, 5.76, -0.17, -0.25, 0.31
2559.0, 2523.0, 2645.0, 2433.0, 2667.0, 1.34, 9.49, 6.47, 0.58, -0.6, 0.42
2559.0, 2538.0, 2665.0, 2459.0, 2656.0, 3.12, 12.46, 6.86, -0.08, -1.15, 1.38
2559.0, 2544.0, 2681.0, 2481.0, 2686.0, 4.78, 10.77, 5.85, 0.14, -1.39, 1.77
2559.0, 2531.0, 2688.0, 2496.0, 2689.0, 4.89, 8.87, 4.34, -0.02, -1.47, 2.05
2593.0, 2529.0, 2704.0, 2516.0, 2691.0, 5.24, 7.18, 2.95, -0.22, -1.37, 2.09
2591.0, 2669.0, 2799.0, 2613.0, 2742.0, 5.58, 5.61, 2.74, -0.33, -1.84, 2.41
2602.0, 2839.0, 2859.0, 2673.0, 2768.0, 7.01, 4.6, 2.85, -0.21, -1.66, 1.9
2601.0, 2962.0, 2992.0, 2819.0, 2852.0, 6.99, 3.56, 1.34, -0.31, -1.64, 1.43
2557.0, 3120.0, 3083.0, 2926.0, 2909.0, 6.73, 2.66, 1.51, -0.59, -2.14, 1.32
2538.0, 3216.0, 3208.0, 3038.0, 2989.0, 8.29, 1.37, 0.5, -0.49, -1.22, 1.06
2507.0, 3303.0, 3306.0, 3130.0, 3059.0, 7.35, 1.11, -0.23, -0.11, -1.17, 0.66
2499.0, 3349.0, 3366.0, 3198.0, 3136.0, 8.74, 1.19, 0.21, 0.13, -0.38, 0.29
2555.0, 3347.0, 3392.0, 3232.0, 3206.0, 9.8, 1.87, 0.11, 0.37, 0.1, 0.13
2817.0, 3326.0, 3395.0, 3242.0, 3248.0, 8.91, 0.52, -0.49, 1.17, 0.25, -0.05
2995.0, 3313.0, 3403.0, 3251.0, 3275.0, 7.66, 4.78, -0.92, 0.62, 0.02, -0.56
3068.0, 3294.0, 3393.0, 3246.0, 3277.0, 9.93, 2.29, -0.72, 0.89, 0.19, -0.1
3103.0, 3291.0, 3382.0, 3228.0, 3275.0, 9.55, 2.51, -0.37, 0.1, -0.05, -0.15
3070.0, 3290.0, 3376.0, 3227.0, 3283.0, 10.55, 2.15, -0.09, -0.14, 0.03, -0.25
3043.0, 3298.0, 3374.0, 3238.0, 3312.0, 9.63, 3.46, -0.43, 0.16, -0.14, 0.04
3050.0, 3299.0, 3372.0, 3241.0, 3326.0, 9.92, 2.41, -0.43, 0.09, -0.15, 0.13
3025.0, 3303.0, 3367.0, 3243.0, 3323.0, 9.52, 2.79, -0.52, 0.03, -0.3, 0.19
3008.0, 3303.0, 3367.0, 3242.0, 3342.0, 9.13, 2.74, -0.76, 0.07, -0.29, 0.07
3002.0, 3311.0, 3372.0, 3250.0, 3323.0, 9.55, 2.37, -1.25, 0.04, -0.26, 0.04
2982.0, 3305.0, 3374.0, 3251.0, 3313.0, 9.5, 2.42, -1.58, 0.13, -0.14, -0.01
2986.0, 3309.0, 3369.0, 3250.0, 3312.0, 9.05, 2.0, -1.04, -0.02, 0.05, -0.07
2979.0, 3310.0, 3373.0, 3250.0, 3314.0, 7.0, 5.45, 0.39, 0.29, -0.12, -0.15
2978.0, 3308.0, 3376.0, 3248.0, 3312.0, 9.38, 3.11, -1.65, 0.34, 0.05, 0.14
2974.0, 3306.0, 3380.0, 3247.0, 3311.0, 9.89, 2.57, -0.7, 0.08, 0.14, 0.08
2964.0, 3308.0, 3376.0, 3244.0, 3307.0, 9.68, 2.61, -0.76, 0.23, 0.02, -0.06
2963.0, 3303.0, 3374.0, 3235.0, 3290.0, 9.62, 2.47, -0.87, 0.02, 0.01, 0.1
2961.0, 3298.0, 3375.0, 3241.0, 3315.0, 9.77, 2.56, -1.19, 0.01, 0.03, 0.03
2960.0, 3290.0, 3369.0, 3235.0, 3312.0, 9.78, 2.36, -1.19, 0.07, -0.0, -0.03
2958.0, 3296.0, 3369.0, 3238.0, 3309.0, 9.62, 2.46, -1.21, 0.07, 0.1, 0.04
2958.0, 3295.0, 3364.0, 3238.0, 3307.0, 9.73, 2.0, -1.19, 0.04, 0.17, -0.0
2967.0, 3290.0, 3362.0, 3234.0, 3303.0, 9.99, 2.09, -0.7, 0.02, 0.18, -0.02
2966.0, 3284.0, 3360.0, 3237.0, 3301.0, 9.83, 2.29, -0.49, -0.03, 0.21, 0.02
2955.0, 3286.0, 3358.0, 3233.0, 3300.0, 9.85, 2.33, -0.14, 0.08, 0.13, -0.01
2949.0, 3282.0, 3358.0, 3234.0, 3276.0, 9.89, 2.16, -0.11, -0.01, 0.04, 0.11
