2720.0, 2699.0, 3366.0, 3178.0, 2875.0, 7.96, 1.25, 7.65, 0.02, -0.53, -0.01
2733.0, 2707.0, 3375.0, 3187.0, 2890.0, 7.97, 1.46, 7.39, 0.0, -0.8, 0.03
2736.0, 2713.0, 3376.0, 3194.0, 2892.0, 8.44, 1.71, 6.85, -0.04, -0.99, 0.0
2735.0, 2711.0, 3371.0, 3184.0, 2893.0, 8.27, 1.58, 6.09, -0.03, -1.18, 0.11
2736.0, 2710.0, 3369.0, 3186.0, 2893.0, 8.6, 1.54, 5.15, -0.06, -1.25, -0.02
2736.0, 2707.0, 3358.0, 3191.0, 2894.0, 8.8, 1.41, 3.89, -0.07, -1.09, -0.17
2739.0, 2702.0, 3344.0, 3195.0, 2896.0, 8.59, 1.3, 3.36, -0.28, -0.88, -0.31
2752.0, 2695.0, 3322.0, 3186.0, 2903.0, 8.7, 1.3, 2.55, -0.05, -1.01, -0.16
2768.0, 2691.0, 3303.0, 3203.0, 2906.0, 8.94, 0.9, 2.16, -0.09, -0.76, -0.06
2785.0, 2684.0, 3264.0, 3222.0, 2919.0, 9.19, 0.99, 1.94, -0.25, -0.3, -0.13
2810.0, 2678.0, 3216.0, 3212.0, 2940.0, 9.01, 1.0, 2.71, -0.46, 0.08, -0.05
2832.0, 2677.0, 3185.0, 3216.0, 2962.0, 8.6, 1.08, 2.53, -0.25, 0.08, -0.01
2849.0, 2691.0, 3185.0, 3219.0, 2992.0, 8.95, 1.01, 2.25, -0.51, 0.04, 0.07
2865.0, 2704.0, 3187.0, 3227.0, 3011.0, 8.15, 1.53, 2.38, -0.51, 0.08, 0.07
2877.0, 2707.0, 3184.0, 3226.0, 3024.0, 8.79, 0.72, 2.57, -0.48, 0.41, 0.07
2882.0, 2713.0, 3184.0, 3230.0, 3040.0, 8.81, 0.43, 3.2, -0.48, 0.57, -0.01
2883.0, 2709.0, 3184.0, 3233.0, 3037.0, 8.19, 0.63, 6.3, -0.07, 0.66, -0.11
2880.0, 2709.0, 3183.0, 3227.0, 3030.0, 8.38, 0.45, 6.62, 0.11, 0.21, -0.1
2865.0, 2697.0, 3171.0, 3211.0, 3015.0, 8.78, 1.09, 4.94, 0.11, -0.22, -0.02
2862.0, 2691.0, 3170.0, 3213.0, 3008.0, 9.13, 0.81, 3.87, 0.21, -0.11, -0.04
2864.0, 2690.0, 3169.0, 3209.0, 3010.0, 9.29, 0.68, 4.04, 0.05, 0.03, 0.05
2854.0, 2687.0, 3167.0, 3203.0, 3006.0, 9.1, 0.92, 4.19, -0.03, -0.03, 0.01
2855.0, 2688.0, 3167.0, 3204.0, 3003.0, 9.03, 0.84, 4.39, -0.03, -0.06, 0.01
2855.0, 2688.0, 3169.0, 3204.0, 3002.0, 9.04, 1.37, 4.18, 0.05, -0.09, -0.01
2853.0, 2688.0, 3168.0, 3200.0, 2987.0, 8.95, 1.07, 4.18, 0.06, -0.08, -0.03
2855.0, 2686.0, 3166.0, 3199.0, 2995.0, 9.11, 1.04, 3.85, 0.1, -0.12, -0.01
2832.0, 2672.0, 3155.0, 3200.0, 2998.0, 9.11, 1.01, 3.73, 0.13, -0.18, -0.02
2852.0, 2683.0, 3169.0, 3197.0, 2998.0, 9.12, 1.02, 3.84, 0.01, -0.08, 0.06
2853.0, 2686.0, 3169.0, 3198.0, 3001.0, 9.12, 0.79, 3.97, 0.03, -0.07, 0.01
2849.0, 2685.0, 3158.0, 3200.0, 2995.0, 9.26, 0.96, 3.91, 0.04, -0.07, -0.0
2853.0, 2686.0, 3167.0, 3194.0, 2996.0, 9.09, 0.84, 3.87, 0.06, -0.1, -0.01
2847.0, 2681.0, 3167.0, 3204.0, 2997.0, 9.1, 0.99, 3.97, 0.02, -0.11, -0.01
2849.0, 2685.0, 3168.0, 3198.0, 2994.0, 9.07, 0.93, 3.79, 0.1, -0.08, -0.01
2847.0, 2685.0, 3170.0, 3190.0, 2993.0, 9.2, 0.9, 3.81, 0.09, -0.08, -0.02
2848.0, 2683.0, 3170.0, 3193.0, 2995.0, 9.01, 1.19, 3.77, 0.09, -0.02, -0.01
2845.0, 2682.0, 3167.0, 3191.0, 2993.0, 9.39, 1.04, 3.8, -0.05, -0.08, 0.07
2850.0, 2683.0, 3169.0, 3194.0, 2993.0, 9.36, 0.83, 3.81, 0.03, -0.09, -0.01
2845.0, 2682.0, 3168.0, 3197.0, 2992.0, 9.2, 1.0, 3.6, -0.05, -0.1, 0.04
2848.0, 2682.0, 3168.0, 3185.0, 2992.0, 9.14, 0.84, 3.64, 0.02, -0.05, -0.05
2842.0, 2680.0, 3171.0, 3192.0, 2992.0, 9.43, 1.03, 3.38, -0.02, -0.04, 0.02
2845.0, 2681.0, 3168.0, 3193.0, 2992.0, 9.18, 0.92, 3.86, 0.0, -0.06, -0.02
2843.0, 2683.0, 3168.0, 3195.0, 2992.0, 9.19, 1.17, 3.66, 0.05, -0.01, -0.03
2845.0, 2684.0, 3173.0, 3189.0, 2992.0, 9.26, 1.18, 3.69, 0.0, -0.1, 0.04
2839.0, 2670.0, 3178.0, 3188.0, 2999.0, 9.27, 0.97, 3.62, 0.07, -0.01, -0.04
2843.0, 2682.0, 3168.0, 3190.0, 2992.0, 9.5, 0.97, 3.61, -0.02, 0.02, -0.03
2833.0, 2681.0, 3170.0, 3190.0, 2992.0, 9.19, 1.1, 3.91, 0.05, -0.13, -0.05
2843.0, 2681.0, 3169.0, 3195.0, 2990.0, 9.22, 1.03, 3.51, 0.03, -0.0, -0.03
2832.0, 2675.0, 3169.0, 3183.0, 2990.0, 9.35, 0.96, 3.33, 0.06, -0.12, -0.03
2844.0, 2683.0, 3170.0, 3187.0, 2992.0, 9.22, 0.83, 3.53, 0.01, -0.06, -0.04
2842.0, 2686.0, 3174.0, 3195.0, 2992.0, 9.31, 1.16, 3.45, -0.02, -0.04, -0.02
2843.0, 2682.0, 3170.0, 3187.0, 2991.0, 9.28, 1.18, 3.65, -0.03, -0.08, -0.0
2839.0, 2680.0, 3170.0, 3193.0, 2989.0, 9.23, 1.16, 3.62, 0.01, 0.01, -0.01
2841.0, 2683.0, 3168.0, 3187.0, 3004.0, 9.25, 1.03, 3.48, 0.02, -0.09, 0.0
2839.0, 2681.0, 3171.0, 3203.0, 2987.0, 9.2, 0.94, 3.44, -0.03, -0.01, 0.01
2841.0, 2676.0, 3170.0, 3203.0, 2989.0, 9.26, 1.01, 3.5, -0.02, -0.06, 0.0
