2654.0, 2587.0, 3191.0, 2913.0, 2785.0, 9.59, 3.03, 0.05, 0.15, -0.16, -0.0
2655.0, 2589.0, 3195.0, 2915.0, 2783.0, 9.78, 2.76, 0.24, 0.87, 0.14, -0.27
2655.0, 2589.0, 3193.0, 2917.0, 2779.0, 9.67, 3.35, 0.16, 0.83, -0.21, -0.05
2651.0, 2592.0, 3200.0, 2925.0, 2779.0, 9.57, 4.02, -0.45, 2.04, 0.3, -0.64
2655.0, 2592.0, 3203.0, 2927.0, 2783.0, 9.94, 2.37, -0.6, 0.15, -0.87, 0.33
2671.0, 2606.0, 3209.0, 2946.0, 2810.0, 8.9, 4.27, -3.57, 2.15, 0.51, -0.89
2691.0, 2622.0, 3216.0, 2981.0, 2858.0, 7.02, 3.08, 8.5, -0.63, -0.93, 0.25
2735.0, 2643.0, 3235.0, 3044.0, 2931.0, 9.37, 5.77, -2.07, 1.9, 0.4, -0.67
2811.0, 2695.0, 3286.0, 3120.0, 3085.0, 7.46, 3.57, -3.72, 2.09, 1.44, -0.85
2850.0, 2723.0, 3308.0, 3137.0, 3167.0, 7.85, 3.08, -3.46, 0.62, 1.49, -0.72
2855.0, 2726.0, 3314.0, 3143.0, 3184.0, 8.09, 4.67, -1.46, 1.17, 1.16, -0.77
2864.0, 2735.0, 3344.0, 3165.0, 3196.0, 7.99, 4.96, 0.08, -0.24, 1.61, -0.65
2881.0, 2753.0, 3427.0, 3216.0, 3217.0, 8.12, 5.38, 0.43, -0.18, 0.75, -0.28
2866.0, 2740.0, 3482.0, 3235.0, 3201.0, 8.25, 5.92, 0.91, 0.21, 0.48, -0.24
2871.0, 2745.0, 3525.0, 3262.0, 3216.0, 8.32, 5.13, 1.19, 0.27, 0.69, -0.36
2867.0, 2741.0, 3397.0, 3191.0, 3211.0, 8.43, 5.28, 1.55, 0.29, 0.54, -0.36
2864.0, 2737.0, 3419.0, 3205.0, 3207.0, 7.85, 6.11, 2.52, -0.22, 0.1, -0.17
2862.0, 2736.0, 3418.0, 3200.0, 3201.0, 7.42, 6.82, 2.43, 0.13, 0.09, -0.17
2857.0, 2733.0, 3415.0, 3195.0, 3189.0, 8.34, 5.89, 1.63, 0.21, -0.03, -0.09
2855.0, 2735.0, 3409.0, 3195.0, 3189.0, 8.04, 5.35, 1.68, 0.01, -0.37, -0.06
2846.0, 2731.0, 3408.0, 3191.0, 3189.0, 8.2, 6.62, 1.31, -0.19, -0.05, -0.05
2851.0, 2735.0, 3408.0, 3186.0, 3186.0, 7.61, 6.24, 1.53, 0.14, -0.11, -0.08
2855.0, 2732.0, 3407.0, 3188.0, 3185.0, 8.14, 5.7, 1.49, 0.2, -0.17, -0.08
2851.0, 2731.0, 3408.0, 3185.0, 3184.0, 7.85, 5.46, 1.34, -0.19, -0.12, -0.02
2850.0, 2734.0, 3399.0, 3184.0, 3181.0, 7.61, 6.69, 1.13, 0.01, -0.05, -0.02
2849.0, 2732.0, 3396.0, 3184.0, 3178.0, 7.99, 5.82, 1.48, 0.27, -0.06, -0.1
2847.0, 2738.0, 3394.0, 3179.0, 3174.0, 7.98, 5.45, 1.34, -0.39, -0.14, 0.1
2846.0, 2727.0, 3397.0, 3178.0, 3170.0, 7.68, 6.56, 1.31, 0.06, -0.1, 0.01
2845.0, 2729.0, 3392.0, 3177.0, 3170.0, 7.98, 5.45, 1.34, 0.34, 0.03, -0.06
2847.0, 2724.0, 3399.0, 3177.0, 3169.0, 7.75, 6.21, 1.39, -0.36, -0.18, 0.13
2843.0, 2723.0, 3392.0, 3172.0, 3167.0, 7.74, 6.42, 1.33, 0.26, 0.02, -0.09
2847.0, 2726.0, 3392.0, 3184.0, 3167.0, 8.4, 5.02, 1.48, 0.08, -0.03, -0.04
2845.0, 2722.0, 3389.0, 3173.0, 3165.0, 7.57, 6.5, 1.16, -0.28, -0.18, 0.08
2845.0, 2726.0, 3389.0, 3173.0, 3165.0, 7.85, 6.37, 1.16, 0.46, 0.05, -0.1
2832.0, 2723.0, 3391.0, 3174.0, 3161.0, 8.26, 5.07, 1.43, -0.35, -0.24, 0.17
2843.0, 2723.0, 3390.0, 3175.0, 3163.0, 7.51, 7.09, 1.18, -0.02, -0.1, 0.05
2839.0, 2725.0, 3387.0, 3171.0, 3165.0, 8.35, 4.99, 0.99, 0.3, -0.08, -0.08
2843.0, 2725.0, 3391.0, 3172.0, 3170.0, 7.81, 6.28, 0.9, -0.52, -0.24, 0.16
2845.0, 2722.0, 3389.0, 3169.0, 3163.0, 7.87, 6.5, 0.75, 0.35, 0.09, -0.08
2842.0, 2719.0, 3386.0, 3173.0, 3161.0, 8.42, 4.79, 1.1, -0.27, -0.2, 0.08
2839.0, 2723.0, 3389.0, 3168.0, 3158.0, 7.67, 6.77, 1.0, -0.17, -0.03, 0.04
2839.0, 2721.0, 3391.0, 3170.0, 3159.0, 8.33, 5.29, 1.01, 0.47, 0.0, -0.14
2838.0, 2721.0, 3389.0, 3168.0, 3161.0, 7.81, 6.02, 0.98, -0.56, -0.29, 0.2
2838.0, 2718.0, 3386.0, 3168.0, 3149.0, 7.75, 6.65, 0.83, 0.26, 0.12, -0.11
2835.0, 2704.0, 3390.0, 3171.0, 3158.0, 8.6, 4.82, 0.93, 0.03, -0.1, 0.01
2838.0, 2721.0, 3383.0, 3166.0, 3154.0, 7.75, 6.52, 0.9, -0.16, -0.12, 0.06
2835.0, 2723.0, 3383.0, 3165.0, 3145.0, 8.18, 5.49, 0.72, 0.38, 0.07, -0.14
2838.0, 2724.0, 3385.0, 3163.0, 3154.0, 8.19, 5.65, 0.83, -0.48, -0.22, 0.15
2834.0, 2719.0, 3385.0, 3167.0, 3152.0, 7.58, 6.87, 0.92, 0.1, -0.03, -0.02
